0 BB Bitbeam Arduino UNO - Powers
0 Name: bb-auno-power.dat
0 Author: Tomas Feltl (e-Mole.cz)
0 !LDRAW_ORG Unofficial_Part
0 !LICENSE Redistributable under CCAL version 2.0 : see CAreadme.txt

0 BFC CERTIFY CCW

0 // Created with stl2dat conversion tool

3 16 -29.19 0 -3.99 -30.44 0 -3.99 -29.19 16.25 -3.99
2 24 -30.44 0 -3.99 -29.19 0 -3.99
2 24 -29.19 0 -3.99 -29.19 16.25 -3.99
3 16 -29.19 16.25 -3.99 -30.44 0 -3.99 -30.44 27.5 -3.99
2 24 -30.44 27.5 -3.99 -30.44 0 -3.99
3 16 -29.19 16.25 -3.99 -30.44 27.5 -3.99 -28.85 18.84 -3.99
2 24 -29.19 16.25 -3.99 -28.85 18.84 -3.99
3 16 -28.85 18.84 -3.99 -30.44 27.5 -3.99 -27.85 21.25 -3.99
2 24 -28.85 18.84 -3.99 -27.85 21.25 -3.99
3 16 -14.19 24.91 -3.99 -16.6 25.91 -3.99 -7.94 27.5 -3.99
2 24 -16.6 25.91 -3.99 -14.19 24.91 -3.99
3 16 -7.94 27.5 -3.99 -16.6 25.91 -3.99 -19.19 26.25 -3.99
2 24 -19.19 26.25 -3.99 -16.6 25.91 -3.99
3 16 -7.94 27.5 -3.99 -19.19 26.25 -3.99 -30.44 27.5 -3.99
2 24 -7.94 27.5 -3.99 -30.44 27.5 -3.99
3 16 -30.44 27.5 -3.99 -19.19 26.25 -3.99 -21.78 25.91 -3.99
2 24 -21.78 25.91 -3.99 -19.19 26.25 -3.99
3 16 -30.44 27.5 -3.99 -21.78 25.91 -3.99 -24.19 24.91 -3.99
2 24 -24.19 24.91 -3.99 -21.78 25.91 -3.99
3 16 -7.94 0 -3.99 -9.19 16.25 -3.99 -7.94 27.5 -3.99
2 24 -7.94 0 -3.99 -7.94 27.5 -3.99
3 16 -7.94 27.5 -3.99 -9.19 16.25 -3.99 -9.53 18.84 -3.99
2 24 -9.53 18.84 -3.99 -9.19 16.25 -3.99
3 16 -7.94 27.5 -3.99 -9.53 18.84 -3.99 -10.53 21.25 -3.99
2 24 -10.53 21.25 -3.99 -9.53 18.84 -3.99
3 16 -7.94 0 -3.99 -9.19 0 -3.99 -9.19 16.25 -3.99
2 24 -9.19 0 -3.99 -7.94 0 -3.99
2 24 -9.19 16.25 -3.99 -9.19 0 -3.99
3 16 -10.53 21.25 -3.99 -12.12 23.32 -3.99 -7.94 27.5 -3.99
2 24 -12.12 23.32 -3.99 -10.53 21.25 -3.99
3 16 -7.94 27.5 -3.99 -12.12 23.32 -3.99 -14.19 24.91 -3.99
2 24 -14.19 24.91 -3.99 -12.12 23.32 -3.99
3 16 -24.19 24.91 -3.99 -26.26 23.32 -3.99 -30.44 27.5 -3.99
2 24 -26.26 23.32 -3.99 -24.19 24.91 -3.99
3 16 -30.44 27.5 -3.99 -26.26 23.32 -3.99 -27.85 21.25 -3.99
2 24 -27.85 21.25 -3.99 -26.26 23.32 -3.99

3 16 -7.94 0 -3.99 -7.94 0 4.76 -9.19 0 -3.99
2 24 -7.94 0 4.76 -7.94 0 -3.99
4 16 -9.19 0 -3.99 -7.94 0 4.76 -30.44 0 4.76 -29.19 0 -3.99
2 24 -7.94 0 4.76 -30.44 0 4.76
3 16 -29.19 0 -3.99 -30.44 0 4.76 -30.44 0 -3.99
2 24 -30.44 0 -3.99 -30.44 0 4.76
4 16 -29.19 0 -29.49 -9.19 0 -29.49 -9.19 0 -3.99 -29.19 0 -3.99
2 24 -9.19 0 -29.49 -29.19 0 -29.49
2 24 -9.19 0 -3.99 -9.19 0 -29.49
2 24 -29.19 0 -29.49 -29.19 0 -3.99

3 16 -9.19 0 -29.49 -29.19 0 -29.49 -9.19 16.25 -29.49
2 24 -9.19 0 -29.49 -9.19 16.25 -29.49
4 16 -9.19 16.25 -29.49 -29.19 0 -29.49 -29.19 16.25 -29.49 -9.53 18.84 -29.49
2 24 -29.19 16.25 -29.49 -29.19 0 -29.49
2 24 -9.53 18.84 -29.49 -9.19 16.25 -29.49
4 16 -9.53 18.84 -29.49 -29.19 16.25 -29.49 -28.85 18.84 -29.49 -10.53 21.25 -29.49
2 24 -29.19 16.25 -29.49 -28.85 18.84 -29.49
2 24 -10.53 21.25 -29.49 -9.53 18.84 -29.49
4 16 -10.53 21.25 -29.49 -28.85 18.84 -29.49 -27.85 21.25 -29.49 -12.12 23.32 -29.49
2 24 -28.85 18.84 -29.49 -27.85 21.25 -29.49
2 24 -12.12 23.32 -29.49 -10.53 21.25 -29.49
4 16 -12.12 23.32 -29.49 -27.85 21.25 -29.49 -26.26 23.32 -29.49 -14.19 24.91 -29.49
2 24 -27.85 21.25 -29.49 -26.26 23.32 -29.49
2 24 -14.19 24.91 -29.49 -12.12 23.32 -29.49
4 16 -14.19 24.91 -29.49 -26.26 23.32 -29.49 -24.19 24.91 -29.49 -16.6 25.91 -29.49
2 24 -26.26 23.32 -29.49 -24.19 24.91 -29.49
2 24 -16.6 25.91 -29.49 -14.19 24.91 -29.49
4 16 -16.6 25.91 -29.49 -24.19 24.91 -29.49 -21.78 25.91 -29.49 -19.19 26.25 -29.49
2 24 -24.19 24.91 -29.49 -21.78 25.91 -29.49
2 24 -21.78 25.91 -29.49 -19.19 26.25 -29.49
2 24 -19.19 26.25 -29.49 -16.6 25.91 -29.49

4 16 -9.19 16.25 -3.99 -9.19 0 -3.99 -9.19 0 -29.49 -9.19 16.25 -29.49
5 24 -9.19 16.25 -29.49 -9.19 16.25 -3.99 -9.19 0 -3.99 -9.53 18.84 -29.49
4 16 -9.53 18.84 -3.99 -9.19 16.25 -3.99 -9.19 16.25 -29.49 -9.53 18.84 -29.49
5 24 -9.53 18.84 -3.99 -9.53 18.84 -29.49 -10.53 21.25 -29.49 -9.19 16.25 -3.99

4 16 -29.19 0 -3.99 -29.19 16.25 -3.99 -29.19 16.25 -29.49 -29.19 0 -29.49
5 24 -29.19 16.25 -3.99 -29.19 16.25 -29.49 -29.19 0 -29.49 -28.85 18.84 -3.99
4 16 -29.19 16.25 -3.99 -28.85 18.84 -3.99 -28.85 18.84 -29.49 -29.19 16.25 -29.49
5 24 -28.85 18.84 -3.99 -28.85 18.84 -29.49 -29.19 16.25 -29.49 -27.85 21.25 -3.99

4 16 -28.85 18.84 -3.99 -27.85 21.25 -3.99 -27.85 21.25 -29.49 -28.85 18.84 -29.49
5 24 -27.85 21.25 -3.99 -27.85 21.25 -29.49 -28.85 18.84 -29.49 -26.26 23.32 -3.99
4 16 -27.85 21.25 -3.99 -26.26 23.32 -3.99 -26.26 23.32 -29.49 -27.85 21.25 -29.49
5 24 -26.26 23.32 -3.99 -26.26 23.32 -29.49 -27.85 21.25 -29.49 -24.19 24.91 -3.99
4 16 -26.26 23.32 -3.99 -24.19 24.91 -3.99 -24.19 24.91 -29.49 -26.26 23.32 -29.49
5 24 -24.19 24.91 -3.99 -24.19 24.91 -29.49 -26.26 23.32 -29.49 -21.78 25.91 -3.99
4 16 -24.19 24.91 -3.99 -21.78 25.91 -3.99 -21.78 25.91 -29.49 -24.19 24.91 -29.49
5 24 -21.78 25.91 -3.99 -21.78 25.91 -29.49 -24.19 24.91 -29.49 -19.19 26.25 -3.99
4 16 -21.78 25.91 -3.99 -19.19 26.25 -3.99 -19.19 26.25 -29.49 -21.78 25.91 -29.49
5 24 -19.19 26.25 -3.99 -19.19 26.25 -29.49 -21.78 25.91 -29.49 -16.6 25.91 -3.99
4 16 -19.19 26.25 -3.99 -16.6 25.91 -3.99 -16.6 25.91 -29.49 -19.19 26.25 -29.49
5 24 -16.6 25.91 -3.99 -16.6 25.91 -29.49 -19.19 26.25 -29.49 -14.19 24.91 -3.99
4 16 -16.6 25.91 -3.99 -14.19 24.91 -3.99 -14.19 24.91 -29.49 -16.6 25.91 -29.49
5 24 -14.19 24.91 -3.99 -14.19 24.91 -29.49 -16.6 25.91 -29.49 -12.12 23.32 -3.99
4 16 -14.19 24.91 -3.99 -12.12 23.32 -3.99 -12.12 23.32 -29.49 -14.19 24.91 -29.49
5 24 -12.12 23.32 -3.99 -12.12 23.32 -29.49 -14.19 24.91 -29.49 -10.53 21.25 -3.99
4 16 -12.12 23.32 -3.99 -10.53 21.25 -3.99 -10.53 21.25 -29.49 -12.12 23.32 -29.49
5 24 -10.53 21.25 -3.99 -10.53 21.25 -29.49 -12.12 23.32 -29.49 -9.53 18.84 -3.99
4 16 -10.53 21.25 -3.99 -9.53 18.84 -3.99 -9.53 18.84 -29.49 -10.53 21.25 -29.49
4 16 -7.94 27.5 4.76 -7.94 0 4.76 -7.94 0 -3.99 -7.94 27.5 -3.99
2 24 -7.94 27.5 4.76 -7.94 0 4.76
2 24 -7.94 27.5 -3.99 -7.94 27.5 4.76
4 16 -30.44 27.5 4.76 -7.94 27.5 4.76 -7.94 27.5 -3.99 -30.44 27.5 -3.99
2 24 -30.44 27.5 4.76 -7.94 27.5 4.76
2 24 -30.44 27.5 -3.99 -30.44 27.5 4.76
4 16 -30.44 0 4.76 -30.44 27.5 4.76 -30.44 27.5 -3.99 -30.44 0 -3.99
2 24 -30.44 0 4.76 -30.44 27.5 4.76
4 16 -7.94 27.5 4.76 -30.44 27.5 4.76 -30.44 0 4.76 -7.94 0 4.76
