0 Bitbeam Servo flange 10 x  8
0 Name: bb-adp-srv-10x8.dat
0 Author: Tomas Feltl (e-Mole.cz)
0 !LDRAW_ORG Unofficial_Part
0 !LICENSE Redistributable under CCAL version 2.0 : see CAreadme.txt

0 BFC CERTIFY CCW

0 // Created with stl2dat conversion tool
0 BFC INVERTNEXT
1 16 0 0 0 6.75 0 0 0 0 -6.75 0 8.75 0 4-4cyli.dat
1 16 0 0 0 6.75 0 0 0 0 -6.75 0 1 0 4-4edge.dat
1 16 0 0 8.75 6.75 0 0 0 0 -6.75 0 1 0 4-4edge.dat
0 BFC INVERTNEXT
1 16 0 0 10 6.25 0 0 0 0 -6.25 0 5 0 4-4cyli.dat
1 16 0 0 10 6.25 0 0 0 0 -6.25 0 1 0 4-4edge.dat
1 16 0 0 15 6.25 0 0 0 0 -6.25 0 1 0 4-4edge.dat
0 BFC INVERTNEXT
1 16 0 0 8.75 -2.87 0 -2.41 -2.41 0 2.87 0 1.25 0 4-4cyli.dat
1 16 0 0 8.75 -2.87 0 -2.41 -2.41 0 2.87 0 1 0 4-4edge.dat
1 16 0 0 10 -2.87 0 -2.41 -2.41 0 2.87 0 1 0 4-4edge.dat

4 16 -3.58 -1.13 10 -5.77 -2.39 10 -4.42 -4.42 10 -2.87 -2.41 10
4 16 -2.87 -2.41 10 -4.42 -4.42 10 -2.39 -5.77 10 -1.73 -3.33 10
4 16 -1.73 -3.33 10 -2.39 -5.77 10 0 -6.25 10 -0.33 -3.74 10
4 16 -0.33 -3.74 10 0 -6.25 10 2.39 -5.77 10 1.13 -3.58 10
4 16 1.13 -3.58 10 2.39 -5.77 10 4.42 -4.42 10 2.41 -2.87 10
4 16 2.41 -2.87 10 4.42 -4.42 10 5.77 -2.39 10 3.33 -1.73 10
4 16 3.33 -1.73 10 5.77 -2.39 10 6.25 0 10 3.74 -0.33 10
4 16 3.74 -0.33 10 6.25 0 10 5.77 2.39 10 3.58 1.13 10
4 16 3.58 1.13 10 5.77 2.39 10 4.42 4.42 10 2.87 2.41 10
4 16 2.87 2.41 10 4.42 4.42 10 2.39 5.77 10 1.73 3.33 10
4 16 1.73 3.33 10 2.39 5.77 10 0 6.25 10 0.33 3.74 10
4 16 0.33 3.74 10 0 6.25 10 -2.39 5.77 10 -1.13 3.58 10
4 16 -1.13 3.58 10 -2.39 5.77 10 -4.42 4.42 10 -2.41 2.87 10
4 16 -2.41 2.87 10 -4.42 4.42 10 -5.77 2.39 10 -3.33 1.73 10
4 16 -3.33 1.73 10 -5.77 2.39 10 -6.25 0 10 -3.74 0.33 10
4 16 -3.74 0.33 10 -6.25 0 10 -5.77 -2.39 10 -3.58 -1.13 10

4 16 6.24 -2.58 8.75 3.74 -0.33 8.75 3.58 1.13 8.75 6.75 0 8.75
4 16 6.75 0 8.75 3.58 1.13 8.75 2.87 2.41 8.75 6.24 2.58 8.75
4 16 6.24 2.58 8.75 2.87 2.41 8.75 1.73 3.33 8.75 4.77 4.77 8.75
4 16 4.77 4.77 8.75 1.73 3.33 8.75 0.33 3.74 8.75 2.58 6.24 8.75
4 16 2.58 6.24 8.75 0.33 3.74 8.75 -1.13 3.58 8.75 0 6.75 8.75
4 16 0 6.75 8.75 -1.13 3.58 8.75 -2.41 2.87 8.75 -2.58 6.24 8.75
4 16 -2.58 6.24 8.75 -2.41 2.87 8.75 -3.33 1.73 8.75 -4.77 4.77 8.75
4 16 -4.77 4.77 8.75 -3.33 1.73 8.75 -3.74 0.33 8.75 -6.24 2.58 8.75
4 16 -6.24 2.58 8.75 -3.74 0.33 8.75 -3.58 -1.13 8.75 -6.75 0 8.75
4 16 -6.75 0 8.75 -3.58 -1.13 8.75 -2.87 -2.41 8.75 -6.24 -2.58 8.75
4 16 -6.24 -2.58 8.75 -2.87 -2.41 8.75 -1.73 -3.33 8.75 -4.77 -4.77 8.75
4 16 -4.77 -4.77 8.75 -1.73 -3.33 8.75 -0.33 -3.74 8.75 -2.58 -6.24 8.75
4 16 -2.58 -6.24 8.75 -0.33 -3.74 8.75 1.13 -3.58 8.75 0 -6.75 8.75
4 16 0 -6.75 8.75 1.13 -3.58 8.75 2.41 -2.87 8.75 2.58 -6.24 8.75
4 16 2.58 -6.24 8.75 2.41 -2.87 8.75 3.33 -1.73 8.75 4.77 -4.77 8.75
4 16 4.77 -4.77 8.75 3.33 -1.73 8.75 3.74 -0.33 8.75 6.24 -2.58 8.75

3 16 6.24 2.58 0 12.5 10 0 6.75 0 0
4 16 6.75 0 0 12.5 10 0 12.5 -10 0 6.24 -2.58 0
2 24 12.5 10 0 12.5 -10 0
3 16 6.24 -2.58 0 12.5 -10 0 4.77 -4.77 0
3 16 6.24 2.58 0 4.77 4.77 0 12.5 10 0
3 16 12.5 10 0 4.77 4.77 0 2.58 6.24 0
3 16 12.5 10 0 2.58 6.24 0 0 6.75 0
3 16 12.5 10 0 0 6.75 0 -12.5 10 0
2 24 12.5 10 0 -12.5 10 0
3 16 -12.5 10 0 0 6.75 0 -2.58 6.24 0
3 16 -12.5 10 0 -2.58 6.24 0 -4.77 4.77 0
3 16 -4.77 4.77 0 -6.24 2.58 0 -12.5 10 0
3 16 -12.5 10 0 -6.24 2.58 0 -6.75 0 0
4 16 -12.5 10 0 -6.75 0 0 -6.24 -2.58 0 -12.5 -10 0
2 24 -12.5 -10 0 -12.5 10 0
3 16 -12.5 -10 0 -6.24 -2.58 0 -4.77 -4.77 0
3 16 -4.77 -4.77 0 -2.58 -6.24 0 -12.5 -10 0
3 16 -12.5 -10 0 -2.58 -6.24 0 0 -6.75 0
3 16 -12.5 -10 0 0 -6.75 0 12.5 -10 0
2 24 -12.5 -10 0 12.5 -10 0
3 16 12.5 -10 0 0 -6.75 0 2.58 -6.24 0
3 16 12.5 -10 0 2.58 -6.24 0 4.77 -4.77 0

3 16 5.77 -2.39 15 12.5 -10 15 6.25 0 15
4 16 6.25 0 15 12.5 -10 15 12.5 10 15 5.77 2.39 15
2 24 12.5 -10 15 12.5 10 15
3 16 5.77 2.39 15 12.5 10 15 4.42 4.42 15
3 16 5.77 -2.39 15 4.42 -4.42 15 12.5 -10 15
3 16 12.5 -10 15 4.42 -4.42 15 2.39 -5.77 15
3 16 12.5 -10 15 2.39 -5.77 15 0 -6.25 15
3 16 12.5 -10 15 0 -6.25 15 -12.5 -10 15
2 24 12.5 -10 15 -12.5 -10 15
3 16 -12.5 -10 15 0 -6.25 15 -2.39 -5.77 15
3 16 -12.5 -10 15 -2.39 -5.77 15 -4.42 -4.42 15
3 16 -4.42 -4.42 15 -5.77 -2.39 15 -12.5 -10 15
3 16 -12.5 -10 15 -5.77 -2.39 15 -6.25 0 15
4 16 -12.5 -10 15 -6.25 0 15 -5.77 2.39 15 -12.5 10 15
2 24 -12.5 10 15 -12.5 -10 15
3 16 -12.5 10 15 -5.77 2.39 15 -4.42 4.42 15
3 16 -4.42 4.42 15 -2.39 5.77 15 -12.5 10 15
3 16 -12.5 10 15 -2.39 5.77 15 0 6.25 15
3 16 -12.5 10 15 0 6.25 15 12.5 10 15
2 24 -12.5 10 15 12.5 10 15
3 16 12.5 10 15 0 6.25 15 2.39 5.77 15
3 16 12.5 10 15 2.39 5.77 15 4.42 4.42 15

4 16 -12.5 -10 0 12.5 -10 0 12.5 -10 15 -12.5 -10 15
2 24 12.5 -10 0 12.5 -10 15
2 24 -12.5 -10 15 -12.5 -10 0
4 16 12.5 10 0 -12.5 10 0 -12.5 10 15 12.5 10 15
2 24 -12.5 10 0 -12.5 10 15
2 24 12.5 10 15 12.5 10 0
4 16 -12.5 10 0 -12.5 -10 0 -12.5 -10 15 -12.5 10 15
4 16 12.5 -10 0 12.5 10 0 12.5 10 15 12.5 -10 15
