0 Bitbeam Axle mount small 10 x  8
0 Name: bb-adp-3.dat
0 Author: Tomas Feltl (e-Mole.cz)
0 !LDRAW_ORG Unofficial_Part
0 !LICENSE Redistributable under CCAL version 2.0 : see CAreadme.txt

0 BFC CERTIFY CCW

0 // Created with stl2dat conversion tool
0 BFC INVERTNEXT
1 16 0 0 -20 4.42 0 4.42 4.42 0 -4.42 0 30 0 1-4cyli.dat
1 16 0 0 -20 4.42 0 4.42 4.42 0 -4.42 0 1 0 1-4edge.dat
1 16 0 0 10 4.42 0 4.42 4.42 0 -4.42 0 1 0 1-4edge.dat
0 BFC INVERTNEXT
1 16 0 0 -20 -4.42 0 -4.42 -4.42 0 4.42 0 30 0 1-4cyli.dat
1 16 0 0 -20 -4.42 0 -4.42 -4.42 0 4.42 0 1 0 1-4edge.dat
1 16 0 0 10 -4.42 0 -4.42 -4.42 0 4.42 0 1 0 1-4edge.dat

3 16 -5.774247 -2.391771 -20 -4.419417 -4.419417 -20 -10 -12.5 -20
3 16 -10 -12.5 -20 -4.419417 -4.419417 -20 -2.391771 -5.774247 -20
2 24 -2.391771 -5.774247 -20 -4.419417 -4.419417 -20
3 16 -10 -12.5 -20 -2.391771 -5.774247 -20 0 -6.25 -20
2 24 0 -6.25 -20 -2.391771 -5.774247 -20
4 16 -10 -12.5 -20 0 -6.25 -20 2.391771 -5.774247 -20 10 -12.5 -20
2 24 2.391771 -5.774247 -20 0 -6.25 -20
2 24 -10 -12.5 -20 10 -12.5 -20
3 16 10 -12.5 -20 2.391771 -5.774247 -20 4.419417 -4.419417 -20
2 24 4.419417 -4.419417 -20 2.391771 -5.774247 -20
3 16 4.419417 -4.419417 -20 5.774247 -2.391771 -20 10 -12.5 -20
3 16 10 -12.5 -20 5.774247 -2.391771 -20 6.25 0 -20
3 16 10 -12.5 -20 6.25 0 -20 10 12.5 -20
2 24 10 -12.5 -20 10 12.5 -20
3 16 10 12.5 -20 6.25 0 -20 5.774247 2.391771 -20
3 16 10 12.5 -20 5.774247 2.391771 -20 4.419417 4.419417 -20
3 16 4.419417 4.419417 -20 2.391771 5.774247 -20 10 12.5 -20
2 24 2.391771 5.774247 -20 4.419417 4.419417 -20
3 16 10 12.5 -20 2.391771 5.774247 -20 0 6.25 -20
2 24 0 6.25 -20 2.391771 5.774247 -20
4 16 10 12.5 -20 0 6.25 -20 -2.391771 5.774247 -20 -10 12.5 -20
2 24 -2.391771 5.774247 -20 0 6.25 -20
2 24 10 12.5 -20 -10 12.5 -20
3 16 -10 12.5 -20 -2.391771 5.774247 -20 -4.419417 4.419417 -20
2 24 -4.419417 4.419417 -20 -2.391771 5.774247 -20
3 16 -4.419417 4.419417 -20 -5.774247 2.391771 -20 -10 12.5 -20
3 16 -10 12.5 -20 -5.774247 2.391771 -20 -6.25 0 -20
3 16 -10 12.5 -20 -6.25 0 -20 -10 -12.5 -20
2 24 -10 12.5 -20 -10 -12.5 -20
3 16 -10 -12.5 -20 -6.25 0 -20 -5.774247 -2.391771 -20

3 16 3.811003 -8.106602 -1.703569 2.916815 -8.106602 -3.041815 7.125 -8.106602 -4.238621
2 24 2.916815 -8.106602 -3.041815 3.811003 -8.106602 -1.703569
3 16 7.125 -8.106602 -4.238621 2.916815 -8.106602 -3.041815 1.578569 -8.106602 -3.936003
2 24 1.578569 -8.106602 -3.936003 2.916815 -8.106602 -3.041815
4 16 7.125 -8.106602 -4.238621 1.578569 -8.106602 -3.936003 0 -8.106602 -4.25 0 -8.106602 -8.352241
2 24 0 -8.106602 -4.25 1.578569 -8.106602 -3.936003
2 24 7.125 -8.106602 -4.238621 0 -8.106602 -8.352241
3 16 0 -8.106602 -8.352241 0 -8.106602 -4.25 -1.578569 -8.106602 -3.936003
2 24 -1.578569 -8.106602 -3.936003 0 -8.106602 -4.25
3 16 1.578569 -8.106602 3.686003 2.916815 -8.106602 2.791815 7.125 -8.106602 10
2 24 2.916815 -8.106602 2.791815 1.578569 -8.106602 3.686003
3 16 7.125 -8.106602 10 2.916815 -8.106602 2.791815 3.811003 -8.106602 1.453569
2 24 3.811003 -8.106602 1.453569 2.916815 -8.106602 2.791815
4 16 7.125 -8.106602 10 3.811003 -8.106602 1.453569 4.125 -8.106602 -0.125 7.125 -8.106602 -4.238621
2 24 4.125 -8.106602 -0.125 3.811003 -8.106602 1.453569
2 24 7.125 -8.106602 -4.238621 7.125 -8.106602 10
3 16 7.125 -8.106602 -4.238621 4.125 -8.106602 -0.125 3.811003 -8.106602 -1.703569
2 24 3.811003 -8.106602 -1.703569 4.125 -8.106602 -0.125
3 16 1.578569 -8.106602 3.686003 7.125 -8.106602 10 0 -8.106602 4
2 24 1.578569 -8.106602 3.686003 0 -8.106602 4
4 16 0 -8.106602 4 7.125 -8.106602 10 -7.125 -8.106602 10 -1.578569 -8.106602 3.686003
2 24 -7.125 -8.106602 10 7.125 -8.106602 10
2 24 0 -8.106602 4 -1.578569 -8.106602 3.686003
3 16 -1.578569 -8.106602 3.686003 -7.125 -8.106602 10 -2.916815 -8.106602 2.791815
2 24 -1.578569 -8.106602 3.686003 -2.916815 -8.106602 2.791815
3 16 -2.916815 -8.106602 2.791815 -7.125 -8.106602 10 -3.811003 -8.106602 1.453569
2 24 -2.916815 -8.106602 2.791815 -3.811003 -8.106602 1.453569
4 16 -3.811003 -8.106602 1.453569 -7.125 -8.106602 10 -7.125 -8.106602 -4.238621 -4.125 -8.106602 -0.125
2 24 -7.125 -8.106602 -4.238621 -7.125 -8.106602 10
2 24 -3.811003 -8.106602 1.453569 -4.125 -8.106602 -0.125
3 16 -4.125 -8.106602 -0.125 -7.125 -8.106602 -4.238621 -3.811003 -8.106602 -1.703569
2 24 -4.125 -8.106602 -0.125 -3.811003 -8.106602 -1.703569
4 16 0 -8.106602 -8.352241 -1.578569 -8.106602 -3.936003 -2.916815 -8.106602 -3.041815 -7.125 -8.106602 -4.238621
2 24 -2.916815 -8.106602 -3.041815 -1.578569 -8.106602 -3.936003
2 24 0 -8.106602 -8.352241 -7.125 -8.106602 -4.238621
3 16 -7.125 -8.106602 -4.238621 -2.916815 -8.106602 -3.041815 -3.811003 -8.106602 -1.703569
2 24 -3.811003 -8.106602 -1.703569 -2.916815 -8.106602 -3.041815

3 16 -3.811003 -14.3566 -1.703569 -2.916815 -14.3566 -3.041815 -7.125 -14.3566 -4.238621
2 24 -3.811003 -14.3566 -1.703569 -2.916815 -14.3566 -3.041815
3 16 -7.125 -14.3566 -4.238621 -2.916815 -14.3566 -3.041815 -1.578569 -14.3566 -3.936003
2 24 -2.916815 -14.3566 -3.041815 -1.578569 -14.3566 -3.936003
4 16 -7.125 -14.3566 -4.238621 -1.578569 -14.3566 -3.936003 0 -14.3566 -4.25 0 -14.3566 -8.352241
2 24 -1.578569 -14.3566 -3.936003 0 -14.3566 -4.25
2 24 -7.125 -14.3566 -4.238621 0 -14.3566 -8.352241
3 16 0 -14.3566 -8.352241 0 -14.3566 -4.25 1.578569 -14.3566 -3.936003
2 24 0 -14.3566 -4.25 1.578569 -14.3566 -3.936003
3 16 -1.578569 -14.3566 3.686003 -2.916815 -14.3566 2.791815 -7.125 -14.3566 10
2 24 -1.578569 -14.3566 3.686003 -2.916815 -14.3566 2.791815
3 16 -7.125 -14.3566 10 -2.916815 -14.3566 2.791815 -3.811003 -14.3566 1.453569
2 24 -2.916815 -14.3566 2.791815 -3.811003 -14.3566 1.453569
4 16 -7.125 -14.3566 10 -3.811003 -14.3566 1.453569 -4.125 -14.3566 -0.125 -7.125 -14.3566 -4.238621
2 24 -3.811003 -14.3566 1.453569 -4.125 -14.3566 -0.125
2 24 -7.125 -14.3566 10 -7.125 -14.3566 -4.238621
3 16 -7.125 -14.3566 -4.238621 -4.125 -14.3566 -0.125 -3.811003 -14.3566 -1.703569
2 24 -4.125 -14.3566 -0.125 -3.811003 -14.3566 -1.703569
3 16 -1.578569 -14.3566 3.686003 -7.125 -14.3566 10 0 -14.3566 4
2 24 0 -14.3566 4 -1.578569 -14.3566 3.686003
4 16 0 -14.3566 4 -7.125 -14.3566 10 7.125 -14.3566 10 1.578569 -14.3566 3.686003
2 24 7.125 -14.3566 10 -7.125 -14.3566 10
2 24 1.578569 -14.3566 3.686003 0 -14.3566 4
3 16 1.578569 -14.3566 3.686003 7.125 -14.3566 10 2.916815 -14.3566 2.791815
2 24 2.916815 -14.3566 2.791815 1.578569 -14.3566 3.686003
3 16 2.916815 -14.3566 2.791815 7.125 -14.3566 10 3.811003 -14.3566 1.453569
2 24 3.811003 -14.3566 1.453569 2.916815 -14.3566 2.791815
4 16 3.811003 -14.3566 1.453569 7.125 -14.3566 10 7.125 -14.3566 -4.238621 4.125 -14.3566 -0.125
2 24 7.125 -14.3566 10 7.125 -14.3566 -4.238621
2 24 4.125 -14.3566 -0.125 3.811003 -14.3566 1.453569
3 16 4.125 -14.3566 -0.125 7.125 -14.3566 -4.238621 3.811003 -14.3566 -1.703569
2 24 3.811003 -14.3566 -1.703569 4.125 -14.3566 -0.125
4 16 0 -14.3566 -8.352241 1.578569 -14.3566 -3.936003 2.916815 -14.3566 -3.041815 7.125 -14.3566 -4.238621
2 24 1.578569 -14.3566 -3.936003 2.916815 -14.3566 -3.041815
2 24 0 -14.3566 -8.352241 7.125 -14.3566 -4.238621
3 16 7.125 -14.3566 -4.238621 2.916815 -14.3566 -3.041815 3.811003 -14.3566 -1.703569
2 24 2.916815 -14.3566 -3.041815 3.811003 -14.3566 -1.703569

4 16 -3.811003 8.106602 1.453569 -4.125 8.106602 -0.125 -7.125 8.106602 -4.238621 -7.125 8.106602 10
2 24 -3.811003 8.106602 1.453569 -4.125 8.106602 -0.125
2 24 -7.125 8.106602 10 -7.125 8.106602 -4.238621
3 16 -7.125 8.106602 -4.238621 -4.125 8.106602 -0.125 -3.811003 8.106602 -1.703569
2 24 -4.125 8.106602 -0.125 -3.811003 8.106602 -1.703569
3 16 -7.125 8.106602 -4.238621 -3.811003 8.106602 -1.703569 -2.916815 8.106602 -3.041815
2 24 -3.811003 8.106602 -1.703569 -2.916815 8.106602 -3.041815
3 16 -2.916815 8.106602 -3.041815 -1.578569 8.106602 -3.936003 -7.125 8.106602 -4.238621
2 24 -2.916815 8.106602 -3.041815 -1.578569 8.106602 -3.936003
4 16 -7.125 8.106602 -4.238621 -1.578569 8.106602 -3.936003 0 8.106602 -4.25 0 8.106602 -8.352241
2 24 -1.578569 8.106602 -3.936003 0 8.106602 -4.25
2 24 -7.125 8.106602 -4.238621 0 8.106602 -8.352241
3 16 0 8.106602 -8.352241 0 8.106602 -4.25 1.578569 8.106602 -3.936003
2 24 0 8.106602 -4.25 1.578569 8.106602 -3.936003
4 16 0 8.106602 -8.352241 1.578569 8.106602 -3.936003 2.916815 8.106602 -3.041815 7.125 8.106602 -4.238621
2 24 1.578569 8.106602 -3.936003 2.916815 8.106602 -3.041815
2 24 7.125 8.106602 -4.238621 0 8.106602 -8.352241
3 16 7.125 8.106602 -4.238621 2.916815 8.106602 -3.041815 3.811003 8.106602 -1.703569
2 24 2.916815 8.106602 -3.041815 3.811003 8.106602 -1.703569
3 16 3.811003 8.106602 -1.703569 4.125 8.106602 -0.125 7.125 8.106602 -4.238621
2 24 3.811003 8.106602 -1.703569 4.125 8.106602 -0.125
4 16 7.125 8.106602 -4.238621 4.125 8.106602 -0.125 3.811003 8.106602 1.453569 7.125 8.106602 10
2 24 4.125 8.106602 -0.125 3.811003 8.106602 1.453569
2 24 7.125 8.106602 -4.238621 7.125 8.106602 10
3 16 7.125 8.106602 10 3.811003 8.106602 1.453569 2.916815 8.106602 2.791815
2 24 3.811003 8.106602 1.453569 2.916815 8.106602 2.791815
3 16 7.125 8.106602 10 2.916815 8.106602 2.791815 1.578569 8.106602 3.686003
2 24 2.916815 8.106602 2.791815 1.578569 8.106602 3.686003
3 16 1.578569 8.106602 3.686003 0 8.106602 4 7.125 8.106602 10
2 24 1.578569 8.106602 3.686003 0 8.106602 4
4 16 7.125 8.106602 10 0 8.106602 4 -1.578569 8.106602 3.686003 -7.125 8.106602 10
2 24 0 8.106602 4 -1.578569 8.106602 3.686003
2 24 7.125 8.106602 10 -7.125 8.106602 10
3 16 -7.125 8.106602 10 -1.578569 8.106602 3.686003 -2.916815 8.106602 2.791815
2 24 -1.578569 8.106602 3.686003 -2.916815 8.106602 2.791815
3 16 -7.125 8.106602 10 -2.916815 8.106602 2.791815 -3.811003 8.106602 1.453569
2 24 -2.916815 8.106602 2.791815 -3.811003 8.106602 1.453569

3 16 3.811003 14.3566 -1.703569 2.916815 14.3566 -3.041815 7.125 14.3566 -4.238621
2 24 2.916815 14.3566 -3.041815 3.811003 14.3566 -1.703569
3 16 7.125 14.3566 -4.238621 2.916815 14.3566 -3.041815 1.578569 14.3566 -3.936003
2 24 1.578569 14.3566 -3.936003 2.916815 14.3566 -3.041815
4 16 7.125 14.3566 -4.238621 1.578569 14.3566 -3.936003 0 14.3566 -4.25 0 14.3566 -8.352241
2 24 0 14.3566 -4.25 1.578569 14.3566 -3.936003
2 24 0 14.3566 -8.352241 7.125 14.3566 -4.238621
3 16 0 14.3566 -8.352241 0 14.3566 -4.25 -1.578569 14.3566 -3.936003
2 24 -1.578569 14.3566 -3.936003 0 14.3566 -4.25
3 16 1.578569 14.3566 3.686003 2.916815 14.3566 2.791815 7.125 14.3566 10
2 24 2.916815 14.3566 2.791815 1.578569 14.3566 3.686003
3 16 7.125 14.3566 10 2.916815 14.3566 2.791815 3.811003 14.3566 1.453569
2 24 3.811003 14.3566 1.453569 2.916815 14.3566 2.791815
4 16 7.125 14.3566 10 3.811003 14.3566 1.453569 4.125 14.3566 -0.125 7.125 14.3566 -4.238621
2 24 4.125 14.3566 -0.125 3.811003 14.3566 1.453569
2 24 7.125 14.3566 -4.238621 7.125 14.3566 10
3 16 7.125 14.3566 -4.238621 4.125 14.3566 -0.125 3.811003 14.3566 -1.703569
2 24 3.811003 14.3566 -1.703569 4.125 14.3566 -0.125
3 16 1.578569 14.3566 3.686003 7.125 14.3566 10 0 14.3566 4
2 24 1.578569 14.3566 3.686003 0 14.3566 4
4 16 0 14.3566 4 7.125 14.3566 10 -7.125 14.3566 10 -1.578569 14.3566 3.686003
2 24 -7.125 14.3566 10 7.125 14.3566 10
2 24 0 14.3566 4 -1.578569 14.3566 3.686003
3 16 -1.578569 14.3566 3.686003 -7.125 14.3566 10 -2.916815 14.3566 2.791815
2 24 -1.578569 14.3566 3.686003 -2.916815 14.3566 2.791815
3 16 -2.916815 14.3566 2.791815 -7.125 14.3566 10 -3.811003 14.3566 1.453569
2 24 -2.916815 14.3566 2.791815 -3.811003 14.3566 1.453569
4 16 -3.811003 14.3566 1.453569 -7.125 14.3566 10 -7.125 14.3566 -4.238621 -4.125 14.3566 -0.125
2 24 -7.125 14.3566 -4.238621 -7.125 14.3566 10
2 24 -3.811003 14.3566 1.453569 -4.125 14.3566 -0.125
3 16 -4.125 14.3566 -0.125 -7.125 14.3566 -4.238621 -3.811003 14.3566 -1.703569
2 24 -4.125 14.3566 -0.125 -3.811003 14.3566 -1.703569
4 16 0 14.3566 -8.352241 -1.578569 14.3566 -3.936003 -2.916815 14.3566 -3.041815 -7.125 14.3566 -4.238621
2 24 -2.916815 14.3566 -3.041815 -1.578569 14.3566 -3.936003
2 24 0 14.3566 -8.352241 -7.125 14.3566 -4.238621
3 16 -7.125 14.3566 -4.238621 -2.916815 14.3566 -3.041815 -3.811003 14.3566 -1.703569
2 24 -3.811003 14.3566 -1.703569 -2.916815 14.3566 -3.041815

3 16 13.94245 13.94245 10 7.545598 18.21668 10 7.125 14.3566 10
2 24 13.94245 13.94245 10 7.545598 18.21668 10
4 16 7.125 14.3566 10 7.545598 18.21668 10 0 19.7176 10 -7.125 14.3566 10
2 24 7.545598 18.21668 10 0 19.7176 10
4 16 -7.125 14.3566 10 0 19.7176 10 -7.545598 18.21668 10 -13.94245 13.94245 10
2 24 0 19.7176 10 -7.545598 18.21668 10
2 24 -7.545598 18.21668 10 -13.94245 13.94245 10
4 16 7.125 14.3566 10 7.125 8.106602 10 18.21668 7.545598 10 13.94245 13.94245 10
2 24 7.125 14.3566 10 7.125 8.106602 10
2 24 18.21668 7.545598 10 13.94245 13.94245 10
3 16 -4.419417 4.419417 10 -2.391771 5.774247 10 -7.125 8.106602 10
2 24 -4.419417 4.419417 10 -2.391771 5.774247 10
3 16 -7.125 8.106602 10 -2.391771 5.774247 10 0 6.25 10
2 24 -2.391771 5.774247 10 0 6.25 10
3 16 -7.125 8.106602 10 0 6.25 10 7.125 8.106602 10
3 16 7.125 8.106602 10 0 6.25 10 2.391771 5.774247 10
2 24 0 6.25 10 2.391771 5.774247 10
3 16 7.125 8.106602 10 2.391771 5.774247 10 4.419417 4.419417 10
2 24 2.391771 5.774247 10 4.419417 4.419417 10
4 16 -7.125 14.3566 10 -13.94245 13.94245 10 -18.21668 7.545598 10 -7.125 8.106602 10
2 24 -13.94245 13.94245 10 -18.21668 7.545598 10
2 24 -7.125 8.106602 10 -7.125 14.3566 10
4 16 -7.125 8.106602 10 -18.21668 7.545598 10 -5.774247 2.391771 10 -4.419417 4.419417 10
4 16 -5.774247 2.391771 10 -18.21668 7.545598 10 -19.7176 0 10 -6.25 0 10
2 24 -18.21668 7.545598 10 -19.7176 0 10
4 16 -6.25 0 10 -19.7176 0 10 -18.21668 -7.545598 10 -5.774247 -2.391771 10
2 24 -19.7176 0 10 -18.21668 -7.545598 10
4 16 -5.774247 -2.391771 10 -18.21668 -7.545598 10 -7.125 -8.106602 10 -4.419417 -4.419417 10
3 16 -4.419417 -4.419417 10 -7.125 -8.106602 10 -2.391771 -5.774247 10
2 24 -2.391771 -5.774247 10 -4.419417 -4.419417 10
4 16 4.419417 4.419417 10 5.774247 2.391771 10 18.21668 7.545598 10 7.125 8.106602 10
4 16 5.774247 2.391771 10 6.25 0 10 19.7176 0 10 18.21668 7.545598 10
2 24 19.7176 0 10 18.21668 7.545598 10
4 16 6.25 0 10 5.774247 -2.391771 10 18.21668 -7.545598 10 19.7176 0 10
2 24 18.21668 -7.545598 10 19.7176 0 10
4 16 18.21668 -7.545598 10 5.774247 -2.391771 10 4.419417 -4.419417 10 7.125 -8.106602 10
3 16 7.125 -8.106602 10 4.419417 -4.419417 10 2.391771 -5.774247 10
2 24 4.419417 -4.419417 10 2.391771 -5.774247 10
3 16 2.391771 -5.774247 10 0 -6.25 10 7.125 -8.106602 10
2 24 2.391771 -5.774247 10 0 -6.25 10
3 16 7.125 -8.106602 10 0 -6.25 10 -7.125 -8.106602 10
3 16 0 -6.25 10 -2.391771 -5.774247 10 -7.125 -8.106602 10
2 24 0 -6.25 10 -2.391771 -5.774247 10
4 16 18.21668 -7.545598 10 7.125 -8.106602 10 7.125 -14.3566 10 13.94245 -13.94245 10
2 24 7.125 -8.106602 10 7.125 -14.3566 10
2 24 13.94245 -13.94245 10 18.21668 -7.545598 10
3 16 13.94245 -13.94245 10 7.125 -14.3566 10 7.545598 -18.21668 10
2 24 7.545598 -18.21668 10 13.94245 -13.94245 10
4 16 7.545598 -18.21668 10 7.125 -14.3566 10 -7.125 -14.3566 10 0 -19.7176 10
2 24 0 -19.7176 10 7.545598 -18.21668 10
4 16 0 -19.7176 10 -7.125 -14.3566 10 -13.94245 -13.94245 10 -7.545598 -18.21668 10
2 24 -13.94245 -13.94245 10 -7.545598 -18.21668 10
2 24 -7.545598 -18.21668 10 0 -19.7176 10
4 16 -13.94245 -13.94245 10 -7.125 -14.3566 10 -7.125 -8.106602 10 -18.21668 -7.545598 10
2 24 -7.125 -14.3566 10 -7.125 -8.106602 10
2 24 -18.21668 -7.545598 10 -13.94245 -13.94245 10

4 16 14.43101 -13.43612 -10 8.190736 -17.93587 -10 0.7034931 -19.70504 -10 10 -12.5 -10
2 24 14.43101 -13.43612 -10 8.190736 -17.93587 -10
2 24 8.190736 -17.93587 -10 0.7034931 -19.70504 -10
4 16 10 -12.5 -10 0.7034931 -19.70504 -10 -6.890851 -18.4743 -10 -10 -12.5 -10
2 24 0.7034931 -19.70504 -10 -6.890851 -18.4743 -10
2 24 -10 -12.5 -10 10 -12.5 -10
4 16 -10 -12.5 -10 -6.890851 -18.4743 -10 -13.43612 -14.43101 -10 -17.93587 -8.190736 -10
2 24 -6.890851 -18.4743 -10 -13.43612 -14.43101 -10
2 24 -13.43612 -14.43101 -10 -17.93587 -8.190736 -10
3 16 13.43612 14.43101 -10 17.93587 8.190736 -10 10 12.5 -10
2 24 13.43612 14.43101 -10 17.93587 8.190736 -10
4 16 10 12.5 -10 17.93587 8.190736 -10 19.70504 0.7034931 -10 10 -12.5 -10
2 24 17.93587 8.190736 -10 19.70504 0.7034931 -10
2 24 10 -12.5 -10 10 12.5 -10
4 16 10 -12.5 -10 19.70504 0.7034931 -10 18.4743 -6.890851 -10 14.43101 -13.43612 -10
2 24 19.70504 0.7034931 -10 18.4743 -6.890851 -10
2 24 18.4743 -6.890851 -10 14.43101 -13.43612 -10
3 16 -14.43101 13.43612 -10 -8.190736 17.93587 -10 -10 12.5 -10
2 24 -14.43101 13.43612 -10 -8.190736 17.93587 -10
4 16 -10 12.5 -10 -8.190736 17.93587 -10 -0.7034931 19.70504 -10 10 12.5 -10
2 24 -8.190736 17.93587 -10 -0.7034931 19.70504 -10
2 24 10 12.5 -10 -10 12.5 -10
4 16 10 12.5 -10 -0.7034931 19.70504 -10 6.890851 18.4743 -10 13.43612 14.43101 -10
2 24 -0.7034931 19.70504 -10 6.890851 18.4743 -10
2 24 6.890851 18.4743 -10 13.43612 14.43101 -10
4 16 -10 -12.5 -10 -17.93587 -8.190736 -10 -19.70504 -0.7034931 -10 -10 12.5 -10
2 24 -17.93587 -8.190736 -10 -19.70504 -0.7034931 -10
2 24 -10 -12.5 -10 -10 12.5 -10
4 16 -10 12.5 -10 -19.70504 -0.7034931 -10 -18.4743 6.890851 -10 -14.43101 13.43612 -10
2 24 -19.70504 -0.7034931 -10 -18.4743 6.890851 -10
2 24 -18.4743 6.890851 -10 -14.43101 13.43612 -10

4 16 -10 12.5 -10 -10 12.5 -20 -10 -12.5 -20 -10 -12.5 -10
2 24 -10 12.5 -10 -10 12.5 -20
2 24 -10 -12.5 -20 -10 -12.5 -10
4 16 10 12.5 -10 10 12.5 -20 -10 12.5 -20 -10 12.5 -10
2 24 10 12.5 -10 10 12.5 -20
4 16 -10 -12.5 -10 -10 -12.5 -20 10 -12.5 -20 10 -12.5 -10
2 24 10 -12.5 -20 10 -12.5 -10
4 16 10 -12.5 -10 10 -12.5 -20 10 12.5 -20 10 12.5 -10
3 16 4.05 19.3 0.67 4.13 19.28 -0.12 4.125 14.3566 -0.125
2 24 4.05 19.3 0.67 4.13 19.28 -0.12
5 24 4.13 19.28 -0.12 4.125 14.3566 -0.125 4.05 19.3 0.67 4.05 19.3 -0.92
5 24 4.125 14.3566 -0.125 4.05 19.3 0.67 4.13 19.28 -0.12 3.811003 14.3566 1.453569
3 16 4.125 14.3566 -0.125 4.13 19.28 -0.12 4.05 19.3 -0.92
2 24 4.13 19.28 -0.12 4.05 19.3 -0.92
5 24 4.05 19.3 -0.92 4.125 14.3566 -0.125 4.13 19.28 -0.12 3.811003 14.3566 -1.703569
3 16 4.125 14.3566 -0.125 4.05 19.3 -0.92 3.811003 14.3566 -1.703569
5 24 4.05 19.3 -0.92 3.811003 14.3566 -1.703569 4.125 14.3566 -0.125 3.810141 19.34597 -1.705649
3 16 3.811003 14.3566 -1.703569 4.05 19.3 -0.92 3.810141 19.34597 -1.705649
2 24 4.05 19.3 -0.92 3.810141 19.34597 -1.705649
5 24 3.810141 19.34597 -1.705649 3.811003 14.3566 -1.703569 4.05 19.3 -0.92 2.916889 19.50065 -3.041742
4 16 3.811003 14.3566 -1.703569 3.810141 19.34597 -1.705649 2.916889 19.50065 -3.041742 2.916815 14.3566 -3.041815
2 24 3.810141 19.34597 -1.705649 2.916889 19.50065 -3.041742
5 24 2.916889 19.50065 -3.041742 2.916815 14.3566 -3.041815 3.811003 14.3566 -1.703569 1.580747 19.65413 -3.9351
4 16 2.916815 14.3566 -3.041815 2.916889 19.50065 -3.041742 1.580747 19.65413 -3.9351 1.578569 14.3566 -3.936003
2 24 2.916889 19.50065 -3.041742 1.580747 19.65413 -3.9351
5 24 1.580747 19.65413 -3.9351 1.578569 14.3566 -3.936003 2.916815 14.3566 -3.041815 0.79 19.7 -4.17
3 16 1.578569 14.3566 -3.936003 1.580747 19.65413 -3.9351 0.79 19.7 -4.17
2 24 1.580747 19.65413 -3.9351 0.79 19.7 -4.17
5 24 0.79 19.7 -4.17 1.578569 14.3566 -3.936003 1.580747 19.65413 -3.9351 0 14.3566 -4.25
3 16 1.578569 14.3566 -3.936003 0.79 19.7 -4.17 0 14.3566 -4.25
5 24 0.79 19.7 -4.17 0 14.3566 -4.25 1.578569 14.3566 -3.936003 0 19.72 -4.25
3 16 0 14.3566 -4.25 0.79 19.7 -4.17 0 19.72 -4.25
2 24 0.79 19.7 -4.17 0 19.72 -4.25
5 24 0 19.72 -4.25 0 14.3566 -4.25 0.79 19.7 -4.17 -0.79 19.7 -4.17
3 16 0 14.3566 -4.25 0 19.72 -4.25 -0.79 19.7 -4.17
2 24 0 19.72 -4.25 -0.79 19.7 -4.17
5 24 -0.79 19.7 -4.17 0 14.3566 -4.25 0 19.72 -4.25 -1.578569 14.3566 -3.936003
3 16 0 14.3566 -4.25 -0.79 19.7 -4.17 -1.578569 14.3566 -3.936003
5 24 -0.79 19.7 -4.17 -1.578569 14.3566 -3.936003 0 14.3566 -4.25 -1.580747 19.65413 -3.9351
3 16 -1.578569 14.3566 -3.936003 -0.79 19.7 -4.17 -1.580747 19.65413 -3.9351
2 24 -0.79 19.7 -4.17 -1.580747 19.65413 -3.9351
5 24 -1.580747 19.65413 -3.9351 -1.578569 14.3566 -3.936003 -0.79 19.7 -4.17 -2.916889 19.50065 -3.041742
4 16 -1.578569 14.3566 -3.936003 -1.580747 19.65413 -3.9351 -2.916889 19.50065 -3.041742 -2.916815 14.3566 -3.041815
2 24 -1.580747 19.65413 -3.9351 -2.916889 19.50065 -3.041742
5 24 -2.916889 19.50065 -3.041742 -2.916815 14.3566 -3.041815 -1.578569 14.3566 -3.936003 -3.810141 19.34597 -1.705649
4 16 -2.916815 14.3566 -3.041815 -2.916889 19.50065 -3.041742 -3.810141 19.34597 -1.705649 -3.811003 14.3566 -1.703569
2 24 -2.916889 19.50065 -3.041742 -3.810141 19.34597 -1.705649
5 24 -3.810141 19.34597 -1.705649 -3.811003 14.3566 -1.703569 -2.916815 14.3566 -3.041815 -4.05 19.3 -0.92
3 16 -3.811003 14.3566 -1.703569 -3.810141 19.34597 -1.705649 -4.05 19.3 -0.92
2 24 -3.810141 19.34597 -1.705649 -4.05 19.3 -0.92
5 24 -4.05 19.3 -0.92 -3.811003 14.3566 -1.703569 -3.810141 19.34597 -1.705649 -4.125 14.3566 -0.125
3 16 -3.811003 14.3566 -1.703569 -4.05 19.3 -0.92 -4.125 14.3566 -0.125
5 24 -4.05 19.3 -0.92 -4.125 14.3566 -0.125 -3.811003 14.3566 -1.703569 -4.12 19.28 -0.12
3 16 -4.125 14.3566 -0.125 -4.05 19.3 -0.92 -4.12 19.28 -0.12
2 24 -4.05 19.3 -0.92 -4.12 19.28 -0.12
5 24 -4.12 19.28 -0.12 -4.125 14.3566 -0.125 -4.05 19.3 -0.92 -4.05 19.3 0.67
3 16 -4.125 14.3566 -0.125 -4.12 19.28 -0.12 -4.05 19.3 0.67
2 24 -4.12 19.28 -0.12 -4.05 19.3 0.67
5 24 -4.05 19.3 0.67 -4.125 14.3566 -0.125 -4.12 19.28 -0.12 -3.811003 14.3566 1.453569
3 16 -4.125 14.3566 -0.125 -4.05 19.3 0.67 -3.811003 14.3566 1.453569
5 24 -4.05 19.3 0.67 -3.811003 14.3566 1.453569 -4.125 14.3566 -0.125 -3.810141 19.34597 1.455649
3 16 -3.811003 14.3566 1.453569 -4.05 19.3 0.67 -3.810141 19.34597 1.455649
2 24 -4.05 19.3 0.67 -3.810141 19.34597 1.455649
5 24 -3.810141 19.34597 1.455649 -3.811003 14.3566 1.453569 -4.05 19.3 0.67 -2.916889 19.50065 2.791742
4 16 -3.811003 14.3566 1.453569 -3.810141 19.34597 1.455649 -2.916889 19.50065 2.791742 -2.916815 14.3566 2.791815
2 24 -3.810141 19.34597 1.455649 -2.916889 19.50065 2.791742
5 24 -2.916889 19.50065 2.791742 -2.916815 14.3566 2.791815 -3.811003 14.3566 1.453569 -1.580747 19.65413 3.6851
4 16 -2.916815 14.3566 2.791815 -2.916889 19.50065 2.791742 -1.580747 19.65413 3.6851 -1.578569 14.3566 3.686003
2 24 -2.916889 19.50065 2.791742 -1.580747 19.65413 3.6851
5 24 -1.580747 19.65413 3.6851 -1.578569 14.3566 3.686003 -2.916815 14.3566 2.791815 -0.79 19.7 3.92
3 16 -1.578569 14.3566 3.686003 -1.580747 19.65413 3.6851 -0.79 19.7 3.92
2 24 -1.580747 19.65413 3.6851 -0.79 19.7 3.92
5 24 -0.79 19.7 3.92 -1.578569 14.3566 3.686003 -1.580747 19.65413 3.6851 0 14.3566 4
3 16 -1.578569 14.3566 3.686003 -0.79 19.7 3.92 0 14.3566 4
5 24 -0.79 19.7 3.92 0 14.3566 4 -1.578569 14.3566 3.686003 0 19.72 4
3 16 0 14.3566 4 -0.79 19.7 3.92 0 19.72 4
2 24 -0.79 19.7 3.92 0 19.72 4
5 24 0 19.72 4 0 14.3566 4 -0.79 19.7 3.92 0.79 19.7 3.92
3 16 0 14.3566 4 0 19.72 4 0.79 19.7 3.92
2 24 0 19.72 4 0.79 19.7 3.92
5 24 0.79 19.7 3.92 0 14.3566 4 0 19.72 4 1.578569 14.3566 3.686003
3 16 0 14.3566 4 0.79 19.7 3.92 1.578569 14.3566 3.686003
5 24 0.79 19.7 3.92 1.578569 14.3566 3.686003 0 14.3566 4 1.580747 19.65413 3.6851
3 16 1.578569 14.3566 3.686003 0.79 19.7 3.92 1.580747 19.65413 3.6851
2 24 0.79 19.7 3.92 1.580747 19.65413 3.6851
5 24 1.580747 19.65413 3.6851 1.578569 14.3566 3.686003 0.79 19.7 3.92 2.916889 19.50065 2.791742
4 16 1.578569 14.3566 3.686003 1.580747 19.65413 3.6851 2.916889 19.50065 2.791742 2.916815 14.3566 2.791815
2 24 1.580747 19.65413 3.6851 2.916889 19.50065 2.791742
5 24 2.916889 19.50065 2.791742 2.916815 14.3566 2.791815 1.578569 14.3566 3.686003 3.810141 19.34597 1.455649
4 16 2.916815 14.3566 2.791815 2.916889 19.50065 2.791742 3.810141 19.34597 1.455649 3.811003 14.3566 1.453569
2 24 2.916889 19.50065 2.791742 3.810141 19.34597 1.455649
5 24 3.810141 19.34597 1.455649 3.811003 14.3566 1.453569 2.916815 14.3566 2.791815 4.05 19.3 0.67
3 16 3.811003 14.3566 1.453569 3.810141 19.34597 1.455649 4.05 19.3 0.67
2 24 3.810141 19.34597 1.455649 4.05 19.3 0.67
5 24 4.05 19.3 0.67 3.811003 14.3566 1.453569 3.810141 19.34597 1.455649 4.125 14.3566 -0.125
3 16 3.811003 14.3566 1.453569 4.05 19.3 0.67 4.125 14.3566 -0.125
4 16 -7.125 8.106602 10 -7.125 8.106602 -4.238621 -7.125 14.3566 -4.238621 -7.125 14.3566 10
2 24 -7.125 8.106602 -4.238621 -7.125 14.3566 -4.238621
4 16 0 14.3566 -8.352241 -7.125 14.3566 -4.238621 -7.125 8.106602 -4.238621 0 8.106602 -8.352241
2 24 0 8.106602 -8.352241 0 14.3566 -8.352241
3 16 4.04 4.77 -0.94 4.419417 4.419417 -20 4.12 4.7 -0.12
5 24 4.04 4.77 -0.94 4.419417 4.419417 -20 4.12 4.7 -0.12 3.804236 4.95886 -1.719808
5 24 4.419417 4.419417 -20 4.12 4.7 -0.12 4.04 4.77 -0.94 4.419417 4.419417 10
2 24 4.12 4.7 -0.12 4.04 4.77 -0.94
3 16 4.12 4.7 -0.12 4.419417 4.419417 -20 4.419417 4.419417 10
5 24 4.419417 4.419417 -20 4.419417 4.419417 10 4.12 4.7 -0.12 5.774247 2.391771 -20
5 24 4.419417 4.419417 10 4.12 4.7 -0.12 4.419417 4.419417 -20 4.04 4.77 0.69
3 16 4.12 4.7 -0.12 4.419417 4.419417 10 4.04 4.77 0.69
5 24 4.419417 4.419417 10 4.04 4.77 0.69 4.12 4.7 -0.12 3.804236 4.95886 1.469808
2 24 4.04 4.77 0.69 4.12 4.7 -0.12
3 16 4.04 4.77 0.69 4.419417 4.419417 10 3.804236 4.95886 1.469808
5 24 4.419417 4.419417 10 3.804236 4.95886 1.469808 4.04 4.77 0.69 2.391771 5.774247 10
2 24 3.804236 4.95886 1.469808 4.04 4.77 0.69
3 16 4.04 4.77 -0.94 3.804236 4.95886 -1.719808 4.419417 4.419417 -20
2 24 4.04 4.77 -0.94 3.804236 4.95886 -1.719808
5 24 3.804236 4.95886 -1.719808 4.419417 4.419417 -20 4.04 4.77 -0.94 2.92804 5.52169 -3.030545
3 16 4.419417 4.419417 -20 3.804236 4.95886 -1.719808 2.92804 5.52169 -3.030545
2 24 3.804236 4.95886 -1.719808 2.92804 5.52169 -3.030545
3 16 4.419417 4.419417 -20 2.92804 5.52169 -3.030545 2.391771 5.774247 -20
5 24 2.92804 5.52169 -3.030545 2.391771 5.774247 -20 4.419417 4.419417 -20 1.610889 6.038835 -3.922454
3 16 2.391771 5.774247 -20 2.92804 5.52169 -3.030545 1.610889 6.038835 -3.922454
2 24 2.92804 5.52169 -3.030545 1.610889 6.038835 -3.922454
5 24 1.610889 6.038835 -3.922454 2.391771 5.774247 -20 2.92804 5.52169 -3.030545 0.8169446 6.195283 -4.167104
4 16 2.391771 5.774247 -20 1.610889 6.038835 -3.922454 0.8169446 6.195283 -4.167104 0 6.25 -20
2 24 1.610889 6.038835 -3.922454 0.8169446 6.195283 -4.167104
5 24 0.8169446 6.195283 -4.167104 0 6.25 -20 2.391771 5.774247 -20 0 6.25 -4.25
3 16 0 6.25 -20 0.8169446 6.195283 -4.167104 0 6.25 -4.25
2 24 0.8169446 6.195283 -4.167104 0 6.25 -4.25
5 24 0 6.25 -4.25 0 6.25 -20 0.8169446 6.195283 -4.167104 -0.8169446 6.195283 -4.167104
3 16 0 6.25 -20 0 6.25 -4.25 -0.8169446 6.195283 -4.167104
2 24 0 6.25 -4.25 -0.8169446 6.195283 -4.167104
5 24 -0.8169446 6.195283 -4.167104 0 6.25 -20 0 6.25 -4.25 -1.610889 6.038835 -3.922454
4 16 -0.8169446 6.195283 -4.167104 -1.610889 6.038835 -3.922454 -2.391771 5.774247 -20 0 6.25 -20
2 24 -0.8169446 6.195283 -4.167104 -1.610889 6.038835 -3.922454
5 24 -1.610889 6.038835 -3.922454 -2.391771 5.774247 -20 0 6.25 -20 -2.92804 5.52169 -3.030545
3 16 -1.610889 6.038835 -3.922454 -2.92804 5.52169 -3.030545 -2.391771 5.774247 -20
2 24 -1.610889 6.038835 -3.922454 -2.92804 5.52169 -3.030545
5 24 -2.92804 5.52169 -3.030545 -2.391771 5.774247 -20 -1.610889 6.038835 -3.922454 -3.804236 4.95886 -1.719808
3 16 -2.391771 5.774247 -20 -2.92804 5.52169 -3.030545 -3.804236 4.95886 -1.719808
2 24 -2.92804 5.52169 -3.030545 -3.804236 4.95886 -1.719808
5 24 -3.804236 4.95886 -1.719808 -2.391771 5.774247 -20 -2.92804 5.52169 -3.030545 -4.419417 4.419417 -20
3 16 -2.391771 5.774247 -20 -3.804236 4.95886 -1.719808 -4.419417 4.419417 -20
5 24 -3.804236 4.95886 -1.719808 -4.419417 4.419417 -20 -2.391771 5.774247 -20 -4.04 4.77 -0.94
3 16 -4.419417 4.419417 -20 -3.804236 4.95886 -1.719808 -4.04 4.77 -0.94
2 24 -3.804236 4.95886 -1.719808 -4.04 4.77 -0.94
5 24 -4.04 4.77 -0.94 -4.419417 4.419417 -20 -3.804236 4.95886 -1.719808 -4.13 4.7 -0.12
3 16 -4.419417 4.419417 -20 -4.04 4.77 -0.94 -4.13 4.7 -0.12
2 24 -4.04 4.77 -0.94 -4.13 4.7 -0.12
5 24 -4.13 4.7 -0.12 -4.419417 4.419417 -20 -4.04 4.77 -0.94 -4.419417 4.419417 10
3 16 -4.419417 4.419417 -20 -4.13 4.7 -0.12 -4.419417 4.419417 10
5 24 -4.13 4.7 -0.12 -4.419417 4.419417 10 -4.419417 4.419417 -20 -4.04 4.77 0.69
5 24 -4.419417 4.419417 10 -4.419417 4.419417 -20 -4.13 4.7 -0.12 -5.774247 2.391771 10
3 16 -4.419417 4.419417 10 -4.13 4.7 -0.12 -4.04 4.77 0.69
2 24 -4.13 4.7 -0.12 -4.04 4.77 0.69
5 24 -4.04 4.77 0.69 -4.419417 4.419417 10 -4.13 4.7 -0.12 -3.804236 4.95886 1.469808
3 16 -4.419417 4.419417 10 -4.04 4.77 0.69 -3.804236 4.95886 1.469808
2 24 -4.04 4.77 0.69 -3.804236 4.95886 1.469808
5 24 -3.804236 4.95886 1.469808 -4.419417 4.419417 10 -4.04 4.77 0.69 -2.92804 5.52169 2.780545
4 16 -3.804236 4.95886 1.469808 -2.92804 5.52169 2.780545 -2.391771 5.774247 10 -4.419417 4.419417 10
2 24 -3.804236 4.95886 1.469808 -2.92804 5.52169 2.780545
5 24 -2.92804 5.52169 2.780545 -2.391771 5.774247 10 -4.419417 4.419417 10 -1.610889 6.038835 3.672454
3 16 -2.92804 5.52169 2.780545 -1.610889 6.038835 3.672454 -2.391771 5.774247 10
2 24 -2.92804 5.52169 2.780545 -1.610889 6.038835 3.672454
5 24 -1.610889 6.038835 3.672454 -2.391771 5.774247 10 -2.92804 5.52169 2.780545 -0.8169446 6.195283 3.917104
4 16 -2.391771 5.774247 10 -1.610889 6.038835 3.672454 -0.8169446 6.195283 3.917104 0 6.25 10
2 24 -1.610889 6.038835 3.672454 -0.8169446 6.195283 3.917104
5 24 -0.8169446 6.195283 3.917104 0 6.25 10 -2.391771 5.774247 10 0 6.25 4
3 16 0 6.25 10 -0.8169446 6.195283 3.917104 0 6.25 4
2 24 -0.8169446 6.195283 3.917104 0 6.25 4
5 24 0 6.25 4 0 6.25 10 -0.8169446 6.195283 3.917104 0.8169446 6.195283 3.917104
3 16 0 6.25 10 0 6.25 4 0.8169446 6.195283 3.917104
2 24 0 6.25 4 0.8169446 6.195283 3.917104
5 24 0.8169446 6.195283 3.917104 0 6.25 10 0 6.25 4 1.610889 6.038835 3.672454
4 16 0 6.25 10 0.8169446 6.195283 3.917104 1.610889 6.038835 3.672454 2.391771 5.774247 10
2 24 0.8169446 6.195283 3.917104 1.610889 6.038835 3.672454
5 24 1.610889 6.038835 3.672454 2.391771 5.774247 10 0 6.25 10 2.92804 5.52169 2.780545
3 16 2.391771 5.774247 10 1.610889 6.038835 3.672454 2.92804 5.52169 2.780545
2 24 1.610889 6.038835 3.672454 2.92804 5.52169 2.780545
5 24 2.92804 5.52169 2.780545 2.391771 5.774247 10 1.610889 6.038835 3.672454 3.804236 4.95886 1.469808
4 16 2.92804 5.52169 2.780545 3.804236 4.95886 1.469808 4.419417 4.419417 10 2.391771 5.774247 10
2 24 2.92804 5.52169 2.780545 3.804236 4.95886 1.469808
3 16 4.04 -4.77 0.69 4.419417 -4.419417 10 4.12 -4.7 -0.12
5 24 4.04 -4.77 0.69 4.419417 -4.419417 10 4.12 -4.7 -0.12 3.804236 -4.95886 1.469808
5 24 4.419417 -4.419417 10 4.12 -4.7 -0.12 4.04 -4.77 0.69 4.419417 -4.419417 -20
2 24 4.12 -4.7 -0.12 4.04 -4.77 0.69
3 16 4.12 -4.7 -0.12 4.419417 -4.419417 10 4.419417 -4.419417 -20
5 24 4.419417 -4.419417 10 4.419417 -4.419417 -20 4.12 -4.7 -0.12 5.774247 -2.391771 10
5 24 4.419417 -4.419417 -20 4.12 -4.7 -0.12 4.419417 -4.419417 10 4.04 -4.77 -0.94
3 16 4.12 -4.7 -0.12 4.419417 -4.419417 -20 4.04 -4.77 -0.94
5 24 4.419417 -4.419417 -20 4.04 -4.77 -0.94 4.12 -4.7 -0.12 3.804236 -4.95886 -1.719808
2 24 4.04 -4.77 -0.94 4.12 -4.7 -0.12
3 16 4.04 -4.77 -0.94 4.419417 -4.419417 -20 3.804236 -4.95886 -1.719808
5 24 4.419417 -4.419417 -20 3.804236 -4.95886 -1.719808 4.04 -4.77 -0.94 2.391771 -5.774247 -20
2 24 3.804236 -4.95886 -1.719808 4.04 -4.77 -0.94
3 16 4.04 -4.77 0.69 3.804236 -4.95886 1.469808 4.419417 -4.419417 10
2 24 4.04 -4.77 0.69 3.804236 -4.95886 1.469808
5 24 3.804236 -4.95886 1.469808 4.419417 -4.419417 10 4.04 -4.77 0.69 2.92804 -5.52169 2.780545
4 16 4.419417 -4.419417 10 3.804236 -4.95886 1.469808 2.92804 -5.52169 2.780545 2.391771 -5.774247 10
2 24 3.804236 -4.95886 1.469808 2.92804 -5.52169 2.780545
5 24 2.92804 -5.52169 2.780545 2.391771 -5.774247 10 4.419417 -4.419417 10 1.610889 -6.038835 3.672454
3 16 2.391771 -5.774247 10 2.92804 -5.52169 2.780545 1.610889 -6.038835 3.672454
2 24 2.92804 -5.52169 2.780545 1.610889 -6.038835 3.672454
5 24 1.610889 -6.038835 3.672454 2.391771 -5.774247 10 2.92804 -5.52169 2.780545 0.8169446 -6.195283 3.917104
4 16 2.391771 -5.774247 10 1.610889 -6.038835 3.672454 0.8169446 -6.195283 3.917104 0 -6.25 10
2 24 1.610889 -6.038835 3.672454 0.8169446 -6.195283 3.917104
5 24 0.8169446 -6.195283 3.917104 0 -6.25 10 2.391771 -5.774247 10 0 -6.25 4
3 16 0 -6.25 10 0.8169446 -6.195283 3.917104 0 -6.25 4
2 24 0.8169446 -6.195283 3.917104 0 -6.25 4
5 24 0 -6.25 4 0 -6.25 10 0.8169446 -6.195283 3.917104 -0.8169446 -6.195283 3.917104
3 16 0 -6.25 10 0 -6.25 4 -0.8169446 -6.195283 3.917104
2 24 0 -6.25 4 -0.8169446 -6.195283 3.917104
5 24 -0.8169446 -6.195283 3.917104 0 -6.25 10 0 -6.25 4 -1.610889 -6.038835 3.672454
4 16 0 -6.25 10 -0.8169446 -6.195283 3.917104 -1.610889 -6.038835 3.672454 -2.391771 -5.774247 10
2 24 -0.8169446 -6.195283 3.917104 -1.610889 -6.038835 3.672454
5 24 -1.610889 -6.038835 3.672454 -2.391771 -5.774247 10 0 -6.25 10 -2.92804 -5.52169 2.780545
3 16 -2.391771 -5.774247 10 -1.610889 -6.038835 3.672454 -2.92804 -5.52169 2.780545
2 24 -1.610889 -6.038835 3.672454 -2.92804 -5.52169 2.780545
5 24 -2.92804 -5.52169 2.780545 -2.391771 -5.774247 10 -1.610889 -6.038835 3.672454 -3.804236 -4.95886 1.469808
4 16 -2.92804 -5.52169 2.780545 -3.804236 -4.95886 1.469808 -4.419417 -4.419417 10 -2.391771 -5.774247 10
2 24 -2.92804 -5.52169 2.780545 -3.804236 -4.95886 1.469808
5 24 -3.804236 -4.95886 1.469808 -4.419417 -4.419417 10 -2.391771 -5.774247 10 -4.04 -4.77 0.69
3 16 -3.804236 -4.95886 1.469808 -4.04 -4.77 0.69 -4.419417 -4.419417 10
2 24 -3.804236 -4.95886 1.469808 -4.04 -4.77 0.69
5 24 -4.04 -4.77 0.69 -4.419417 -4.419417 10 -3.804236 -4.95886 1.469808 -4.13 -4.7 -0.12
3 16 -4.419417 -4.419417 10 -4.04 -4.77 0.69 -4.13 -4.7 -0.12
2 24 -4.04 -4.77 0.69 -4.13 -4.7 -0.12
5 24 -4.13 -4.7 -0.12 -4.419417 -4.419417 10 -4.04 -4.77 0.69 -4.419417 -4.419417 -20
3 16 -4.419417 -4.419417 10 -4.13 -4.7 -0.12 -4.419417 -4.419417 -20
5 24 -4.13 -4.7 -0.12 -4.419417 -4.419417 -20 -4.419417 -4.419417 10 -4.04 -4.77 -0.94
5 24 -4.419417 -4.419417 -20 -4.419417 -4.419417 10 -4.13 -4.7 -0.12 -5.774247 -2.391771 -20
3 16 -4.419417 -4.419417 -20 -4.13 -4.7 -0.12 -4.04 -4.77 -0.94
2 24 -4.13 -4.7 -0.12 -4.04 -4.77 -0.94
5 24 -4.04 -4.77 -0.94 -4.419417 -4.419417 -20 -4.13 -4.7 -0.12 -3.804236 -4.95886 -1.719808
3 16 -4.419417 -4.419417 -20 -4.04 -4.77 -0.94 -3.804236 -4.95886 -1.719808
2 24 -4.04 -4.77 -0.94 -3.804236 -4.95886 -1.719808
5 24 -3.804236 -4.95886 -1.719808 -4.419417 -4.419417 -20 -4.04 -4.77 -0.94 -2.92804 -5.52169 -3.030545
3 16 -3.804236 -4.95886 -1.719808 -2.92804 -5.52169 -3.030545 -4.419417 -4.419417 -20
2 24 -3.804236 -4.95886 -1.719808 -2.92804 -5.52169 -3.030545
3 16 -4.419417 -4.419417 -20 -2.92804 -5.52169 -3.030545 -2.391771 -5.774247 -20
5 24 -2.92804 -5.52169 -3.030545 -2.391771 -5.774247 -20 -4.419417 -4.419417 -20 -1.610889 -6.038835 -3.922454
3 16 -2.92804 -5.52169 -3.030545 -1.610889 -6.038835 -3.922454 -2.391771 -5.774247 -20
2 24 -2.92804 -5.52169 -3.030545 -1.610889 -6.038835 -3.922454
5 24 -1.610889 -6.038835 -3.922454 -2.391771 -5.774247 -20 -2.92804 -5.52169 -3.030545 -0.8169446 -6.195283 -4.167104
4 16 -2.391771 -5.774247 -20 -1.610889 -6.038835 -3.922454 -0.8169446 -6.195283 -4.167104 0 -6.25 -20
2 24 -1.610889 -6.038835 -3.922454 -0.8169446 -6.195283 -4.167104
5 24 -0.8169446 -6.195283 -4.167104 0 -6.25 -20 -2.391771 -5.774247 -20 0 -6.25 -4.25
3 16 0 -6.25 -20 -0.8169446 -6.195283 -4.167104 0 -6.25 -4.25
2 24 -0.8169446 -6.195283 -4.167104 0 -6.25 -4.25
5 24 0 -6.25 -4.25 0 -6.25 -20 -0.8169446 -6.195283 -4.167104 0.8169446 -6.195283 -4.167104
3 16 0 -6.25 -20 0 -6.25 -4.25 0.8169446 -6.195283 -4.167104
2 24 0 -6.25 -4.25 0.8169446 -6.195283 -4.167104
5 24 0.8169446 -6.195283 -4.167104 0 -6.25 -20 0 -6.25 -4.25 1.610889 -6.038835 -3.922454
4 16 0.8169446 -6.195283 -4.167104 1.610889 -6.038835 -3.922454 2.391771 -5.774247 -20 0 -6.25 -20
2 24 0.8169446 -6.195283 -4.167104 1.610889 -6.038835 -3.922454
5 24 1.610889 -6.038835 -3.922454 2.391771 -5.774247 -20 0 -6.25 -20 2.92804 -5.52169 -3.030545
3 16 1.610889 -6.038835 -3.922454 2.92804 -5.52169 -3.030545 2.391771 -5.774247 -20
2 24 1.610889 -6.038835 -3.922454 2.92804 -5.52169 -3.030545
5 24 2.92804 -5.52169 -3.030545 2.391771 -5.774247 -20 1.610889 -6.038835 -3.922454 3.804236 -4.95886 -1.719808
3 16 2.391771 -5.774247 -20 2.92804 -5.52169 -3.030545 3.804236 -4.95886 -1.719808
2 24 2.92804 -5.52169 -3.030545 3.804236 -4.95886 -1.719808
5 24 3.804236 -4.95886 -1.719808 2.391771 -5.774247 -20 2.92804 -5.52169 -3.030545 4.419417 -4.419417 -20
3 16 2.391771 -5.774247 -20 3.804236 -4.95886 -1.719808 4.419417 -4.419417 -20
4 16 7.125 14.3566 10 7.125 14.3566 -4.238621 7.125 8.106602 -4.238621 7.125 8.106602 10
2 24 7.125 14.3566 -4.238621 7.125 8.106602 -4.238621
4 16 0 8.106602 -8.352241 7.125 8.106602 -4.238621 7.125 14.3566 -4.238621 0 14.3566 -8.352241
4 16 -2.92804 5.52169 2.780545 -3.804236 4.95886 1.469808 -3.811003 8.106602 1.453569 -2.916815 8.106602 2.791815
5 24 -3.804236 4.95886 1.469808 -3.811003 8.106602 1.453569 -2.916815 8.106602 2.791815 -4.04 4.77 0.69
5 24 -2.916815 8.106602 2.791815 -2.92804 5.52169 2.780545 -3.804236 4.95886 1.469808 -1.578569 8.106602 3.686003
3 16 -3.811003 8.106602 1.453569 -3.804236 4.95886 1.469808 -4.04 4.77 0.69
5 24 -4.04 4.77 0.69 -3.811003 8.106602 1.453569 -3.804236 4.95886 1.469808 -4.125 8.106602 -0.125
3 16 -3.811003 8.106602 1.453569 -4.04 4.77 0.69 -4.125 8.106602 -0.125
5 24 -4.04 4.77 0.69 -4.125 8.106602 -0.125 -3.811003 8.106602 1.453569 -4.13 4.7 -0.12
3 16 -4.125 8.106602 -0.125 -4.04 4.77 0.69 -4.13 4.7 -0.12
5 24 -4.13 4.7 -0.12 -4.125 8.106602 -0.125 -4.04 4.77 0.69 -4.04 4.77 -0.94
3 16 -4.125 8.106602 -0.125 -4.13 4.7 -0.12 -4.04 4.77 -0.94
5 24 -4.04 4.77 -0.94 -4.125 8.106602 -0.125 -4.13 4.7 -0.12 -3.811003 8.106602 -1.703569
4 16 -2.92804 5.52169 2.780545 -2.916815 8.106602 2.791815 -1.578569 8.106602 3.686003 -1.610889 6.038835 3.672454
5 24 -1.578569 8.106602 3.686003 -1.610889 6.038835 3.672454 -2.92804 5.52169 2.780545 -0.8169446 6.195283 3.917104
3 16 -1.610889 6.038835 3.672454 -1.578569 8.106602 3.686003 -0.8169446 6.195283 3.917104
5 24 -1.578569 8.106602 3.686003 -0.8169446 6.195283 3.917104 -1.610889 6.038835 3.672454 0 8.106602 4
3 16 -1.578569 8.106602 3.686003 0 8.106602 4 -0.8169446 6.195283 3.917104
5 24 0 8.106602 4 -0.8169446 6.195283 3.917104 -1.578569 8.106602 3.686003 0 6.25 4
3 16 -0.8169446 6.195283 3.917104 0 8.106602 4 0 6.25 4
5 24 0 8.106602 4 0 6.25 4 -0.8169446 6.195283 3.917104 0.8169446 6.195283 3.917104
3 16 0 6.25 4 0 8.106602 4 0.8169446 6.195283 3.917104
5 24 0 8.106602 4 0.8169446 6.195283 3.917104 0 6.25 4 1.578569 8.106602 3.686003
3 16 0.8169446 6.195283 3.917104 0 8.106602 4 1.578569 8.106602 3.686003
5 24 1.578569 8.106602 3.686003 0.8169446 6.195283 3.917104 0 8.106602 4 1.610889 6.038835 3.672454
3 16 0.8169446 6.195283 3.917104 1.578569 8.106602 3.686003 1.610889 6.038835 3.672454
5 24 1.578569 8.106602 3.686003 1.610889 6.038835 3.672454 0.8169446 6.195283 3.917104 2.916815 8.106602 2.791815
4 16 1.610889 6.038835 3.672454 1.578569 8.106602 3.686003 2.916815 8.106602 2.791815 2.92804 5.52169 2.780545
2 24 2.916815 8.106602 2.791815 2.92804 5.52169 2.780545
4 16 2.92804 5.52169 2.780545 2.916815 8.106602 2.791815 3.811003 8.106602 1.453569 3.804236 4.95886 1.469808
5 24 3.811003 8.106602 1.453569 3.804236 4.95886 1.469808 2.92804 5.52169 2.780545 4.04 4.77 0.69
3 16 3.804236 4.95886 1.469808 3.811003 8.106602 1.453569 4.04 4.77 0.69
5 24 3.811003 8.106602 1.453569 4.04 4.77 0.69 3.804236 4.95886 1.469808 4.125 8.106602 -0.125
3 16 3.811003 8.106602 1.453569 4.125 8.106602 -0.125 4.04 4.77 0.69
5 24 4.125 8.106602 -0.125 4.04 4.77 0.69 3.811003 8.106602 1.453569 4.12 4.7 -0.12
3 16 4.04 4.77 0.69 4.125 8.106602 -0.125 4.12 4.7 -0.12
5 24 4.125 8.106602 -0.125 4.12 4.7 -0.12 4.04 4.77 0.69 4.04 4.77 -0.94
3 16 4.12 4.7 -0.12 4.125 8.106602 -0.125 4.04 4.77 -0.94
5 24 4.125 8.106602 -0.125 4.04 4.77 -0.94 4.12 4.7 -0.12 3.811003 8.106602 -1.703569
3 16 4.04 4.77 -0.94 4.125 8.106602 -0.125 3.811003 8.106602 -1.703569
5 24 3.811003 8.106602 -1.703569 4.04 4.77 -0.94 4.125 8.106602 -0.125 3.804236 4.95886 -1.719808
3 16 4.04 4.77 -0.94 3.811003 8.106602 -1.703569 3.804236 4.95886 -1.719808
5 24 3.811003 8.106602 -1.703569 3.804236 4.95886 -1.719808 4.04 4.77 -0.94 2.916815 8.106602 -3.041815
4 16 3.804236 4.95886 -1.719808 3.811003 8.106602 -1.703569 2.916815 8.106602 -3.041815 2.92804 5.52169 -3.030545
5 24 2.916815 8.106602 -3.041815 2.92804 5.52169 -3.030545 3.804236 4.95886 -1.719808 1.578569 8.106602 -3.936003
4 16 2.92804 5.52169 -3.030545 2.916815 8.106602 -3.041815 1.578569 8.106602 -3.936003 1.610889 6.038835 -3.922454
5 24 1.578569 8.106602 -3.936003 1.610889 6.038835 -3.922454 2.92804 5.52169 -3.030545 0.8169446 6.195283 -4.167104
3 16 1.610889 6.038835 -3.922454 1.578569 8.106602 -3.936003 0.8169446 6.195283 -4.167104
5 24 1.578569 8.106602 -3.936003 0.8169446 6.195283 -4.167104 1.610889 6.038835 -3.922454 0 8.106602 -4.25
3 16 1.578569 8.106602 -3.936003 0 8.106602 -4.25 0.8169446 6.195283 -4.167104
5 24 0 8.106602 -4.25 0.8169446 6.195283 -4.167104 1.578569 8.106602 -3.936003 0 6.25 -4.25
3 16 0.8169446 6.195283 -4.167104 0 8.106602 -4.25 0 6.25 -4.25
5 24 0 8.106602 -4.25 0 6.25 -4.25 0.8169446 6.195283 -4.167104 -0.8169446 6.195283 -4.167104
3 16 0 6.25 -4.25 0 8.106602 -4.25 -0.8169446 6.195283 -4.167104
5 24 0 8.106602 -4.25 -0.8169446 6.195283 -4.167104 0 6.25 -4.25 -1.578569 8.106602 -3.936003
3 16 -0.8169446 6.195283 -4.167104 0 8.106602 -4.25 -1.578569 8.106602 -3.936003
5 24 -1.578569 8.106602 -3.936003 -0.8169446 6.195283 -4.167104 0 8.106602 -4.25 -1.610889 6.038835 -3.922454
3 16 -0.8169446 6.195283 -4.167104 -1.578569 8.106602 -3.936003 -1.610889 6.038835 -3.922454
5 24 -1.578569 8.106602 -3.936003 -1.610889 6.038835 -3.922454 -0.8169446 6.195283 -4.167104 -2.916815 8.106602 -3.041815
4 16 -1.610889 6.038835 -3.922454 -1.578569 8.106602 -3.936003 -2.916815 8.106602 -3.041815 -2.92804 5.52169 -3.030545
2 24 -2.916815 8.106602 -3.041815 -2.92804 5.52169 -3.030545
4 16 -2.92804 5.52169 -3.030545 -2.916815 8.106602 -3.041815 -3.811003 8.106602 -1.703569 -3.804236 4.95886 -1.719808
5 24 -3.811003 8.106602 -1.703569 -3.804236 4.95886 -1.719808 -2.92804 5.52169 -3.030545 -4.04 4.77 -0.94
3 16 -3.804236 4.95886 -1.719808 -3.811003 8.106602 -1.703569 -4.04 4.77 -0.94
5 24 -3.811003 8.106602 -1.703569 -4.04 4.77 -0.94 -3.804236 4.95886 -1.719808 -4.125 8.106602 -0.125
3 16 -3.811003 8.106602 -1.703569 -4.125 8.106602 -0.125 -4.04 4.77 -0.94
3 16 -4.05 -19.3 -0.92 -4.13 -19.28 -0.12 -6.890851 -18.4743 -10
2 24 -4.05 -19.3 -0.92 -4.13 -19.28 -0.12
5 24 -4.13 -19.28 -0.12 -6.890851 -18.4743 -10 -4.05 -19.3 -0.92 -7.545598 -18.21668 10
5 24 -6.890851 -18.4743 -10 -4.05 -19.3 -0.92 -4.13 -19.28 -0.12 -3.810141 -19.34597 -1.705649
3 16 -6.890851 -18.4743 -10 -4.13 -19.28 -0.12 -7.545598 -18.21668 10
5 24 -4.13 -19.28 -0.12 -7.545598 -18.21668 10 -6.890851 -18.4743 -10 -4.05 -19.3 0.67
5 24 -7.545598 -18.21668 10 -6.890851 -18.4743 -10 -4.13 -19.28 -0.12 -13.43612 -14.43101 -10
3 16 -6.890851 -18.4743 -10 -7.545598 -18.21668 10 -13.43612 -14.43101 -10
5 24 -7.545598 -18.21668 10 -13.43612 -14.43101 -10 -6.890851 -18.4743 -10 -13.94245 -13.94245 10
3 16 -13.43612 -14.43101 -10 -7.545598 -18.21668 10 -13.94245 -13.94245 10
5 24 -13.94245 -13.94245 10 -13.43612 -14.43101 -10 -7.545598 -18.21668 10 -17.93587 -8.190736 -10
3 16 -13.43612 -14.43101 -10 -13.94245 -13.94245 10 -17.93587 -8.190736 -10
5 24 -13.94245 -13.94245 10 -17.93587 -8.190736 -10 -13.43612 -14.43101 -10 -18.21668 -7.545598 10
3 16 -17.93587 -8.190736 -10 -13.94245 -13.94245 10 -18.21668 -7.545598 10
5 24 -18.21668 -7.545598 10 -17.93587 -8.190736 -10 -13.94245 -13.94245 10 -19.70504 -0.7034931 -10
3 16 -17.93587 -8.190736 -10 -18.21668 -7.545598 10 -19.70504 -0.7034931 -10
5 24 -18.21668 -7.545598 10 -19.70504 -0.7034931 -10 -17.93587 -8.190736 -10 -19.7176 0 10
3 16 -19.70504 -0.7034931 -10 -18.21668 -7.545598 10 -19.7176 0 10
5 24 -19.7176 0 10 -19.70504 -0.7034931 -10 -18.21668 -7.545598 10 -18.4743 6.890851 -10
3 16 -19.70504 -0.7034931 -10 -19.7176 0 10 -18.4743 6.890851 -10
5 24 -19.7176 0 10 -18.4743 6.890851 -10 -19.70504 -0.7034931 -10 -18.21668 7.545598 10
3 16 -18.4743 6.890851 -10 -19.7176 0 10 -18.21668 7.545598 10
5 24 -18.21668 7.545598 10 -18.4743 6.890851 -10 -19.7176 0 10 -14.43101 13.43612 -10
3 16 -18.4743 6.890851 -10 -18.21668 7.545598 10 -14.43101 13.43612 -10
5 24 -18.21668 7.545598 10 -14.43101 13.43612 -10 -18.4743 6.890851 -10 -13.94245 13.94245 10
3 16 -14.43101 13.43612 -10 -18.21668 7.545598 10 -13.94245 13.94245 10
5 24 -13.94245 13.94245 10 -14.43101 13.43612 -10 -18.21668 7.545598 10 -8.190736 17.93587 -10
3 16 -14.43101 13.43612 -10 -13.94245 13.94245 10 -8.190736 17.93587 -10
5 24 -13.94245 13.94245 10 -8.190736 17.93587 -10 -14.43101 13.43612 -10 -7.545598 18.21668 10
3 16 -8.190736 17.93587 -10 -13.94245 13.94245 10 -7.545598 18.21668 10
5 24 -7.545598 18.21668 10 -8.190736 17.93587 -10 -13.94245 13.94245 10 -4.12 19.28 -0.12
3 16 -8.190736 17.93587 -10 -7.545598 18.21668 10 -4.12 19.28 -0.12
5 24 -7.545598 18.21668 10 -4.12 19.28 -0.12 -8.190736 17.93587 -10 -4.05 19.3 0.67
5 24 -4.12 19.28 -0.12 -8.190736 17.93587 -10 -7.545598 18.21668 10 -4.05 19.3 -0.92
3 16 -4.12 19.28 -0.12 -7.545598 18.21668 10 -4.05 19.3 0.67
5 24 -7.545598 18.21668 10 -4.05 19.3 0.67 -4.12 19.28 -0.12 -3.810141 19.34597 1.455649
3 16 -0.79 -19.7 -4.17 -1.580747 -19.65413 -3.9351 0.7034931 -19.70504 -10
2 24 -0.79 -19.7 -4.17 -1.580747 -19.65413 -3.9351
5 24 -1.580747 -19.65413 -3.9351 0.7034931 -19.70504 -10 -0.79 -19.7 -4.17 -2.916889 -19.50065 -3.041742
5 24 0.7034931 -19.70504 -10 -0.79 -19.7 -4.17 -1.580747 -19.65413 -3.9351 0 -19.72 -4.25
3 16 0.7034931 -19.70504 -10 -1.580747 -19.65413 -3.9351 -2.916889 -19.50065 -3.041742
2 24 -1.580747 -19.65413 -3.9351 -2.916889 -19.50065 -3.041742
5 24 -2.916889 -19.50065 -3.041742 0.7034931 -19.70504 -10 -1.580747 -19.65413 -3.9351 -6.890851 -18.4743 -10
3 16 0.7034931 -19.70504 -10 -2.916889 -19.50065 -3.041742 -6.890851 -18.4743 -10
5 24 -2.916889 -19.50065 -3.041742 -6.890851 -18.4743 -10 0.7034931 -19.70504 -10 -3.810141 -19.34597 -1.705649
3 16 -6.890851 -18.4743 -10 -2.916889 -19.50065 -3.041742 -3.810141 -19.34597 -1.705649
2 24 -2.916889 -19.50065 -3.041742 -3.810141 -19.34597 -1.705649
5 24 -3.810141 -19.34597 -1.705649 -6.890851 -18.4743 -10 -2.916889 -19.50065 -3.041742 -4.05 -19.3 -0.92
3 16 -6.890851 -18.4743 -10 -3.810141 -19.34597 -1.705649 -4.05 -19.3 -0.92
2 24 -3.810141 -19.34597 -1.705649 -4.05 -19.3 -0.92
3 16 4.12 -19.28 -0.12 4.05 -19.3 -0.92 8.190736 -17.93587 -10
2 24 4.12 -19.28 -0.12 4.05 -19.3 -0.92
5 24 4.05 -19.3 -0.92 8.190736 -17.93587 -10 4.12 -19.28 -0.12 3.810141 -19.34597 -1.705649
5 24 8.190736 -17.93587 -10 4.12 -19.28 -0.12 4.05 -19.3 -0.92 7.545598 -18.21668 10
3 16 8.190736 -17.93587 -10 4.05 -19.3 -0.92 3.810141 -19.34597 -1.705649
2 24 4.05 -19.3 -0.92 3.810141 -19.34597 -1.705649
5 24 3.810141 -19.34597 -1.705649 8.190736 -17.93587 -10 4.05 -19.3 -0.92 2.916889 -19.50065 -3.041742
4 16 8.190736 -17.93587 -10 3.810141 -19.34597 -1.705649 2.916889 -19.50065 -3.041742 0.7034931 -19.70504 -10
2 24 3.810141 -19.34597 -1.705649 2.916889 -19.50065 -3.041742
5 24 2.916889 -19.50065 -3.041742 0.7034931 -19.70504 -10 8.190736 -17.93587 -10 1.580747 -19.65413 -3.9351
3 16 0.7034931 -19.70504 -10 2.916889 -19.50065 -3.041742 1.580747 -19.65413 -3.9351
2 24 2.916889 -19.50065 -3.041742 1.580747 -19.65413 -3.9351
5 24 1.580747 -19.65413 -3.9351 0.7034931 -19.70504 -10 2.916889 -19.50065 -3.041742 0.79 -19.7 -4.17
3 16 4.05 19.3 -0.92 4.13 19.28 -0.12 6.890851 18.4743 -10
5 24 4.13 19.28 -0.12 6.890851 18.4743 -10 4.05 19.3 -0.92 7.545598 18.21668 10
5 24 6.890851 18.4743 -10 4.05 19.3 -0.92 4.13 19.28 -0.12 3.810141 19.34597 -1.705649
3 16 6.890851 18.4743 -10 4.13 19.28 -0.12 7.545598 18.21668 10
5 24 4.13 19.28 -0.12 7.545598 18.21668 10 6.890851 18.4743 -10 4.05 19.3 0.67
5 24 7.545598 18.21668 10 6.890851 18.4743 -10 4.13 19.28 -0.12 13.43612 14.43101 -10
3 16 6.890851 18.4743 -10 7.545598 18.21668 10 13.43612 14.43101 -10
5 24 7.545598 18.21668 10 13.43612 14.43101 -10 6.890851 18.4743 -10 13.94245 13.94245 10
3 16 13.43612 14.43101 -10 7.545598 18.21668 10 13.94245 13.94245 10
5 24 13.94245 13.94245 10 13.43612 14.43101 -10 7.545598 18.21668 10 17.93587 8.190736 -10
3 16 13.43612 14.43101 -10 13.94245 13.94245 10 17.93587 8.190736 -10
5 24 13.94245 13.94245 10 17.93587 8.190736 -10 13.43612 14.43101 -10 18.21668 7.545598 10
3 16 17.93587 8.190736 -10 13.94245 13.94245 10 18.21668 7.545598 10
5 24 18.21668 7.545598 10 17.93587 8.190736 -10 13.94245 13.94245 10 19.70504 0.7034931 -10
3 16 17.93587 8.190736 -10 18.21668 7.545598 10 19.70504 0.7034931 -10
5 24 18.21668 7.545598 10 19.70504 0.7034931 -10 17.93587 8.190736 -10 19.7176 0 10
3 16 19.70504 0.7034931 -10 18.21668 7.545598 10 19.7176 0 10
5 24 19.7176 0 10 19.70504 0.7034931 -10 18.21668 7.545598 10 18.4743 -6.890851 -10
3 16 19.70504 0.7034931 -10 19.7176 0 10 18.4743 -6.890851 -10
5 24 19.7176 0 10 18.4743 -6.890851 -10 19.70504 0.7034931 -10 18.21668 -7.545598 10
3 16 18.4743 -6.890851 -10 19.7176 0 10 18.21668 -7.545598 10
5 24 18.21668 -7.545598 10 18.4743 -6.890851 -10 19.7176 0 10 14.43101 -13.43612 -10
3 16 18.4743 -6.890851 -10 18.21668 -7.545598 10 14.43101 -13.43612 -10
5 24 18.21668 -7.545598 10 14.43101 -13.43612 -10 18.4743 -6.890851 -10 13.94245 -13.94245 10
3 16 14.43101 -13.43612 -10 18.21668 -7.545598 10 13.94245 -13.94245 10
5 24 13.94245 -13.94245 10 14.43101 -13.43612 -10 18.21668 -7.545598 10 8.190736 -17.93587 -10
3 16 14.43101 -13.43612 -10 13.94245 -13.94245 10 8.190736 -17.93587 -10
5 24 13.94245 -13.94245 10 8.190736 -17.93587 -10 14.43101 -13.43612 -10 7.545598 -18.21668 10
3 16 8.190736 -17.93587 -10 13.94245 -13.94245 10 7.545598 -18.21668 10
5 24 7.545598 -18.21668 10 8.190736 -17.93587 -10 13.94245 -13.94245 10 4.12 -19.28 -0.12
3 16 8.190736 -17.93587 -10 7.545598 -18.21668 10 4.12 -19.28 -0.12
5 24 7.545598 -18.21668 10 4.12 -19.28 -0.12 8.190736 -17.93587 -10 4.05 -19.3 0.67
3 16 4.12 -19.28 -0.12 7.545598 -18.21668 10 4.05 -19.3 0.67
5 24 7.545598 -18.21668 10 4.05 -19.3 0.67 4.12 -19.28 -0.12 3.810141 -19.34597 1.455649
2 24 4.05 -19.3 0.67 4.12 -19.28 -0.12
3 16 0.79 19.7 -4.17 1.580747 19.65413 -3.9351 -0.7034931 19.70504 -10
5 24 1.580747 19.65413 -3.9351 -0.7034931 19.70504 -10 0.79 19.7 -4.17 2.916889 19.50065 -3.041742
5 24 -0.7034931 19.70504 -10 0.79 19.7 -4.17 1.580747 19.65413 -3.9351 0 19.72 -4.25
3 16 -0.7034931 19.70504 -10 1.580747 19.65413 -3.9351 2.916889 19.50065 -3.041742
5 24 2.916889 19.50065 -3.041742 -0.7034931 19.70504 -10 1.580747 19.65413 -3.9351 6.890851 18.4743 -10
3 16 -0.7034931 19.70504 -10 2.916889 19.50065 -3.041742 6.890851 18.4743 -10
5 24 2.916889 19.50065 -3.041742 6.890851 18.4743 -10 -0.7034931 19.70504 -10 3.810141 19.34597 -1.705649
3 16 6.890851 18.4743 -10 2.916889 19.50065 -3.041742 3.810141 19.34597 -1.705649
5 24 3.810141 19.34597 -1.705649 6.890851 18.4743 -10 2.916889 19.50065 -3.041742 4.05 19.3 -0.92
3 16 6.890851 18.4743 -10 3.810141 19.34597 -1.705649 4.05 19.3 -0.92
3 16 -4.05 19.3 -0.92 -3.810141 19.34597 -1.705649 -8.190736 17.93587 -10
5 24 -3.810141 19.34597 -1.705649 -8.190736 17.93587 -10 -4.05 19.3 -0.92 -2.916889 19.50065 -3.041742
5 24 -8.190736 17.93587 -10 -4.05 19.3 -0.92 -3.810141 19.34597 -1.705649 -4.12 19.28 -0.12
4 16 -8.190736 17.93587 -10 -3.810141 19.34597 -1.705649 -2.916889 19.50065 -3.041742 -0.7034931 19.70504 -10
5 24 -2.916889 19.50065 -3.041742 -0.7034931 19.70504 -10 -8.190736 17.93587 -10 -1.580747 19.65413 -3.9351
3 16 -0.7034931 19.70504 -10 -2.916889 19.50065 -3.041742 -1.580747 19.65413 -3.9351
5 24 -1.580747 19.65413 -3.9351 -0.7034931 19.70504 -10 -2.916889 19.50065 -3.041742 -0.79 19.7 -4.17
3 16 -0.7034931 19.70504 -10 -1.580747 19.65413 -3.9351 -0.79 19.7 -4.17
5 24 -0.79 19.7 -4.17 -0.7034931 19.70504 -10 -1.580747 19.65413 -3.9351 0 19.72 -4.25
3 16 -4.05 19.3 0.67 -7.545598 18.21668 10 -3.810141 19.34597 1.455649
5 24 -7.545598 18.21668 10 -3.810141 19.34597 1.455649 -4.05 19.3 0.67 0 19.7176 10
3 16 -3.810141 19.34597 1.455649 -7.545598 18.21668 10 0 19.7176 10
5 24 0 19.7176 10 -3.810141 19.34597 1.455649 -7.545598 18.21668 10 -2.916889 19.50065 2.791742
3 16 -3.810141 19.34597 1.455649 0 19.7176 10 -2.916889 19.50065 2.791742
5 24 0 19.7176 10 -2.916889 19.50065 2.791742 -3.810141 19.34597 1.455649 -1.580747 19.65413 3.6851
3 16 -2.916889 19.50065 2.791742 0 19.7176 10 -1.580747 19.65413 3.6851
5 24 0 19.7176 10 -1.580747 19.65413 3.6851 -2.916889 19.50065 2.791742 -0.79 19.7 3.92
3 16 4.05 19.3 0.67 3.810141 19.34597 1.455649 7.545598 18.21668 10
5 24 3.810141 19.34597 1.455649 7.545598 18.21668 10 4.05 19.3 0.67 2.916889 19.50065 2.791742
5 24 7.545598 18.21668 10 4.05 19.3 0.67 3.810141 19.34597 1.455649 4.13 19.28 -0.12
3 16 7.545598 18.21668 10 3.810141 19.34597 1.455649 2.916889 19.50065 2.791742
5 24 2.916889 19.50065 2.791742 7.545598 18.21668 10 3.810141 19.34597 1.455649 0 19.7176 10
3 16 7.545598 18.21668 10 2.916889 19.50065 2.791742 0 19.7176 10
5 24 2.916889 19.50065 2.791742 0 19.7176 10 7.545598 18.21668 10 1.580747 19.65413 3.6851
3 16 0 19.7176 10 2.916889 19.50065 2.791742 1.580747 19.65413 3.6851
5 24 1.580747 19.65413 3.6851 0 19.7176 10 2.916889 19.50065 2.791742 0.79 19.7 3.92
3 16 0 19.7176 10 1.580747 19.65413 3.6851 0.79 19.7 3.92
5 24 0.79 19.7 3.92 0 19.7176 10 1.580747 19.65413 3.6851 0 19.72 4
3 16 4.05 -19.3 0.67 7.545598 -18.21668 10 3.810141 -19.34597 1.455649
5 24 7.545598 -18.21668 10 3.810141 -19.34597 1.455649 4.05 -19.3 0.67 0 -19.7176 10
2 24 3.810141 -19.34597 1.455649 4.05 -19.3 0.67
3 16 3.810141 -19.34597 1.455649 7.545598 -18.21668 10 0 -19.7176 10
5 24 0 -19.7176 10 3.810141 -19.34597 1.455649 7.545598 -18.21668 10 2.916889 -19.50065 2.791742
3 16 3.810141 -19.34597 1.455649 0 -19.7176 10 2.916889 -19.50065 2.791742
5 24 0 -19.7176 10 2.916889 -19.50065 2.791742 3.810141 -19.34597 1.455649 1.580747 -19.65413 3.6851
2 24 2.916889 -19.50065 2.791742 3.810141 -19.34597 1.455649
3 16 2.916889 -19.50065 2.791742 0 -19.7176 10 1.580747 -19.65413 3.6851
5 24 0 -19.7176 10 1.580747 -19.65413 3.6851 2.916889 -19.50065 2.791742 0.79 -19.7 3.92
2 24 1.580747 -19.65413 3.6851 2.916889 -19.50065 2.791742
3 16 -4.05 -19.3 0.67 -3.810141 -19.34597 1.455649 -7.545598 -18.21668 10
2 24 -4.05 -19.3 0.67 -3.810141 -19.34597 1.455649
5 24 -3.810141 -19.34597 1.455649 -7.545598 -18.21668 10 -4.05 -19.3 0.67 -2.916889 -19.50065 2.791742
5 24 -7.545598 -18.21668 10 -4.05 -19.3 0.67 -3.810141 -19.34597 1.455649 -4.13 -19.28 -0.12
3 16 -7.545598 -18.21668 10 -3.810141 -19.34597 1.455649 -2.916889 -19.50065 2.791742
2 24 -3.810141 -19.34597 1.455649 -2.916889 -19.50065 2.791742
5 24 -2.916889 -19.50065 2.791742 -7.545598 -18.21668 10 -3.810141 -19.34597 1.455649 0 -19.7176 10
3 16 -7.545598 -18.21668 10 -2.916889 -19.50065 2.791742 0 -19.7176 10
5 24 -2.916889 -19.50065 2.791742 0 -19.7176 10 -7.545598 -18.21668 10 -1.580747 -19.65413 3.6851
3 16 0 -19.7176 10 -2.916889 -19.50065 2.791742 -1.580747 -19.65413 3.6851
2 24 -2.916889 -19.50065 2.791742 -1.580747 -19.65413 3.6851
5 24 -1.580747 -19.65413 3.6851 0 -19.7176 10 -2.916889 -19.50065 2.791742 -0.79 -19.7 3.92
3 16 0 -19.7176 10 -1.580747 -19.65413 3.6851 -0.79 -19.7 3.92
2 24 -1.580747 -19.65413 3.6851 -0.79 -19.7 3.92
5 24 -0.79 -19.7 3.92 0 -19.7176 10 -1.580747 -19.65413 3.6851 0 -19.72 4
3 16 4.13 19.28 -0.12 4.05 19.3 0.67 7.545598 18.21668 10
3 16 0.79 19.7 3.92 0 19.72 4 0 19.7176 10
5 24 0 19.72 4 0 19.7176 10 0.79 19.7 3.92 -0.79 19.7 3.92
3 16 0 19.7176 10 0 19.72 4 -0.79 19.7 3.92
5 24 -0.79 19.7 3.92 0 19.7176 10 0 19.72 4 -1.580747 19.65413 3.6851
3 16 0 19.7176 10 -0.79 19.7 3.92 -1.580747 19.65413 3.6851
3 16 -4.12 19.28 -0.12 -4.05 19.3 -0.92 -8.190736 17.93587 -10
3 16 -0.79 19.7 -4.17 0 19.72 -4.25 -0.7034931 19.70504 -10
5 24 0 19.72 -4.25 -0.7034931 19.70504 -10 -0.79 19.7 -4.17 0.79 19.7 -4.17
3 16 -0.7034931 19.70504 -10 0 19.72 -4.25 0.79 19.7 -4.17
3 16 1.580747 -19.65413 -3.9351 0.79 -19.7 -4.17 0.7034931 -19.70504 -10
2 24 1.580747 -19.65413 -3.9351 0.79 -19.7 -4.17
5 24 0.79 -19.7 -4.17 0.7034931 -19.70504 -10 1.580747 -19.65413 -3.9351 0 -19.72 -4.25
3 16 0.7034931 -19.70504 -10 0.79 -19.7 -4.17 0 -19.72 -4.25
2 24 0.79 -19.7 -4.17 0 -19.72 -4.25
5 24 0 -19.72 -4.25 0.7034931 -19.70504 -10 0.79 -19.7 -4.17 -0.79 -19.7 -4.17
3 16 0.7034931 -19.70504 -10 0 -19.72 -4.25 -0.79 -19.7 -4.17
2 24 0 -19.72 -4.25 -0.79 -19.7 -4.17
3 16 -4.13 -19.28 -0.12 -4.05 -19.3 0.67 -7.545598 -18.21668 10
2 24 -4.13 -19.28 -0.12 -4.05 -19.3 0.67
3 16 -0.79 -19.7 3.92 0 -19.72 4 0 -19.7176 10
2 24 -0.79 -19.7 3.92 0 -19.72 4
5 24 0 -19.72 4 0 -19.7176 10 -0.79 -19.7 3.92 0.79 -19.7 3.92
3 16 0 -19.7176 10 0 -19.72 4 0.79 -19.7 3.92
2 24 0 -19.72 4 0.79 -19.7 3.92
5 24 0.79 -19.7 3.92 0 -19.7176 10 0 -19.72 4 1.580747 -19.65413 3.6851
3 16 0 -19.7176 10 0.79 -19.7 3.92 1.580747 -19.65413 3.6851
2 24 0.79 -19.7 3.92 1.580747 -19.65413 3.6851
4 16 0 -8.106602 -8.352241 -7.125 -8.106602 -4.238621 -7.125 -14.3566 -4.238621 0 -14.3566 -8.352241
2 24 -7.125 -8.106602 -4.238621 -7.125 -14.3566 -4.238621
2 24 0 -14.3566 -8.352241 0 -8.106602 -8.352241
4 16 -2.92804 -5.52169 -3.030545 -3.804236 -4.95886 -1.719808 -3.811003 -8.106602 -1.703569 -2.916815 -8.106602 -3.041815
5 24 -3.804236 -4.95886 -1.719808 -3.811003 -8.106602 -1.703569 -2.916815 -8.106602 -3.041815 -4.04 -4.77 -0.94
5 24 -2.916815 -8.106602 -3.041815 -2.92804 -5.52169 -3.030545 -3.804236 -4.95886 -1.719808 -1.578569 -8.106602 -3.936003
3 16 -3.811003 -8.106602 -1.703569 -3.804236 -4.95886 -1.719808 -4.04 -4.77 -0.94
5 24 -4.04 -4.77 -0.94 -3.811003 -8.106602 -1.703569 -3.804236 -4.95886 -1.719808 -4.125 -8.106602 -0.125
3 16 -3.811003 -8.106602 -1.703569 -4.04 -4.77 -0.94 -4.125 -8.106602 -0.125
5 24 -4.04 -4.77 -0.94 -4.125 -8.106602 -0.125 -3.811003 -8.106602 -1.703569 -4.13 -4.7 -0.12
3 16 -4.125 -8.106602 -0.125 -4.04 -4.77 -0.94 -4.13 -4.7 -0.12
5 24 -4.13 -4.7 -0.12 -4.125 -8.106602 -0.125 -4.04 -4.77 -0.94 -4.04 -4.77 0.69
3 16 -4.125 -8.106602 -0.125 -4.13 -4.7 -0.12 -4.04 -4.77 0.69
5 24 -4.04 -4.77 0.69 -4.125 -8.106602 -0.125 -4.13 -4.7 -0.12 -3.811003 -8.106602 1.453569
4 16 -2.92804 -5.52169 -3.030545 -2.916815 -8.106602 -3.041815 -1.578569 -8.106602 -3.936003 -1.610889 -6.038835 -3.922454
5 24 -1.578569 -8.106602 -3.936003 -1.610889 -6.038835 -3.922454 -2.92804 -5.52169 -3.030545 -0.8169446 -6.195283 -4.167104
3 16 -1.610889 -6.038835 -3.922454 -1.578569 -8.106602 -3.936003 -0.8169446 -6.195283 -4.167104
5 24 -1.578569 -8.106602 -3.936003 -0.8169446 -6.195283 -4.167104 -1.610889 -6.038835 -3.922454 0 -8.106602 -4.25
3 16 -1.578569 -8.106602 -3.936003 0 -8.106602 -4.25 -0.8169446 -6.195283 -4.167104
5 24 0 -8.106602 -4.25 -0.8169446 -6.195283 -4.167104 -1.578569 -8.106602 -3.936003 0 -6.25 -4.25
3 16 -0.8169446 -6.195283 -4.167104 0 -8.106602 -4.25 0 -6.25 -4.25
5 24 0 -8.106602 -4.25 0 -6.25 -4.25 -0.8169446 -6.195283 -4.167104 0.8169446 -6.195283 -4.167104
3 16 0 -6.25 -4.25 0 -8.106602 -4.25 0.8169446 -6.195283 -4.167104
5 24 0 -8.106602 -4.25 0.8169446 -6.195283 -4.167104 0 -6.25 -4.25 1.578569 -8.106602 -3.936003
3 16 0.8169446 -6.195283 -4.167104 0 -8.106602 -4.25 1.578569 -8.106602 -3.936003
5 24 1.578569 -8.106602 -3.936003 0.8169446 -6.195283 -4.167104 0 -8.106602 -4.25 1.610889 -6.038835 -3.922454
3 16 0.8169446 -6.195283 -4.167104 1.578569 -8.106602 -3.936003 1.610889 -6.038835 -3.922454
5 24 1.578569 -8.106602 -3.936003 1.610889 -6.038835 -3.922454 0.8169446 -6.195283 -4.167104 2.916815 -8.106602 -3.041815
4 16 1.610889 -6.038835 -3.922454 1.578569 -8.106602 -3.936003 2.916815 -8.106602 -3.041815 2.92804 -5.52169 -3.030545
2 24 2.916815 -8.106602 -3.041815 2.92804 -5.52169 -3.030545
4 16 2.92804 -5.52169 -3.030545 2.916815 -8.106602 -3.041815 3.811003 -8.106602 -1.703569 3.804236 -4.95886 -1.719808
5 24 3.811003 -8.106602 -1.703569 3.804236 -4.95886 -1.719808 2.92804 -5.52169 -3.030545 4.04 -4.77 -0.94
3 16 3.804236 -4.95886 -1.719808 3.811003 -8.106602 -1.703569 4.04 -4.77 -0.94
5 24 3.811003 -8.106602 -1.703569 4.04 -4.77 -0.94 3.804236 -4.95886 -1.719808 4.125 -8.106602 -0.125
3 16 3.811003 -8.106602 -1.703569 4.125 -8.106602 -0.125 4.04 -4.77 -0.94
5 24 4.125 -8.106602 -0.125 4.04 -4.77 -0.94 3.811003 -8.106602 -1.703569 4.12 -4.7 -0.12
3 16 4.04 -4.77 -0.94 4.125 -8.106602 -0.125 4.12 -4.7 -0.12
5 24 4.125 -8.106602 -0.125 4.12 -4.7 -0.12 4.04 -4.77 -0.94 4.04 -4.77 0.69
3 16 4.12 -4.7 -0.12 4.125 -8.106602 -0.125 4.04 -4.77 0.69
5 24 4.125 -8.106602 -0.125 4.04 -4.77 0.69 4.12 -4.7 -0.12 3.811003 -8.106602 1.453569
3 16 4.04 -4.77 0.69 4.125 -8.106602 -0.125 3.811003 -8.106602 1.453569
5 24 3.811003 -8.106602 1.453569 4.04 -4.77 0.69 4.125 -8.106602 -0.125 3.804236 -4.95886 1.469808
3 16 4.04 -4.77 0.69 3.811003 -8.106602 1.453569 3.804236 -4.95886 1.469808
5 24 3.811003 -8.106602 1.453569 3.804236 -4.95886 1.469808 4.04 -4.77 0.69 2.916815 -8.106602 2.791815
4 16 3.804236 -4.95886 1.469808 3.811003 -8.106602 1.453569 2.916815 -8.106602 2.791815 2.92804 -5.52169 2.780545
5 24 2.916815 -8.106602 2.791815 2.92804 -5.52169 2.780545 3.804236 -4.95886 1.469808 1.578569 -8.106602 3.686003
4 16 2.92804 -5.52169 2.780545 2.916815 -8.106602 2.791815 1.578569 -8.106602 3.686003 1.610889 -6.038835 3.672454
5 24 1.578569 -8.106602 3.686003 1.610889 -6.038835 3.672454 2.92804 -5.52169 2.780545 0.8169446 -6.195283 3.917104
3 16 1.610889 -6.038835 3.672454 1.578569 -8.106602 3.686003 0.8169446 -6.195283 3.917104
5 24 1.578569 -8.106602 3.686003 0.8169446 -6.195283 3.917104 1.610889 -6.038835 3.672454 0 -8.106602 4
3 16 1.578569 -8.106602 3.686003 0 -8.106602 4 0.8169446 -6.195283 3.917104
5 24 0 -8.106602 4 0.8169446 -6.195283 3.917104 1.578569 -8.106602 3.686003 0 -6.25 4
3 16 0.8169446 -6.195283 3.917104 0 -8.106602 4 0 -6.25 4
5 24 0 -8.106602 4 0 -6.25 4 0.8169446 -6.195283 3.917104 -0.8169446 -6.195283 3.917104
3 16 0 -6.25 4 0 -8.106602 4 -0.8169446 -6.195283 3.917104
5 24 0 -8.106602 4 -0.8169446 -6.195283 3.917104 0 -6.25 4 -1.578569 -8.106602 3.686003
3 16 -0.8169446 -6.195283 3.917104 0 -8.106602 4 -1.578569 -8.106602 3.686003
5 24 -1.578569 -8.106602 3.686003 -0.8169446 -6.195283 3.917104 0 -8.106602 4 -1.610889 -6.038835 3.672454
3 16 -0.8169446 -6.195283 3.917104 -1.578569 -8.106602 3.686003 -1.610889 -6.038835 3.672454
5 24 -1.578569 -8.106602 3.686003 -1.610889 -6.038835 3.672454 -0.8169446 -6.195283 3.917104 -2.916815 -8.106602 2.791815
4 16 -1.610889 -6.038835 3.672454 -1.578569 -8.106602 3.686003 -2.916815 -8.106602 2.791815 -2.92804 -5.52169 2.780545
2 24 -2.916815 -8.106602 2.791815 -2.92804 -5.52169 2.780545
4 16 -2.92804 -5.52169 2.780545 -2.916815 -8.106602 2.791815 -3.811003 -8.106602 1.453569 -3.804236 -4.95886 1.469808
5 24 -3.811003 -8.106602 1.453569 -3.804236 -4.95886 1.469808 -2.92804 -5.52169 2.780545 -4.04 -4.77 0.69
3 16 -3.804236 -4.95886 1.469808 -3.811003 -8.106602 1.453569 -4.04 -4.77 0.69
5 24 -3.811003 -8.106602 1.453569 -4.04 -4.77 0.69 -3.804236 -4.95886 1.469808 -4.125 -8.106602 -0.125
3 16 -3.811003 -8.106602 1.453569 -4.125 -8.106602 -0.125 -4.04 -4.77 0.69
4 16 -7.125 -8.106602 -4.238621 -7.125 -8.106602 10 -7.125 -14.3566 10 -7.125 -14.3566 -4.238621
4 16 0 -14.3566 -8.352241 7.125 -14.3566 -4.238621 7.125 -8.106602 -4.238621 0 -8.106602 -8.352241
2 24 7.125 -14.3566 -4.238621 7.125 -8.106602 -4.238621
4 16 7.125 -8.106602 10 7.125 -8.106602 -4.238621 7.125 -14.3566 -4.238621 7.125 -14.3566 10
3 16 -0.79 -19.7 3.92 -1.580747 -19.65413 3.6851 -1.578569 -14.3566 3.686003
5 24 -1.580747 -19.65413 3.6851 -1.578569 -14.3566 3.686003 -0.79 -19.7 3.92 -2.916889 -19.50065 2.791742
5 24 -1.578569 -14.3566 3.686003 -0.79 -19.7 3.92 -1.580747 -19.65413 3.6851 0 -14.3566 4
4 16 -1.578569 -14.3566 3.686003 -1.580747 -19.65413 3.6851 -2.916889 -19.50065 2.791742 -2.916815 -14.3566 2.791815
5 24 -2.916889 -19.50065 2.791742 -2.916815 -14.3566 2.791815 -1.578569 -14.3566 3.686003 -3.810141 -19.34597 1.455649
4 16 -2.916815 -14.3566 2.791815 -2.916889 -19.50065 2.791742 -3.810141 -19.34597 1.455649 -3.811003 -14.3566 1.453569
5 24 -3.810141 -19.34597 1.455649 -3.811003 -14.3566 1.453569 -2.916815 -14.3566 2.791815 -4.05 -19.3 0.67
3 16 -3.811003 -14.3566 1.453569 -3.810141 -19.34597 1.455649 -4.05 -19.3 0.67
5 24 -4.05 -19.3 0.67 -3.811003 -14.3566 1.453569 -3.810141 -19.34597 1.455649 -4.125 -14.3566 -0.125
3 16 -3.811003 -14.3566 1.453569 -4.05 -19.3 0.67 -4.125 -14.3566 -0.125
5 24 -4.05 -19.3 0.67 -4.125 -14.3566 -0.125 -3.811003 -14.3566 1.453569 -4.13 -19.28 -0.12
3 16 -4.125 -14.3566 -0.125 -4.05 -19.3 0.67 -4.13 -19.28 -0.12
5 24 -4.13 -19.28 -0.12 -4.125 -14.3566 -0.125 -4.05 -19.3 0.67 -4.05 -19.3 -0.92
3 16 -4.125 -14.3566 -0.125 -4.13 -19.28 -0.12 -4.05 -19.3 -0.92
5 24 -4.05 -19.3 -0.92 -4.125 -14.3566 -0.125 -4.13 -19.28 -0.12 -3.811003 -14.3566 -1.703569
3 16 -1.578569 -14.3566 3.686003 0 -14.3566 4 -0.79 -19.7 3.92
5 24 0 -14.3566 4 -0.79 -19.7 3.92 -1.578569 -14.3566 3.686003 0 -19.72 4
3 16 -0.79 -19.7 3.92 0 -14.3566 4 0 -19.72 4
5 24 0 -14.3566 4 0 -19.72 4 -0.79 -19.7 3.92 0.79 -19.7 3.92
3 16 0 -19.72 4 0 -14.3566 4 0.79 -19.7 3.92
5 24 0 -14.3566 4 0.79 -19.7 3.92 0 -19.72 4 1.578569 -14.3566 3.686003
3 16 0.79 -19.7 3.92 0 -14.3566 4 1.578569 -14.3566 3.686003
5 24 1.578569 -14.3566 3.686003 0.79 -19.7 3.92 0 -14.3566 4 1.580747 -19.65413 3.6851
3 16 0.79 -19.7 3.92 1.578569 -14.3566 3.686003 1.580747 -19.65413 3.6851
5 24 1.578569 -14.3566 3.686003 1.580747 -19.65413 3.6851 0.79 -19.7 3.92 2.916815 -14.3566 2.791815
4 16 1.580747 -19.65413 3.6851 1.578569 -14.3566 3.686003 2.916815 -14.3566 2.791815 2.916889 -19.50065 2.791742
2 24 2.916815 -14.3566 2.791815 2.916889 -19.50065 2.791742
4 16 2.916889 -19.50065 2.791742 2.916815 -14.3566 2.791815 3.811003 -14.3566 1.453569 3.810141 -19.34597 1.455649
5 24 3.811003 -14.3566 1.453569 3.810141 -19.34597 1.455649 2.916889 -19.50065 2.791742 4.05 -19.3 0.67
3 16 3.810141 -19.34597 1.455649 3.811003 -14.3566 1.453569 4.05 -19.3 0.67
5 24 3.811003 -14.3566 1.453569 4.05 -19.3 0.67 3.810141 -19.34597 1.455649 4.125 -14.3566 -0.125
3 16 3.811003 -14.3566 1.453569 4.125 -14.3566 -0.125 4.05 -19.3 0.67
5 24 4.125 -14.3566 -0.125 4.05 -19.3 0.67 3.811003 -14.3566 1.453569 4.12 -19.28 -0.12
3 16 4.05 -19.3 0.67 4.125 -14.3566 -0.125 4.12 -19.28 -0.12
5 24 4.125 -14.3566 -0.125 4.12 -19.28 -0.12 4.05 -19.3 0.67 4.05 -19.3 -0.92
3 16 4.12 -19.28 -0.12 4.125 -14.3566 -0.125 4.05 -19.3 -0.92
5 24 4.125 -14.3566 -0.125 4.05 -19.3 -0.92 4.12 -19.28 -0.12 3.811003 -14.3566 -1.703569
3 16 4.05 -19.3 -0.92 4.125 -14.3566 -0.125 3.811003 -14.3566 -1.703569
5 24 3.811003 -14.3566 -1.703569 4.05 -19.3 -0.92 4.125 -14.3566 -0.125 3.810141 -19.34597 -1.705649
3 16 4.05 -19.3 -0.92 3.811003 -14.3566 -1.703569 3.810141 -19.34597 -1.705649
5 24 3.811003 -14.3566 -1.703569 3.810141 -19.34597 -1.705649 4.05 -19.3 -0.92 2.916815 -14.3566 -3.041815
4 16 3.810141 -19.34597 -1.705649 3.811003 -14.3566 -1.703569 2.916815 -14.3566 -3.041815 2.916889 -19.50065 -3.041742
2 24 2.916815 -14.3566 -3.041815 2.916889 -19.50065 -3.041742
4 16 2.916889 -19.50065 -3.041742 2.916815 -14.3566 -3.041815 1.578569 -14.3566 -3.936003 1.580747 -19.65413 -3.9351
5 24 1.578569 -14.3566 -3.936003 1.580747 -19.65413 -3.9351 2.916889 -19.50065 -3.041742 0.79 -19.7 -4.17
3 16 1.580747 -19.65413 -3.9351 1.578569 -14.3566 -3.936003 0.79 -19.7 -4.17
5 24 1.578569 -14.3566 -3.936003 0.79 -19.7 -4.17 1.580747 -19.65413 -3.9351 0 -14.3566 -4.25
3 16 1.578569 -14.3566 -3.936003 0 -14.3566 -4.25 0.79 -19.7 -4.17
5 24 0 -14.3566 -4.25 0.79 -19.7 -4.17 1.578569 -14.3566 -3.936003 0 -19.72 -4.25
3 16 0.79 -19.7 -4.17 0 -14.3566 -4.25 0 -19.72 -4.25
5 24 0 -14.3566 -4.25 0 -19.72 -4.25 0.79 -19.7 -4.17 -0.79 -19.7 -4.17
3 16 0 -19.72 -4.25 0 -14.3566 -4.25 -0.79 -19.7 -4.17
5 24 0 -14.3566 -4.25 -0.79 -19.7 -4.17 0 -19.72 -4.25 -1.578569 -14.3566 -3.936003
3 16 -0.79 -19.7 -4.17 0 -14.3566 -4.25 -1.578569 -14.3566 -3.936003
5 24 -1.578569 -14.3566 -3.936003 -0.79 -19.7 -4.17 0 -14.3566 -4.25 -1.580747 -19.65413 -3.9351
3 16 -0.79 -19.7 -4.17 -1.578569 -14.3566 -3.936003 -1.580747 -19.65413 -3.9351
5 24 -1.578569 -14.3566 -3.936003 -1.580747 -19.65413 -3.9351 -0.79 -19.7 -4.17 -2.916815 -14.3566 -3.041815
4 16 -1.580747 -19.65413 -3.9351 -1.578569 -14.3566 -3.936003 -2.916815 -14.3566 -3.041815 -2.916889 -19.50065 -3.041742
2 24 -2.916815 -14.3566 -3.041815 -2.916889 -19.50065 -3.041742
4 16 -2.916889 -19.50065 -3.041742 -2.916815 -14.3566 -3.041815 -3.811003 -14.3566 -1.703569 -3.810141 -19.34597 -1.705649
5 24 -3.811003 -14.3566 -1.703569 -3.810141 -19.34597 -1.705649 -2.916889 -19.50065 -3.041742 -4.05 -19.3 -0.92
3 16 -3.810141 -19.34597 -1.705649 -3.811003 -14.3566 -1.703569 -4.05 -19.3 -0.92
5 24 -3.811003 -14.3566 -1.703569 -4.05 -19.3 -0.92 -3.810141 -19.34597 -1.705649 -4.125 -14.3566 -0.125
3 16 -3.811003 -14.3566 -1.703569 -4.125 -14.3566 -0.125 -4.05 -19.3 -0.92
