0 Bitbeam Axle mount big  8 x  8
0 Name: bb-adp-2.dat
0 Author: Tomas Feltl (e-Mole.cz)
0 !LDRAW_ORG Unofficial_Part
0 !LICENSE Redistributable under CCAL version 2.0 : see CAreadme.txt

0 BFC CERTIFY CCW

0 // Created with stl2dat conversion tool
0 BFC INVERTNEXT
1 16 0 0 -20 4.42 0 4.42 4.42 0 -4.42 0 30 0 1-4cyli.dat
1 16 0 0 -20 4.42 0 4.42 4.42 0 -4.42 0 1 0 1-4edge.dat
1 16 0 0 10 4.42 0 4.42 4.42 0 -4.42 0 1 0 1-4edge.dat
0 BFC INVERTNEXT
1 16 0 0 -20 -4.42 0 -4.42 -4.42 0 4.42 0 30 0 1-4cyli.dat
1 16 0 0 -20 -4.42 0 -4.42 -4.42 0 4.42 0 1 0 1-4edge.dat
1 16 0 0 10 -4.42 0 -4.42 -4.42 0 4.42 0 1 0 1-4edge.dat
1 16 0 0 -10 -9.57 0 -23.1 -23.1 0 9.57 0 20 0 3-8cyli.dat
1 16 0 0 -10 -9.57 0 -23.1 -23.1 0 9.57 0 1 0 3-8edge.dat
1 16 0 0 10 -9.57 0 -23.1 -23.1 0 9.57 0 1 0 3-8edge.dat
1 16 0 0 10 9.57 0 23.1 -23.1 0 9.57 0 -20 0 3-8cyli.dat
1 16 0 0 10 9.57 0 23.1 -23.1 0 9.57 0 -1 0 3-8edge.dat
1 16 0 0 -10 9.57 0 23.1 -23.1 0 9.57 0 -1 0 3-8edge.dat

3 16 -3.811003 14.6066 -1.703569 -4.125 14.6066 -0.125 -7.125 14.6066 -4.238621
2 24 -4.125 14.6066 -0.125 -3.811003 14.6066 -1.703569
4 16 -7.125 14.6066 -4.238621 -4.125 14.6066 -0.125 -3.811003 14.6066 1.453569 -7.125 14.6066 10
2 24 -3.811003 14.6066 1.453569 -4.125 14.6066 -0.125
2 24 -7.125 14.6066 -4.238621 -7.125 14.6066 10
3 16 -7.125 14.6066 10 -3.811003 14.6066 1.453569 -2.916815 14.6066 2.791815
2 24 -2.916815 14.6066 2.791815 -3.811003 14.6066 1.453569
3 16 -7.125 14.6066 10 -2.916815 14.6066 2.791815 -1.578569 14.6066 3.686003
2 24 -1.578569 14.6066 3.686003 -2.916815 14.6066 2.791815
3 16 -1.578569 14.6066 3.686003 0 14.6066 4 -7.125 14.6066 10
2 24 0 14.6066 4 -1.578569 14.6066 3.686003
4 16 -7.125 14.6066 10 0 14.6066 4 1.578569 14.6066 3.686003 7.125 14.6066 10
2 24 1.578569 14.6066 3.686003 0 14.6066 4
2 24 -7.125 14.6066 10 7.125 14.6066 10
3 16 7.125 14.6066 10 1.578569 14.6066 3.686003 2.916815 14.6066 2.791815
2 24 2.916815 14.6066 2.791815 1.578569 14.6066 3.686003
3 16 7.125 14.6066 10 2.916815 14.6066 2.791815 3.811003 14.6066 1.453569
2 24 3.811003 14.6066 1.453569 2.916815 14.6066 2.791815
4 16 7.125 14.6066 10 3.811003 14.6066 1.453569 4.125 14.6066 -0.125 7.125 14.6066 -4.238621
2 24 4.125 14.6066 -0.125 3.811003 14.6066 1.453569
2 24 7.125 14.6066 10 7.125 14.6066 -4.238621
3 16 7.125 14.6066 -4.238621 4.125 14.6066 -0.125 3.811003 14.6066 -1.703569
2 24 3.811003 14.6066 -1.703569 4.125 14.6066 -0.125
3 16 3.811003 14.6066 -1.703569 2.916815 14.6066 -3.041815 7.125 14.6066 -4.238621
2 24 2.916815 14.6066 -3.041815 3.811003 14.6066 -1.703569
3 16 7.125 14.6066 -4.238621 2.916815 14.6066 -3.041815 1.578569 14.6066 -3.936003
2 24 1.578569 14.6066 -3.936003 2.916815 14.6066 -3.041815
4 16 7.125 14.6066 -4.238621 1.578569 14.6066 -3.936003 0 14.6066 -4.25 0 14.6066 -8.352241
2 24 0 14.6066 -4.25 1.578569 14.6066 -3.936003
2 24 7.125 14.6066 -4.238621 0 14.6066 -8.352241
3 16 0 14.6066 -8.352241 0 14.6066 -4.25 -1.578569 14.6066 -3.936003
2 24 -1.578569 14.6066 -3.936003 0 14.6066 -4.25
4 16 0 14.6066 -8.352241 -1.578569 14.6066 -3.936003 -2.916815 14.6066 -3.041815 -7.125 14.6066 -4.238621
2 24 -2.916815 14.6066 -3.041815 -1.578569 14.6066 -3.936003
2 24 0 14.6066 -8.352241 -7.125 14.6066 -4.238621
3 16 -7.125 14.6066 -4.238621 -2.916815 14.6066 -3.041815 -3.811003 14.6066 -1.703569
2 24 -3.811003 14.6066 -1.703569 -2.916815 14.6066 -3.041815

3 16 -1.578569 8.356602 3.686003 -2.916815 8.356602 2.791815 -7.125 8.356602 10
2 24 -2.916815 8.356602 2.791815 -1.578569 8.356602 3.686003
3 16 -7.125 8.356602 10 -2.916815 8.356602 2.791815 -3.811003 8.356602 1.453569
2 24 -3.811003 8.356602 1.453569 -2.916815 8.356602 2.791815
4 16 -7.125 8.356602 10 -3.811003 8.356602 1.453569 -4.125 8.356602 -0.125 -7.125 8.356602 -4.238621
2 24 -4.125 8.356602 -0.125 -3.811003 8.356602 1.453569
2 24 -7.125 8.356602 -4.238621 -7.125 8.356602 10
3 16 -7.125 8.356602 -4.238621 -4.125 8.356602 -0.125 -3.811003 8.356602 -1.703569
2 24 -3.811003 8.356602 -1.703569 -4.125 8.356602 -0.125
3 16 -1.578569 8.356602 3.686003 -7.125 8.356602 10 0 8.356602 4
2 24 -1.578569 8.356602 3.686003 0 8.356602 4
4 16 0 8.356602 4 -7.125 8.356602 10 7.125 8.356602 10 1.578569 8.356602 3.686003
2 24 7.125 8.356602 10 -7.125 8.356602 10
2 24 0 8.356602 4 1.578569 8.356602 3.686003
3 16 1.578569 8.356602 3.686003 7.125 8.356602 10 2.916815 8.356602 2.791815
2 24 1.578569 8.356602 3.686003 2.916815 8.356602 2.791815
3 16 2.916815 8.356602 2.791815 7.125 8.356602 10 3.811003 8.356602 1.453569
2 24 2.916815 8.356602 2.791815 3.811003 8.356602 1.453569
4 16 3.811003 8.356602 1.453569 7.125 8.356602 10 7.125 8.356602 -4.238621 4.125 8.356602 -0.125
2 24 7.125 8.356602 -4.238621 7.125 8.356602 10
2 24 3.811003 8.356602 1.453569 4.125 8.356602 -0.125
3 16 4.125 8.356602 -0.125 7.125 8.356602 -4.238621 3.811003 8.356602 -1.703569
2 24 4.125 8.356602 -0.125 3.811003 8.356602 -1.703569
3 16 -1.578569 8.356602 -3.936003 0 8.36 -4.25 0 8.356602 -8.352241
2 24 0 8.36 -4.25 -1.578569 8.356602 -3.936003
3 16 0 8.356602 -8.352241 0 8.36 -4.25 1.578569 8.356602 -3.936003
2 24 1.578569 8.356602 -3.936003 0 8.36 -4.25
4 16 0 8.356602 -8.352241 1.578569 8.356602 -3.936003 2.916815 8.356602 -3.041815 7.125 8.356602 -4.238621
2 24 2.916815 8.356602 -3.041815 1.578569 8.356602 -3.936003
2 24 0 8.356602 -8.352241 7.125 8.356602 -4.238621
3 16 7.125 8.356602 -4.238621 2.916815 8.356602 -3.041815 3.811003 8.356602 -1.703569
2 24 3.811003 8.356602 -1.703569 2.916815 8.356602 -3.041815
4 16 0 8.356602 -8.352241 -7.125 8.356602 -4.238621 -2.916815 8.356602 -3.041815 -1.578569 8.356602 -3.936003
2 24 0 8.356602 -8.352241 -7.125 8.356602 -4.238621
2 24 -1.578569 8.356602 -3.936003 -2.916815 8.356602 -3.041815
3 16 -3.811003 8.356602 -1.703569 -2.916815 8.356602 -3.041815 -7.125 8.356602 -4.238621
2 24 -2.916815 8.356602 -3.041815 -3.811003 8.356602 -1.703569

4 16 -3.811003 -14.6066 1.453569 -4.125 -14.6066 -0.125 -7.125 -14.6066 -4.238621 -7.125 -14.6066 10
2 24 -4.125 -14.6066 -0.125 -3.811003 -14.6066 1.453569
2 24 -7.125 -14.6066 10 -7.125 -14.6066 -4.238621
3 16 -7.125 -14.6066 -4.238621 -4.125 -14.6066 -0.125 -3.811003 -14.6066 -1.703569
2 24 -3.811003 -14.6066 -1.703569 -4.125 -14.6066 -0.125
3 16 -7.125 -14.6066 -4.238621 -3.811003 -14.6066 -1.703569 -2.916815 -14.6066 -3.041815
2 24 -2.916815 -14.6066 -3.041815 -3.811003 -14.6066 -1.703569
3 16 -2.916815 -14.6066 -3.041815 -1.578569 -14.6066 -3.936003 -7.125 -14.6066 -4.238621
2 24 -1.578569 -14.6066 -3.936003 -2.916815 -14.6066 -3.041815
4 16 -7.125 -14.6066 -4.238621 -1.578569 -14.6066 -3.936003 0 -14.6066 -4.25 0 -14.6066 -8.352241
2 24 0 -14.6066 -4.25 -1.578569 -14.6066 -3.936003
2 24 -7.125 -14.6066 -4.238621 0 -14.6066 -8.352241
3 16 0 -14.6066 -8.352241 0 -14.6066 -4.25 1.578569 -14.6066 -3.936003
2 24 1.578569 -14.6066 -3.936003 0 -14.6066 -4.25
4 16 0 -14.6066 -8.352241 1.578569 -14.6066 -3.936003 2.916815 -14.6066 -3.041815 7.125 -14.6066 -4.238621
2 24 2.916815 -14.6066 -3.041815 1.578569 -14.6066 -3.936003
2 24 0 -14.6066 -8.352241 7.125 -14.6066 -4.238621
3 16 7.125 -14.6066 -4.238621 2.916815 -14.6066 -3.041815 3.811003 -14.6066 -1.703569
2 24 3.811003 -14.6066 -1.703569 2.916815 -14.6066 -3.041815
3 16 3.811003 -14.6066 -1.703569 4.125 -14.6066 -0.125 7.125 -14.6066 -4.238621
2 24 4.125 -14.6066 -0.125 3.811003 -14.6066 -1.703569
4 16 7.125 -14.6066 -4.238621 4.125 -14.6066 -0.125 3.811003 -14.6066 1.453569 7.125 -14.6066 10
2 24 3.811003 -14.6066 1.453569 4.125 -14.6066 -0.125
2 24 7.125 -14.6066 -4.238621 7.125 -14.6066 10
3 16 7.125 -14.6066 10 3.811003 -14.6066 1.453569 2.916815 -14.6066 2.791815
2 24 2.916815 -14.6066 2.791815 3.811003 -14.6066 1.453569
3 16 7.125 -14.6066 10 2.916815 -14.6066 2.791815 1.578569 -14.6066 3.686003
2 24 1.578569 -14.6066 3.686003 2.916815 -14.6066 2.791815
3 16 1.578569 -14.6066 3.686003 0 -14.6066 4 7.125 -14.6066 10
2 24 0 -14.6066 4 1.578569 -14.6066 3.686003
4 16 7.125 -14.6066 10 0 -14.6066 4 -1.578569 -14.6066 3.686003 -7.125 -14.6066 10
2 24 -1.578569 -14.6066 3.686003 0 -14.6066 4
2 24 7.125 -14.6066 10 -7.125 -14.6066 10
3 16 -7.125 -14.6066 10 -1.578569 -14.6066 3.686003 -2.916815 -14.6066 2.791815
2 24 -2.916815 -14.6066 2.791815 -1.578569 -14.6066 3.686003
3 16 -7.125 -14.6066 10 -2.916815 -14.6066 2.791815 -3.811003 -14.6066 1.453569
2 24 -3.811003 -14.6066 1.453569 -2.916815 -14.6066 2.791815

3 16 1.578569 -8.356602 3.686003 2.916815 -8.356602 2.791815 7.125 -8.356602 10
2 24 2.916815 -8.356602 2.791815 1.578569 -8.356602 3.686003
3 16 7.125 -8.356602 10 2.916815 -8.356602 2.791815 3.811003 -8.356602 1.453569
2 24 3.811003 -8.356602 1.453569 2.916815 -8.356602 2.791815
4 16 7.125 -8.356602 10 3.811003 -8.356602 1.453569 4.125 -8.356602 -0.125 7.125 -8.356602 -4.238621
2 24 4.125 -8.356602 -0.125 3.811003 -8.356602 1.453569
2 24 7.125 -8.356602 10 7.125 -8.356602 -4.238621
3 16 7.125 -8.356602 -4.238621 4.125 -8.356602 -0.125 3.811003 -8.356602 -1.703569
2 24 3.811003 -8.356602 -1.703569 4.125 -8.356602 -0.125
3 16 1.578569 -8.356602 3.686003 7.125 -8.356602 10 0 -8.356602 4
2 24 1.578569 -8.356602 3.686003 0 -8.356602 4
4 16 0 -8.356602 4 7.125 -8.356602 10 -7.125 -8.356602 10 -1.578569 -8.356602 3.686003
2 24 -7.125 -8.356602 10 7.125 -8.356602 10
2 24 0 -8.356602 4 -1.578569 -8.356602 3.686003
3 16 -1.578569 -8.356602 3.686003 -7.125 -8.356602 10 -2.916815 -8.356602 2.791815
2 24 -1.578569 -8.356602 3.686003 -2.916815 -8.356602 2.791815
3 16 -2.916815 -8.356602 2.791815 -7.125 -8.356602 10 -3.811003 -8.356602 1.453569
2 24 -2.916815 -8.356602 2.791815 -3.811003 -8.356602 1.453569
4 16 -3.811003 -8.356602 1.453569 -7.125 -8.356602 10 -7.125 -8.356602 -4.238621 -4.125 -8.356602 -0.125
2 24 -7.125 -8.356602 -4.238621 -7.125 -8.356602 10
2 24 -3.811003 -8.356602 1.453569 -4.125 -8.356602 -0.125
3 16 -4.125 -8.356602 -0.125 -7.125 -8.356602 -4.238621 -3.811003 -8.356602 -1.703569
2 24 -4.125 -8.356602 -0.125 -3.811003 -8.356602 -1.703569
3 16 1.578569 -8.356602 -3.936003 0 -8.36 -4.25 0 -8.356602 -8.352241
2 24 0 -8.36 -4.25 1.578569 -8.356602 -3.936003
3 16 0 -8.356602 -8.352241 0 -8.36 -4.25 -1.578569 -8.356602 -3.936003
2 24 -1.578569 -8.356602 -3.936003 0 -8.36 -4.25
4 16 0 -8.356602 -8.352241 -1.578569 -8.356602 -3.936003 -2.916815 -8.356602 -3.041815 -7.125 -8.356602 -4.238621
2 24 -2.916815 -8.356602 -3.041815 -1.578569 -8.356602 -3.936003
2 24 -7.125 -8.356602 -4.238621 0 -8.356602 -8.352241
3 16 -7.125 -8.356602 -4.238621 -2.916815 -8.356602 -3.041815 -3.811003 -8.356602 -1.703569
2 24 -3.811003 -8.356602 -1.703569 -2.916815 -8.356602 -3.041815
4 16 0 -8.356602 -8.352241 7.125 -8.356602 -4.238621 2.916815 -8.356602 -3.041815 1.578569 -8.356602 -3.936003
2 24 7.125 -8.356602 -4.238621 0 -8.356602 -8.352241
2 24 1.578569 -8.356602 -3.936003 2.916815 -8.356602 -3.041815
3 16 3.811003 -8.356602 -1.703569 2.916815 -8.356602 -3.041815 7.125 -8.356602 -4.238621
2 24 2.916815 -8.356602 -3.041815 3.811003 -8.356602 -1.703569

4 16 -6.25 0 10 -5.774247 2.391771 10 -23.09699 9.567086 10 -25 0 10
4 16 -23.09699 9.567086 10 -5.774247 2.391771 10 -4.419417 4.419417 10 -7.125 8.356602 10
4 16 -23.09699 9.567086 10 -7.125 8.356602 10 -7.125 14.6066 10 -17.67767 17.67767 10
2 24 -7.125 8.356602 10 -7.125 14.6066 10
4 16 -17.67767 17.67767 10 -7.125 14.6066 10 0 25 10 -9.567086 23.09699 10
2 24 0 25 10 -9.567086 23.09699 10
4 16 -6.25 0 10 -25 0 10 -23.09699 -9.567086 10 -5.774247 -2.391771 10
4 16 -5.774247 -2.391771 10 -23.09699 -9.567086 10 -17.67767 -17.67767 10 -7.125 -8.356602 10
3 16 -5.774247 -2.391771 10 -7.125 -8.356602 10 -4.419417 -4.419417 10
3 16 -4.419417 -4.419417 10 -7.125 -8.356602 10 -2.391771 -5.774247 10
2 24 -2.391771 -5.774247 10 -4.419417 -4.419417 10
4 16 -7.125 -8.356602 10 -17.67767 -17.67767 10 -9.567086 -23.09699 10 -7.125 -14.6066 10
2 24 -7.125 -14.6066 10 -7.125 -8.356602 10
4 16 -7.125 -14.6066 10 -9.567086 -23.09699 10 0 -25 10 7.125 -14.6066 10
2 24 -9.567086 -23.09699 10 0 -25 10
4 16 7.125 -14.6066 10 0 -25 10 9.567086 -23.09699 10 17.67767 -17.67767 10
2 24 0 -25 10 9.567086 -23.09699 10
4 16 7.125 -14.6066 10 17.67767 -17.67767 10 23.09699 -9.567086 10 7.125 -8.356602 10
2 24 7.125 -8.356602 10 7.125 -14.6066 10
4 16 7.125 -8.356602 10 23.09699 -9.567086 10 5.774247 -2.391771 10 4.419417 -4.419417 10
4 16 5.774247 -2.391771 10 23.09699 -9.567086 10 25 0 10 6.25 0 10
4 16 6.25 0 10 25 0 10 23.09699 9.567086 10 5.774247 2.391771 10
4 16 5.774247 2.391771 10 23.09699 9.567086 10 17.67767 17.67767 10 7.125 8.356602 10
3 16 5.774247 2.391771 10 7.125 8.356602 10 4.419417 4.419417 10
3 16 4.419417 4.419417 10 7.125 8.356602 10 2.391771 5.774247 10
2 24 2.391771 5.774247 10 4.419417 4.419417 10
4 16 7.125 8.356602 10 17.67767 17.67767 10 9.567086 23.09699 10 7.125 14.6066 10
2 24 7.125 14.6066 10 7.125 8.356602 10
4 16 7.125 14.6066 10 9.567086 23.09699 10 0 25 10 -7.125 14.6066 10
2 24 9.567086 23.09699 10 0 25 10
3 16 -2.391771 -5.774247 10 -7.125 -8.356602 10 0 -6.25 10
2 24 0 -6.25 10 -2.391771 -5.774247 10
3 16 0 -6.25 10 -7.125 -8.356602 10 7.125 -8.356602 10
3 16 0 -6.25 10 7.125 -8.356602 10 2.391771 -5.774247 10
2 24 2.391771 -5.774247 10 0 -6.25 10
3 16 2.391771 -5.774247 10 7.125 -8.356602 10 4.419417 -4.419417 10
2 24 4.419417 -4.419417 10 2.391771 -5.774247 10
3 16 -7.125 8.356602 10 -4.419417 4.419417 10 -2.391771 5.774247 10
2 24 -4.419417 4.419417 10 -2.391771 5.774247 10
3 16 -7.125 8.356602 10 -2.391771 5.774247 10 0 6.25 10
2 24 -2.391771 5.774247 10 0 6.25 10
3 16 -7.125 8.356602 10 0 6.25 10 7.125 8.356602 10
3 16 7.125 8.356602 10 0 6.25 10 2.391771 5.774247 10
2 24 0 6.25 10 2.391771 5.774247 10

4 16 -17.67767 17.67767 -10 -9.567086 23.09699 -10 0 25 -10 -10 10 -10
2 24 -9.567086 23.09699 -10 0 25 -10
4 16 -10 10 -10 0 25 -10 9.567086 23.09699 -10 10 10 -10
2 24 0 25 -10 9.567086 23.09699 -10
2 24 10 10 -10 -10 10 -10
4 16 10 10 -10 9.567086 23.09699 -10 17.67767 17.67767 -10 23.09699 9.567086 -10
3 16 -17.67767 -17.67767 -10 -23.09699 -9.567086 -10 -10 -10 -10
4 16 -10 -10 -10 -23.09699 -9.567086 -10 -25 0 -10 -10 10 -10
2 24 -10 -10 -10 -10 10 -10
4 16 -10 10 -10 -25 0 -10 -23.09699 9.567086 -10 -17.67767 17.67767 -10
3 16 17.67767 -17.67767 -10 9.567086 -23.09699 -10 10 -10 -10
4 16 10 -10 -10 9.567086 -23.09699 -10 0 -25 -10 -10 -10 -10
2 24 9.567086 -23.09699 -10 0 -25 -10
2 24 10 -10 -10 -10 -10 -10
4 16 -10 -10 -10 0 -25 -10 -9.567086 -23.09699 -10 -17.67767 -17.67767 -10
2 24 0 -25 -10 -9.567086 -23.09699 -10
4 16 10 10 -10 23.09699 9.567086 -10 25 0 -10 10 -10 -10
2 24 10 10 -10 10 -10 -10
4 16 10 -10 -10 25 0 -10 23.09699 -9.567086 -10 17.67767 -17.67767 -10

3 16 -5.774247 -2.391771 -20 -4.419417 -4.419417 -20 -10 -10 -20
3 16 -10 -10 -20 -4.419417 -4.419417 -20 -2.391771 -5.774247 -20
2 24 -4.419417 -4.419417 -20 -2.391771 -5.774247 -20
3 16 -10 -10 -20 -2.391771 -5.774247 -20 0 -6.25 -20
2 24 -2.391771 -5.774247 -20 0 -6.25 -20
4 16 -10 -10 -20 0 -6.25 -20 2.391771 -5.774247 -20 10 -10 -20
2 24 0 -6.25 -20 2.391771 -5.774247 -20
2 24 -10 -10 -20 10 -10 -20
3 16 10 -10 -20 2.391771 -5.774247 -20 4.419417 -4.419417 -20
2 24 2.391771 -5.774247 -20 4.419417 -4.419417 -20
3 16 4.419417 -4.419417 -20 5.774247 -2.391771 -20 10 -10 -20
3 16 10 -10 -20 5.774247 -2.391771 -20 6.25 0 -20
4 16 10 -10 -20 6.25 0 -20 5.774247 2.391771 -20 10 10 -20
2 24 10 -10 -20 10 10 -20
3 16 10 10 -20 5.774247 2.391771 -20 4.419417 4.419417 -20
3 16 4.419417 4.419417 -20 2.391771 5.774247 -20 10 10 -20
2 24 4.419417 4.419417 -20 2.391771 5.774247 -20
3 16 10 10 -20 2.391771 5.774247 -20 0 6.25 -20
2 24 2.391771 5.774247 -20 0 6.25 -20
4 16 10 10 -20 0 6.25 -20 -2.391771 5.774247 -20 -10 10 -20
2 24 0 6.25 -20 -2.391771 5.774247 -20
2 24 -10 10 -20 10 10 -20
3 16 -10 10 -20 -2.391771 5.774247 -20 -4.419417 4.419417 -20
2 24 -2.391771 5.774247 -20 -4.419417 4.419417 -20
3 16 -4.419417 4.419417 -20 -5.774247 2.391771 -20 -10 10 -20
3 16 -10 10 -20 -5.774247 2.391771 -20 -6.25 0 -20
4 16 -10 10 -20 -6.25 0 -20 -5.774247 -2.391771 -20 -10 -10 -20
2 24 -10 10 -20 -10 -10 -20

4 16 10 -10 -10 10 -10 -20 10 10 -20 10 10 -10
2 24 10 -10 -10 10 -10 -20
2 24 10 10 -20 10 10 -10
4 16 -10 10 -10 -10 10 -20 -10 -10 -20 -10 -10 -10
2 24 -10 10 -10 -10 10 -20
2 24 -10 -10 -20 -10 -10 -10
4 16 -10 -10 -10 -10 -10 -20 10 -10 -20 10 -10 -10
4 16 -2.92804 5.52169 2.780545 -3.804236 4.95886 1.469808 -3.811003 8.356602 1.453569 -2.916815 8.356602 2.791815
2 24 -2.92804 5.52169 2.780545 -3.804236 4.95886 1.469808
5 24 -3.804236 4.95886 1.469808 -3.811003 8.356602 1.453569 -2.916815 8.356602 2.791815 -4.04 4.77 0.69
5 24 -2.916815 8.356602 2.791815 -2.92804 5.52169 2.780545 -3.804236 4.95886 1.469808 -1.578569 8.356602 3.686003
3 16 -3.811003 8.356602 1.453569 -3.804236 4.95886 1.469808 -4.04 4.77 0.69
2 24 -3.804236 4.95886 1.469808 -4.04 4.77 0.69
5 24 -4.04 4.77 0.69 -3.811003 8.356602 1.453569 -3.804236 4.95886 1.469808 -4.125 8.356602 -0.125
3 16 -3.811003 8.356602 1.453569 -4.04 4.77 0.69 -4.125 8.356602 -0.125
5 24 -4.04 4.77 0.69 -4.125 8.356602 -0.125 -3.811003 8.356602 1.453569 -4.13 4.7 -0.12
3 16 -4.125 8.356602 -0.125 -4.04 4.77 0.69 -4.13 4.7 -0.12
2 24 -4.04 4.77 0.69 -4.13 4.7 -0.12
5 24 -4.13 4.7 -0.12 -4.125 8.356602 -0.125 -4.04 4.77 0.69 -4.04 4.77 -0.94
3 16 -4.125 8.356602 -0.125 -4.13 4.7 -0.12 -4.04 4.77 -0.94
2 24 -4.13 4.7 -0.12 -4.04 4.77 -0.94
5 24 -4.04 4.77 -0.94 -4.125 8.356602 -0.125 -4.13 4.7 -0.12 -3.811003 8.356602 -1.703569
4 16 -2.92804 5.52169 2.780545 -2.916815 8.356602 2.791815 -1.578569 8.356602 3.686003 -1.610889 6.038835 3.672454
5 24 -1.578569 8.356602 3.686003 -1.610889 6.038835 3.672454 -2.92804 5.52169 2.780545 -0.8169446 6.195283 3.917104
2 24 -1.610889 6.038835 3.672454 -2.92804 5.52169 2.780545
3 16 -1.610889 6.038835 3.672454 -1.578569 8.356602 3.686003 -0.8169446 6.195283 3.917104
5 24 -1.578569 8.356602 3.686003 -0.8169446 6.195283 3.917104 -1.610889 6.038835 3.672454 0 8.356602 4
2 24 -0.8169446 6.195283 3.917104 -1.610889 6.038835 3.672454
3 16 -1.578569 8.356602 3.686003 0 8.356602 4 -0.8169446 6.195283 3.917104
5 24 0 8.356602 4 -0.8169446 6.195283 3.917104 -1.578569 8.356602 3.686003 0 6.25 4
3 16 -0.8169446 6.195283 3.917104 0 8.356602 4 0 6.25 4
5 24 0 8.356602 4 0 6.25 4 -0.8169446 6.195283 3.917104 0.8169446 6.195283 3.917104
2 24 0 6.25 4 -0.8169446 6.195283 3.917104
3 16 0 6.25 4 0 8.356602 4 0.8169446 6.195283 3.917104
5 24 0 8.356602 4 0.8169446 6.195283 3.917104 0 6.25 4 1.578569 8.356602 3.686003
2 24 0.8169446 6.195283 3.917104 0 6.25 4
3 16 0.8169446 6.195283 3.917104 0 8.356602 4 1.578569 8.356602 3.686003
5 24 1.578569 8.356602 3.686003 0.8169446 6.195283 3.917104 0 8.356602 4 1.610889 6.038835 3.672454
3 16 0.8169446 6.195283 3.917104 1.578569 8.356602 3.686003 1.610889 6.038835 3.672454
5 24 1.578569 8.356602 3.686003 1.610889 6.038835 3.672454 0.8169446 6.195283 3.917104 2.916815 8.356602 2.791815
2 24 1.610889 6.038835 3.672454 0.8169446 6.195283 3.917104
4 16 1.610889 6.038835 3.672454 1.578569 8.356602 3.686003 2.916815 8.356602 2.791815 2.92804 5.52169 2.780545
2 24 2.916815 8.356602 2.791815 2.92804 5.52169 2.780545
2 24 2.92804 5.52169 2.780545 1.610889 6.038835 3.672454
4 16 2.92804 5.52169 2.780545 2.916815 8.356602 2.791815 3.811003 8.356602 1.453569 3.804236 4.95886 1.469808
5 24 3.811003 8.356602 1.453569 3.804236 4.95886 1.469808 2.92804 5.52169 2.780545 4.04 4.77 0.69
2 24 3.804236 4.95886 1.469808 2.92804 5.52169 2.780545
3 16 3.804236 4.95886 1.469808 3.811003 8.356602 1.453569 4.04 4.77 0.69
5 24 3.811003 8.356602 1.453569 4.04 4.77 0.69 3.804236 4.95886 1.469808 4.125 8.356602 -0.125
2 24 4.04 4.77 0.69 3.804236 4.95886 1.469808
3 16 3.811003 8.356602 1.453569 4.125 8.356602 -0.125 4.04 4.77 0.69
5 24 4.125 8.356602 -0.125 4.04 4.77 0.69 3.811003 8.356602 1.453569 4.12 4.7 -0.12
3 16 4.04 4.77 0.69 4.125 8.356602 -0.125 4.12 4.7 -0.12
5 24 4.125 8.356602 -0.125 4.12 4.7 -0.12 4.04 4.77 0.69 4.04 4.77 -0.94
2 24 4.12 4.7 -0.12 4.04 4.77 0.69
3 16 4.12 4.7 -0.12 4.125 8.356602 -0.125 4.04 4.77 -0.94
5 24 4.125 8.356602 -0.125 4.04 4.77 -0.94 4.12 4.7 -0.12 3.811003 8.356602 -1.703569
2 24 4.04 4.77 -0.94 4.12 4.7 -0.12
3 16 4.04 4.77 -0.94 4.125 8.356602 -0.125 3.811003 8.356602 -1.703569
5 24 3.811003 8.356602 -1.703569 4.04 4.77 -0.94 4.125 8.356602 -0.125 3.804236 4.95886 -1.719808
3 16 4.04 4.77 -0.94 3.811003 8.356602 -1.703569 3.804236 4.95886 -1.719808
5 24 3.811003 8.356602 -1.703569 3.804236 4.95886 -1.719808 4.04 4.77 -0.94 2.916815 8.356602 -3.041815
2 24 3.804236 4.95886 -1.719808 4.04 4.77 -0.94
4 16 3.804236 4.95886 -1.719808 3.811003 8.356602 -1.703569 2.916815 8.356602 -3.041815 2.92804 5.52169 -3.030545
5 24 2.916815 8.356602 -3.041815 2.92804 5.52169 -3.030545 3.804236 4.95886 -1.719808 1.578569 8.356602 -3.936003
2 24 2.92804 5.52169 -3.030545 3.804236 4.95886 -1.719808
4 16 2.92804 5.52169 -3.030545 2.916815 8.356602 -3.041815 1.578569 8.356602 -3.936003 1.610889 6.038835 -3.922454
5 24 1.578569 8.356602 -3.936003 1.610889 6.038835 -3.922454 2.92804 5.52169 -3.030545 0.8169446 6.195283 -4.167104
2 24 1.610889 6.038835 -3.922454 2.92804 5.52169 -3.030545
3 16 1.610889 6.038835 -3.922454 1.578569 8.356602 -3.936003 0.8169446 6.195283 -4.167104
5 24 1.578569 8.356602 -3.936003 0.8169446 6.195283 -4.167104 1.610889 6.038835 -3.922454 0 8.36 -4.25
2 24 0.8169446 6.195283 -4.167104 1.610889 6.038835 -3.922454
3 16 1.578569 8.356602 -3.936003 0 8.36 -4.25 0.8169446 6.195283 -4.167104
5 24 0 8.36 -4.25 0.8169446 6.195283 -4.167104 1.578569 8.356602 -3.936003 0 6.25 -4.25
3 16 0.8169446 6.195283 -4.167104 0 8.36 -4.25 0 6.25 -4.25
5 24 0 8.36 -4.25 0 6.25 -4.25 0.8169446 6.195283 -4.167104 -0.8169446 6.195283 -4.167104
2 24 0 6.25 -4.25 0.8169446 6.195283 -4.167104
3 16 0 6.25 -4.25 0 8.36 -4.25 -0.8169446 6.195283 -4.167104
5 24 0 8.36 -4.25 -0.8169446 6.195283 -4.167104 0 6.25 -4.25 -1.578569 8.356602 -3.936003
2 24 -0.8169446 6.195283 -4.167104 0 6.25 -4.25
3 16 -0.8169446 6.195283 -4.167104 0 8.36 -4.25 -1.578569 8.356602 -3.936003
5 24 -1.578569 8.356602 -3.936003 -0.8169446 6.195283 -4.167104 0 8.36 -4.25 -1.610889 6.038835 -3.922454
3 16 -0.8169446 6.195283 -4.167104 -1.578569 8.356602 -3.936003 -1.610889 6.038835 -3.922454
5 24 -1.578569 8.356602 -3.936003 -1.610889 6.038835 -3.922454 -0.8169446 6.195283 -4.167104 -2.916815 8.356602 -3.041815
2 24 -1.610889 6.038835 -3.922454 -0.8169446 6.195283 -4.167104
4 16 -1.610889 6.038835 -3.922454 -1.578569 8.356602 -3.936003 -2.916815 8.356602 -3.041815 -2.92804 5.52169 -3.030545
2 24 -2.916815 8.356602 -3.041815 -2.92804 5.52169 -3.030545
2 24 -2.92804 5.52169 -3.030545 -1.610889 6.038835 -3.922454
4 16 -2.92804 5.52169 -3.030545 -2.916815 8.356602 -3.041815 -3.811003 8.356602 -1.703569 -3.804236 4.95886 -1.719808
5 24 -3.811003 8.356602 -1.703569 -3.804236 4.95886 -1.719808 -2.92804 5.52169 -3.030545 -4.04 4.77 -0.94
2 24 -3.804236 4.95886 -1.719808 -2.92804 5.52169 -3.030545
3 16 -3.804236 4.95886 -1.719808 -3.811003 8.356602 -1.703569 -4.04 4.77 -0.94
5 24 -3.811003 8.356602 -1.703569 -4.04 4.77 -0.94 -3.804236 4.95886 -1.719808 -4.125 8.356602 -0.125
2 24 -4.04 4.77 -0.94 -3.804236 4.95886 -1.719808
3 16 -3.811003 8.356602 -1.703569 -4.125 8.356602 -0.125 -4.04 4.77 -0.94
4 16 -2.92804 -5.52169 -3.030545 -3.804236 -4.95886 -1.719808 -3.811003 -8.356602 -1.703569 -2.916815 -8.356602 -3.041815
2 24 -2.92804 -5.52169 -3.030545 -3.804236 -4.95886 -1.719808
5 24 -3.804236 -4.95886 -1.719808 -3.811003 -8.356602 -1.703569 -2.916815 -8.356602 -3.041815 -4.04 -4.77 -0.94
5 24 -2.916815 -8.356602 -3.041815 -2.92804 -5.52169 -3.030545 -3.804236 -4.95886 -1.719808 -1.578569 -8.356602 -3.936003
3 16 -3.811003 -8.356602 -1.703569 -3.804236 -4.95886 -1.719808 -4.04 -4.77 -0.94
2 24 -3.804236 -4.95886 -1.719808 -4.04 -4.77 -0.94
5 24 -4.04 -4.77 -0.94 -3.811003 -8.356602 -1.703569 -3.804236 -4.95886 -1.719808 -4.125 -8.356602 -0.125
3 16 -3.811003 -8.356602 -1.703569 -4.04 -4.77 -0.94 -4.125 -8.356602 -0.125
5 24 -4.04 -4.77 -0.94 -4.125 -8.356602 -0.125 -3.811003 -8.356602 -1.703569 -4.13 -4.7 -0.12
3 16 -4.125 -8.356602 -0.125 -4.04 -4.77 -0.94 -4.13 -4.7 -0.12
2 24 -4.04 -4.77 -0.94 -4.13 -4.7 -0.12
5 24 -4.13 -4.7 -0.12 -4.125 -8.356602 -0.125 -4.04 -4.77 -0.94 -4.04 -4.77 0.69
3 16 -4.125 -8.356602 -0.125 -4.13 -4.7 -0.12 -4.04 -4.77 0.69
2 24 -4.13 -4.7 -0.12 -4.04 -4.77 0.69
5 24 -4.04 -4.77 0.69 -4.125 -8.356602 -0.125 -4.13 -4.7 -0.12 -3.811003 -8.356602 1.453569
4 16 -2.92804 -5.52169 -3.030545 -2.916815 -8.356602 -3.041815 -1.578569 -8.356602 -3.936003 -1.610889 -6.038835 -3.922454
5 24 -1.578569 -8.356602 -3.936003 -1.610889 -6.038835 -3.922454 -2.92804 -5.52169 -3.030545 -0.8169446 -6.195283 -4.167104
2 24 -1.610889 -6.038835 -3.922454 -2.92804 -5.52169 -3.030545
3 16 -1.610889 -6.038835 -3.922454 -1.578569 -8.356602 -3.936003 -0.8169446 -6.195283 -4.167104
5 24 -1.578569 -8.356602 -3.936003 -0.8169446 -6.195283 -4.167104 -1.610889 -6.038835 -3.922454 0 -8.36 -4.25
2 24 -0.8169446 -6.195283 -4.167104 -1.610889 -6.038835 -3.922454
3 16 -1.578569 -8.356602 -3.936003 0 -8.36 -4.25 -0.8169446 -6.195283 -4.167104
5 24 0 -8.36 -4.25 -0.8169446 -6.195283 -4.167104 -1.578569 -8.356602 -3.936003 0 -6.25 -4.25
3 16 -0.8169446 -6.195283 -4.167104 0 -8.36 -4.25 0 -6.25 -4.25
5 24 0 -8.36 -4.25 0 -6.25 -4.25 -0.8169446 -6.195283 -4.167104 0.8169446 -6.195283 -4.167104
2 24 0 -6.25 -4.25 -0.8169446 -6.195283 -4.167104
3 16 0 -6.25 -4.25 0 -8.36 -4.25 0.8169446 -6.195283 -4.167104
5 24 0 -8.36 -4.25 0.8169446 -6.195283 -4.167104 0 -6.25 -4.25 1.578569 -8.356602 -3.936003
2 24 0.8169446 -6.195283 -4.167104 0 -6.25 -4.25
3 16 0.8169446 -6.195283 -4.167104 0 -8.36 -4.25 1.578569 -8.356602 -3.936003
5 24 1.578569 -8.356602 -3.936003 0.8169446 -6.195283 -4.167104 0 -8.36 -4.25 1.610889 -6.038835 -3.922454
3 16 0.8169446 -6.195283 -4.167104 1.578569 -8.356602 -3.936003 1.610889 -6.038835 -3.922454
5 24 1.578569 -8.356602 -3.936003 1.610889 -6.038835 -3.922454 0.8169446 -6.195283 -4.167104 2.916815 -8.356602 -3.041815
2 24 1.610889 -6.038835 -3.922454 0.8169446 -6.195283 -4.167104
4 16 1.610889 -6.038835 -3.922454 1.578569 -8.356602 -3.936003 2.916815 -8.356602 -3.041815 2.92804 -5.52169 -3.030545
2 24 2.916815 -8.356602 -3.041815 2.92804 -5.52169 -3.030545
2 24 2.92804 -5.52169 -3.030545 1.610889 -6.038835 -3.922454
4 16 2.92804 -5.52169 -3.030545 2.916815 -8.356602 -3.041815 3.811003 -8.356602 -1.703569 3.804236 -4.95886 -1.719808
5 24 3.811003 -8.356602 -1.703569 3.804236 -4.95886 -1.719808 2.92804 -5.52169 -3.030545 4.04 -4.77 -0.94
2 24 3.804236 -4.95886 -1.719808 2.92804 -5.52169 -3.030545
3 16 3.804236 -4.95886 -1.719808 3.811003 -8.356602 -1.703569 4.04 -4.77 -0.94
5 24 3.811003 -8.356602 -1.703569 4.04 -4.77 -0.94 3.804236 -4.95886 -1.719808 4.125 -8.356602 -0.125
2 24 4.04 -4.77 -0.94 3.804236 -4.95886 -1.719808
3 16 3.811003 -8.356602 -1.703569 4.125 -8.356602 -0.125 4.04 -4.77 -0.94
5 24 4.125 -8.356602 -0.125 4.04 -4.77 -0.94 3.811003 -8.356602 -1.703569 4.12 -4.7 -0.12
3 16 4.04 -4.77 -0.94 4.125 -8.356602 -0.125 4.12 -4.7 -0.12
5 24 4.125 -8.356602 -0.125 4.12 -4.7 -0.12 4.04 -4.77 -0.94 4.04 -4.77 0.69
2 24 4.12 -4.7 -0.12 4.04 -4.77 -0.94
3 16 4.12 -4.7 -0.12 4.125 -8.356602 -0.125 4.04 -4.77 0.69
5 24 4.125 -8.356602 -0.125 4.04 -4.77 0.69 4.12 -4.7 -0.12 3.811003 -8.356602 1.453569
2 24 4.04 -4.77 0.69 4.12 -4.7 -0.12
3 16 4.04 -4.77 0.69 4.125 -8.356602 -0.125 3.811003 -8.356602 1.453569
5 24 3.811003 -8.356602 1.453569 4.04 -4.77 0.69 4.125 -8.356602 -0.125 3.804236 -4.95886 1.469808
3 16 4.04 -4.77 0.69 3.811003 -8.356602 1.453569 3.804236 -4.95886 1.469808
5 24 3.811003 -8.356602 1.453569 3.804236 -4.95886 1.469808 4.04 -4.77 0.69 2.916815 -8.356602 2.791815
2 24 3.804236 -4.95886 1.469808 4.04 -4.77 0.69
4 16 3.804236 -4.95886 1.469808 3.811003 -8.356602 1.453569 2.916815 -8.356602 2.791815 2.92804 -5.52169 2.780545
5 24 2.916815 -8.356602 2.791815 2.92804 -5.52169 2.780545 3.804236 -4.95886 1.469808 1.578569 -8.356602 3.686003
2 24 2.92804 -5.52169 2.780545 3.804236 -4.95886 1.469808
4 16 2.92804 -5.52169 2.780545 2.916815 -8.356602 2.791815 1.578569 -8.356602 3.686003 1.610889 -6.038835 3.672454
5 24 1.578569 -8.356602 3.686003 1.610889 -6.038835 3.672454 2.92804 -5.52169 2.780545 0.8169446 -6.195283 3.917104
2 24 1.610889 -6.038835 3.672454 2.92804 -5.52169 2.780545
3 16 1.610889 -6.038835 3.672454 1.578569 -8.356602 3.686003 0.8169446 -6.195283 3.917104
5 24 1.578569 -8.356602 3.686003 0.8169446 -6.195283 3.917104 1.610889 -6.038835 3.672454 0 -8.356602 4
2 24 0.8169446 -6.195283 3.917104 1.610889 -6.038835 3.672454
3 16 1.578569 -8.356602 3.686003 0 -8.356602 4 0.8169446 -6.195283 3.917104
5 24 0 -8.356602 4 0.8169446 -6.195283 3.917104 1.578569 -8.356602 3.686003 0 -6.25 4
3 16 0.8169446 -6.195283 3.917104 0 -8.356602 4 0 -6.25 4
5 24 0 -8.356602 4 0 -6.25 4 0.8169446 -6.195283 3.917104 -0.8169446 -6.195283 3.917104
2 24 0 -6.25 4 0.8169446 -6.195283 3.917104
3 16 0 -6.25 4 0 -8.356602 4 -0.8169446 -6.195283 3.917104
5 24 0 -8.356602 4 -0.8169446 -6.195283 3.917104 0 -6.25 4 -1.578569 -8.356602 3.686003
2 24 -0.8169446 -6.195283 3.917104 0 -6.25 4
3 16 -0.8169446 -6.195283 3.917104 0 -8.356602 4 -1.578569 -8.356602 3.686003
5 24 -1.578569 -8.356602 3.686003 -0.8169446 -6.195283 3.917104 0 -8.356602 4 -1.610889 -6.038835 3.672454
3 16 -0.8169446 -6.195283 3.917104 -1.578569 -8.356602 3.686003 -1.610889 -6.038835 3.672454
5 24 -1.578569 -8.356602 3.686003 -1.610889 -6.038835 3.672454 -0.8169446 -6.195283 3.917104 -2.916815 -8.356602 2.791815
2 24 -1.610889 -6.038835 3.672454 -0.8169446 -6.195283 3.917104
4 16 -1.610889 -6.038835 3.672454 -1.578569 -8.356602 3.686003 -2.916815 -8.356602 2.791815 -2.92804 -5.52169 2.780545
2 24 -2.916815 -8.356602 2.791815 -2.92804 -5.52169 2.780545
2 24 -2.92804 -5.52169 2.780545 -1.610889 -6.038835 3.672454
4 16 -2.92804 -5.52169 2.780545 -2.916815 -8.356602 2.791815 -3.811003 -8.356602 1.453569 -3.804236 -4.95886 1.469808
5 24 -3.811003 -8.356602 1.453569 -3.804236 -4.95886 1.469808 -2.92804 -5.52169 2.780545 -4.04 -4.77 0.69
2 24 -3.804236 -4.95886 1.469808 -2.92804 -5.52169 2.780545
3 16 -3.804236 -4.95886 1.469808 -3.811003 -8.356602 1.453569 -4.04 -4.77 0.69
5 24 -3.811003 -8.356602 1.453569 -4.04 -4.77 0.69 -3.804236 -4.95886 1.469808 -4.125 -8.356602 -0.125
2 24 -4.04 -4.77 0.69 -3.804236 -4.95886 1.469808
3 16 -3.811003 -8.356602 1.453569 -4.125 -8.356602 -0.125 -4.04 -4.77 0.69
4 16 7.125 -8.356602 10 7.125 -8.356602 -4.238621 7.125 -14.6066 -4.238621 7.125 -14.6066 10
2 24 7.125 -8.356602 -4.238621 7.125 -14.6066 -4.238621
3 16 4.05 24.67 0.67 4.13 24.66 -0.12 4.125 14.6066 -0.125
2 24 4.05 24.67 0.67 4.13 24.66 -0.12
5 24 4.13 24.66 -0.12 4.125 14.6066 -0.125 4.05 24.67 0.67 4.05 24.67 -0.92
5 24 4.125 14.6066 -0.125 4.05 24.67 0.67 4.13 24.66 -0.12 3.811003 14.6066 1.453569
3 16 4.125 14.6066 -0.125 4.13 24.66 -0.12 4.05 24.67 -0.92
2 24 4.13 24.66 -0.12 4.05 24.67 -0.92
5 24 4.05 24.67 -0.92 4.125 14.6066 -0.125 4.13 24.66 -0.12 3.811003 14.6066 -1.703569
3 16 4.125 14.6066 -0.125 4.05 24.67 -0.92 3.811003 14.6066 -1.703569
5 24 4.05 24.67 -0.92 3.811003 14.6066 -1.703569 4.125 14.6066 -0.125 3.810465 24.7079 -1.704867
3 16 3.811003 14.6066 -1.703569 4.05 24.67 -0.92 3.810465 24.7079 -1.704867
2 24 4.05 24.67 -0.92 3.810465 24.7079 -1.704867
5 24 3.810465 24.7079 -1.704867 3.811003 14.6066 -1.703569 4.05 24.67 -0.92 2.916844 24.82926 -3.041787
4 16 3.811003 14.6066 -1.703569 3.810465 24.7079 -1.704867 2.916844 24.82926 -3.041787 2.916815 14.6066 -3.041815
2 24 3.810465 24.7079 -1.704867 2.916844 24.82926 -3.041787
5 24 2.916844 24.82926 -3.041787 2.916815 14.6066 -3.041815 3.811003 14.6066 -1.703569 1.579905 24.95003 -3.93545
4 16 2.916815 14.6066 -3.041815 2.916844 24.82926 -3.041787 1.579905 24.95003 -3.93545 1.578569 14.6066 -3.936003
2 24 2.916844 24.82926 -3.041787 1.579905 24.95003 -3.93545
5 24 1.579905 24.95003 -3.93545 1.578569 14.6066 -3.936003 2.916815 14.6066 -3.041815 0.79 24.99 -4.17
3 16 1.578569 14.6066 -3.936003 1.579905 24.95003 -3.93545 0.79 24.99 -4.17
2 24 1.579905 24.95003 -3.93545 0.79 24.99 -4.17
5 24 0.79 24.99 -4.17 1.578569 14.6066 -3.936003 1.579905 24.95003 -3.93545 0 14.6066 -4.25
3 16 1.578569 14.6066 -3.936003 0.79 24.99 -4.17 0 14.6066 -4.25
5 24 0.79 24.99 -4.17 0 14.6066 -4.25 1.578569 14.6066 -3.936003 0 25 -4.25
3 16 0 14.6066 -4.25 0.79 24.99 -4.17 0 25 -4.25
2 24 0.79 24.99 -4.17 0 25 -4.25
5 24 0 25 -4.25 0 14.6066 -4.25 0.79 24.99 -4.17 -0.79 24.99 -4.17
3 16 0 14.6066 -4.25 0 25 -4.25 -0.79 24.99 -4.17
2 24 0 25 -4.25 -0.79 24.99 -4.17
5 24 -0.79 24.99 -4.17 0 14.6066 -4.25 0 25 -4.25 -1.578569 14.6066 -3.936003
3 16 0 14.6066 -4.25 -0.79 24.99 -4.17 -1.578569 14.6066 -3.936003
5 24 -0.79 24.99 -4.17 -1.578569 14.6066 -3.936003 0 14.6066 -4.25 -1.579905 24.95003 -3.93545
3 16 -1.578569 14.6066 -3.936003 -0.79 24.99 -4.17 -1.579905 24.95003 -3.93545
2 24 -0.79 24.99 -4.17 -1.579905 24.95003 -3.93545
5 24 -1.579905 24.95003 -3.93545 -1.578569 14.6066 -3.936003 -0.79 24.99 -4.17 -2.916844 24.82926 -3.041787
4 16 -1.578569 14.6066 -3.936003 -1.579905 24.95003 -3.93545 -2.916844 24.82926 -3.041787 -2.916815 14.6066 -3.041815
2 24 -1.579905 24.95003 -3.93545 -2.916844 24.82926 -3.041787
5 24 -2.916844 24.82926 -3.041787 -2.916815 14.6066 -3.041815 -1.578569 14.6066 -3.936003 -3.810465 24.7079 -1.704867
4 16 -2.916815 14.6066 -3.041815 -2.916844 24.82926 -3.041787 -3.810465 24.7079 -1.704867 -3.811003 14.6066 -1.703569
2 24 -2.916844 24.82926 -3.041787 -3.810465 24.7079 -1.704867
5 24 -3.810465 24.7079 -1.704867 -3.811003 14.6066 -1.703569 -2.916815 14.6066 -3.041815 -4.05 24.67 -0.92
3 16 -3.811003 14.6066 -1.703569 -3.810465 24.7079 -1.704867 -4.05 24.67 -0.92
2 24 -3.810465 24.7079 -1.704867 -4.05 24.67 -0.92
5 24 -4.05 24.67 -0.92 -3.811003 14.6066 -1.703569 -3.810465 24.7079 -1.704867 -4.125 14.6066 -0.125
3 16 -3.811003 14.6066 -1.703569 -4.05 24.67 -0.92 -4.125 14.6066 -0.125
5 24 -4.05 24.67 -0.92 -4.125 14.6066 -0.125 -3.811003 14.6066 -1.703569 -4.12 24.66 -0.12
3 16 -4.125 14.6066 -0.125 -4.05 24.67 -0.92 -4.12 24.66 -0.12
2 24 -4.05 24.67 -0.92 -4.12 24.66 -0.12
5 24 -4.12 24.66 -0.12 -4.125 14.6066 -0.125 -4.05 24.67 -0.92 -4.05 24.67 0.67
3 16 -4.125 14.6066 -0.125 -4.12 24.66 -0.12 -4.05 24.67 0.67
2 24 -4.12 24.66 -0.12 -4.05 24.67 0.67
5 24 -4.05 24.67 0.67 -4.125 14.6066 -0.125 -4.12 24.66 -0.12 -3.811003 14.6066 1.453569
3 16 -4.125 14.6066 -0.125 -4.05 24.67 0.67 -3.811003 14.6066 1.453569
5 24 -4.05 24.67 0.67 -3.811003 14.6066 1.453569 -4.125 14.6066 -0.125 -3.810465 24.7079 1.454867
3 16 -3.811003 14.6066 1.453569 -4.05 24.67 0.67 -3.810465 24.7079 1.454867
2 24 -4.05 24.67 0.67 -3.810465 24.7079 1.454867
5 24 -3.810465 24.7079 1.454867 -3.811003 14.6066 1.453569 -4.05 24.67 0.67 -2.916844 24.82926 2.791787
4 16 -3.811003 14.6066 1.453569 -3.810465 24.7079 1.454867 -2.916844 24.82926 2.791787 -2.916815 14.6066 2.791815
2 24 -3.810465 24.7079 1.454867 -2.916844 24.82926 2.791787
5 24 -2.916844 24.82926 2.791787 -2.916815 14.6066 2.791815 -3.811003 14.6066 1.453569 -1.579905 24.95003 3.68545
4 16 -2.916815 14.6066 2.791815 -2.916844 24.82926 2.791787 -1.579905 24.95003 3.68545 -1.578569 14.6066 3.686003
2 24 -2.916844 24.82926 2.791787 -1.579905 24.95003 3.68545
5 24 -1.579905 24.95003 3.68545 -1.578569 14.6066 3.686003 -2.916815 14.6066 2.791815 -0.79 24.99 3.92
3 16 -1.578569 14.6066 3.686003 -1.579905 24.95003 3.68545 -0.79 24.99 3.92
2 24 -1.579905 24.95003 3.68545 -0.79 24.99 3.92
5 24 -0.79 24.99 3.92 -1.578569 14.6066 3.686003 -1.579905 24.95003 3.68545 0 14.6066 4
3 16 -1.578569 14.6066 3.686003 -0.79 24.99 3.92 0 14.6066 4
5 24 -0.79 24.99 3.92 0 14.6066 4 -1.578569 14.6066 3.686003 0 25 4
3 16 0 14.6066 4 -0.79 24.99 3.92 0 25 4
2 24 -0.79 24.99 3.92 0 25 4
5 24 0 25 4 0 14.6066 4 -0.79 24.99 3.92 0.79 24.99 3.92
3 16 0 14.6066 4 0 25 4 0.79 24.99 3.92
2 24 0 25 4 0.79 24.99 3.92
5 24 0.79 24.99 3.92 0 14.6066 4 0 25 4 1.578569 14.6066 3.686003
3 16 0 14.6066 4 0.79 24.99 3.92 1.578569 14.6066 3.686003
5 24 0.79 24.99 3.92 1.578569 14.6066 3.686003 0 14.6066 4 1.579905 24.95003 3.68545
3 16 1.578569 14.6066 3.686003 0.79 24.99 3.92 1.579905 24.95003 3.68545
2 24 0.79 24.99 3.92 1.579905 24.95003 3.68545
5 24 1.579905 24.95003 3.68545 1.578569 14.6066 3.686003 0.79 24.99 3.92 2.916844 24.82926 2.791787
4 16 1.578569 14.6066 3.686003 1.579905 24.95003 3.68545 2.916844 24.82926 2.791787 2.916815 14.6066 2.791815
2 24 1.579905 24.95003 3.68545 2.916844 24.82926 2.791787
5 24 2.916844 24.82926 2.791787 2.916815 14.6066 2.791815 1.578569 14.6066 3.686003 3.810465 24.7079 1.454867
4 16 2.916815 14.6066 2.791815 2.916844 24.82926 2.791787 3.810465 24.7079 1.454867 3.811003 14.6066 1.453569
2 24 2.916844 24.82926 2.791787 3.810465 24.7079 1.454867
5 24 3.810465 24.7079 1.454867 3.811003 14.6066 1.453569 2.916815 14.6066 2.791815 4.05 24.67 0.67
3 16 3.811003 14.6066 1.453569 3.810465 24.7079 1.454867 4.05 24.67 0.67
2 24 3.810465 24.7079 1.454867 4.05 24.67 0.67
5 24 4.05 24.67 0.67 3.811003 14.6066 1.453569 3.810465 24.7079 1.454867 4.125 14.6066 -0.125
3 16 3.811003 14.6066 1.453569 4.05 24.67 0.67 4.125 14.6066 -0.125
4 16 -7.125 -8.356602 -4.238621 -7.125 -8.356602 10 -7.125 -14.6066 10 -7.125 -14.6066 -4.238621
2 24 -7.125 -14.6066 -4.238621 -7.125 -8.356602 -4.238621
3 16 -0.79 -24.99 3.92 -1.579905 -24.95003 3.68545 -1.578569 -14.6066 3.686003
2 24 -0.79 -24.99 3.92 -1.579905 -24.95003 3.68545
5 24 -1.579905 -24.95003 3.68545 -1.578569 -14.6066 3.686003 -0.79 -24.99 3.92 -2.916844 -24.82926 2.791787
5 24 -1.578569 -14.6066 3.686003 -0.79 -24.99 3.92 -1.579905 -24.95003 3.68545 0 -14.6066 4
4 16 -1.578569 -14.6066 3.686003 -1.579905 -24.95003 3.68545 -2.916844 -24.82926 2.791787 -2.916815 -14.6066 2.791815
2 24 -1.579905 -24.95003 3.68545 -2.916844 -24.82926 2.791787
5 24 -2.916844 -24.82926 2.791787 -2.916815 -14.6066 2.791815 -1.578569 -14.6066 3.686003 -3.810465 -24.7079 1.454867
4 16 -2.916815 -14.6066 2.791815 -2.916844 -24.82926 2.791787 -3.810465 -24.7079 1.454867 -3.811003 -14.6066 1.453569
2 24 -2.916844 -24.82926 2.791787 -3.810465 -24.7079 1.454867
5 24 -3.810465 -24.7079 1.454867 -3.811003 -14.6066 1.453569 -2.916815 -14.6066 2.791815 -4.05 -24.67 0.67
3 16 -3.811003 -14.6066 1.453569 -3.810465 -24.7079 1.454867 -4.05 -24.67 0.67
2 24 -3.810465 -24.7079 1.454867 -4.05 -24.67 0.67
5 24 -4.05 -24.67 0.67 -3.811003 -14.6066 1.453569 -3.810465 -24.7079 1.454867 -4.125 -14.6066 -0.125
3 16 -3.811003 -14.6066 1.453569 -4.05 -24.67 0.67 -4.125 -14.6066 -0.125
5 24 -4.05 -24.67 0.67 -4.125 -14.6066 -0.125 -3.811003 -14.6066 1.453569 -4.13 -24.66 -0.12
3 16 -4.125 -14.6066 -0.125 -4.05 -24.67 0.67 -4.13 -24.66 -0.12
2 24 -4.05 -24.67 0.67 -4.13 -24.66 -0.12
5 24 -4.13 -24.66 -0.12 -4.125 -14.6066 -0.125 -4.05 -24.67 0.67 -4.05 -24.67 -0.92
3 16 -4.125 -14.6066 -0.125 -4.13 -24.66 -0.12 -4.05 -24.67 -0.92
2 24 -4.13 -24.66 -0.12 -4.05 -24.67 -0.92
5 24 -4.05 -24.67 -0.92 -4.125 -14.6066 -0.125 -4.13 -24.66 -0.12 -3.811003 -14.6066 -1.703569
3 16 -1.578569 -14.6066 3.686003 0 -14.6066 4 -0.79 -24.99 3.92
5 24 0 -14.6066 4 -0.79 -24.99 3.92 -1.578569 -14.6066 3.686003 0 -25 4
3 16 -0.79 -24.99 3.92 0 -14.6066 4 0 -25 4
5 24 0 -14.6066 4 0 -25 4 -0.79 -24.99 3.92 0.79 -24.99 3.92
2 24 0 -25 4 -0.79 -24.99 3.92
3 16 0 -25 4 0 -14.6066 4 0.79 -24.99 3.92
5 24 0 -14.6066 4 0.79 -24.99 3.92 0 -25 4 1.578569 -14.6066 3.686003
2 24 0.79 -24.99 3.92 0 -25 4
3 16 0.79 -24.99 3.92 0 -14.6066 4 1.578569 -14.6066 3.686003
5 24 1.578569 -14.6066 3.686003 0.79 -24.99 3.92 0 -14.6066 4 1.579905 -24.95003 3.68545
3 16 0.79 -24.99 3.92 1.578569 -14.6066 3.686003 1.579905 -24.95003 3.68545
5 24 1.578569 -14.6066 3.686003 1.579905 -24.95003 3.68545 0.79 -24.99 3.92 2.916815 -14.6066 2.791815
2 24 1.579905 -24.95003 3.68545 0.79 -24.99 3.92
4 16 1.579905 -24.95003 3.68545 1.578569 -14.6066 3.686003 2.916815 -14.6066 2.791815 2.916844 -24.82926 2.791787
2 24 2.916815 -14.6066 2.791815 2.916844 -24.82926 2.791787
2 24 2.916844 -24.82926 2.791787 1.579905 -24.95003 3.68545
4 16 2.916844 -24.82926 2.791787 2.916815 -14.6066 2.791815 3.811003 -14.6066 1.453569 3.810465 -24.7079 1.454867
5 24 3.811003 -14.6066 1.453569 3.810465 -24.7079 1.454867 2.916844 -24.82926 2.791787 4.05 -24.67 0.67
2 24 3.810465 -24.7079 1.454867 2.916844 -24.82926 2.791787
3 16 3.810465 -24.7079 1.454867 3.811003 -14.6066 1.453569 4.05 -24.67 0.67
5 24 3.811003 -14.6066 1.453569 4.05 -24.67 0.67 3.810465 -24.7079 1.454867 4.125 -14.6066 -0.125
2 24 4.05 -24.67 0.67 3.810465 -24.7079 1.454867
3 16 3.811003 -14.6066 1.453569 4.125 -14.6066 -0.125 4.05 -24.67 0.67
5 24 4.125 -14.6066 -0.125 4.05 -24.67 0.67 3.811003 -14.6066 1.453569 4.12 -24.66 -0.12
3 16 4.05 -24.67 0.67 4.125 -14.6066 -0.125 4.12 -24.66 -0.12
5 24 4.125 -14.6066 -0.125 4.12 -24.66 -0.12 4.05 -24.67 0.67 4.05 -24.67 -0.92
2 24 4.12 -24.66 -0.12 4.05 -24.67 0.67
3 16 4.12 -24.66 -0.12 4.125 -14.6066 -0.125 4.05 -24.67 -0.92
5 24 4.125 -14.6066 -0.125 4.05 -24.67 -0.92 4.12 -24.66 -0.12 3.811003 -14.6066 -1.703569
2 24 4.05 -24.67 -0.92 4.12 -24.66 -0.12
3 16 4.05 -24.67 -0.92 4.125 -14.6066 -0.125 3.811003 -14.6066 -1.703569
5 24 3.811003 -14.6066 -1.703569 4.05 -24.67 -0.92 4.125 -14.6066 -0.125 3.810465 -24.7079 -1.704867
3 16 4.05 -24.67 -0.92 3.811003 -14.6066 -1.703569 3.810465 -24.7079 -1.704867
5 24 3.811003 -14.6066 -1.703569 3.810465 -24.7079 -1.704867 4.05 -24.67 -0.92 2.916815 -14.6066 -3.041815
2 24 3.810465 -24.7079 -1.704867 4.05 -24.67 -0.92
4 16 3.810465 -24.7079 -1.704867 3.811003 -14.6066 -1.703569 2.916815 -14.6066 -3.041815 2.916844 -24.82926 -3.041787
2 24 2.916815 -14.6066 -3.041815 2.916844 -24.82926 -3.041787
2 24 2.916844 -24.82926 -3.041787 3.810465 -24.7079 -1.704867
4 16 2.916844 -24.82926 -3.041787 2.916815 -14.6066 -3.041815 1.578569 -14.6066 -3.936003 1.579905 -24.95003 -3.93545
5 24 1.578569 -14.6066 -3.936003 1.579905 -24.95003 -3.93545 2.916844 -24.82926 -3.041787 0.79 -24.99 -4.17
2 24 1.579905 -24.95003 -3.93545 2.916844 -24.82926 -3.041787
3 16 1.579905 -24.95003 -3.93545 1.578569 -14.6066 -3.936003 0.79 -24.99 -4.17
5 24 1.578569 -14.6066 -3.936003 0.79 -24.99 -4.17 1.579905 -24.95003 -3.93545 0 -14.6066 -4.25
2 24 0.79 -24.99 -4.17 1.579905 -24.95003 -3.93545
3 16 1.578569 -14.6066 -3.936003 0 -14.6066 -4.25 0.79 -24.99 -4.17
5 24 0 -14.6066 -4.25 0.79 -24.99 -4.17 1.578569 -14.6066 -3.936003 0 -25 -4.25
3 16 0.79 -24.99 -4.17 0 -14.6066 -4.25 0 -25 -4.25
5 24 0 -14.6066 -4.25 0 -25 -4.25 0.79 -24.99 -4.17 -0.79 -24.99 -4.17
2 24 0 -25 -4.25 0.79 -24.99 -4.17
3 16 0 -25 -4.25 0 -14.6066 -4.25 -0.79 -24.99 -4.17
5 24 0 -14.6066 -4.25 -0.79 -24.99 -4.17 0 -25 -4.25 -1.578569 -14.6066 -3.936003
2 24 -0.79 -24.99 -4.17 0 -25 -4.25
3 16 -0.79 -24.99 -4.17 0 -14.6066 -4.25 -1.578569 -14.6066 -3.936003
5 24 -1.578569 -14.6066 -3.936003 -0.79 -24.99 -4.17 0 -14.6066 -4.25 -1.579905 -24.95003 -3.93545
3 16 -0.79 -24.99 -4.17 -1.578569 -14.6066 -3.936003 -1.579905 -24.95003 -3.93545
5 24 -1.578569 -14.6066 -3.936003 -1.579905 -24.95003 -3.93545 -0.79 -24.99 -4.17 -2.916815 -14.6066 -3.041815
2 24 -1.579905 -24.95003 -3.93545 -0.79 -24.99 -4.17
4 16 -1.579905 -24.95003 -3.93545 -1.578569 -14.6066 -3.936003 -2.916815 -14.6066 -3.041815 -2.916844 -24.82926 -3.041787
2 24 -2.916815 -14.6066 -3.041815 -2.916844 -24.82926 -3.041787
2 24 -2.916844 -24.82926 -3.041787 -1.579905 -24.95003 -3.93545
4 16 -2.916844 -24.82926 -3.041787 -2.916815 -14.6066 -3.041815 -3.811003 -14.6066 -1.703569 -3.810465 -24.7079 -1.704867
5 24 -3.811003 -14.6066 -1.703569 -3.810465 -24.7079 -1.704867 -2.916844 -24.82926 -3.041787 -4.05 -24.67 -0.92
2 24 -3.810465 -24.7079 -1.704867 -2.916844 -24.82926 -3.041787
3 16 -3.810465 -24.7079 -1.704867 -3.811003 -14.6066 -1.703569 -4.05 -24.67 -0.92
5 24 -3.811003 -14.6066 -1.703569 -4.05 -24.67 -0.92 -3.810465 -24.7079 -1.704867 -4.125 -14.6066 -0.125
2 24 -4.05 -24.67 -0.92 -3.810465 -24.7079 -1.704867
3 16 -3.811003 -14.6066 -1.703569 -4.125 -14.6066 -0.125 -4.05 -24.67 -0.92
4 16 0 -14.6066 -8.352241 7.125 -14.6066 -4.238621 7.125 -8.356602 -4.238621 0 -8.356602 -8.352241
2 24 0 -8.356602 -8.352241 0 -14.6066 -8.352241
4 16 -7.125 -14.6066 -4.238621 0 -14.6066 -8.352241 0 -8.356602 -8.352241 -7.125 -8.356602 -4.238621
4 16 7.125 14.6066 10 7.125 14.6066 -4.238621 7.125 8.356602 -4.238621 7.125 8.356602 10
2 24 7.125 14.6066 -4.238621 7.125 8.356602 -4.238621
4 16 7.125 14.6066 -4.238621 0 14.6066 -8.352241 0 8.356602 -8.352241 7.125 8.356602 -4.238621
2 24 0 14.6066 -8.352241 0 8.356602 -8.352241
4 16 -7.125 8.356602 10 -7.125 8.356602 -4.238621 -7.125 14.6066 -4.238621 -7.125 14.6066 10
2 24 -7.125 8.356602 -4.238621 -7.125 14.6066 -4.238621
4 16 0 14.6066 -8.352241 -7.125 14.6066 -4.238621 -7.125 8.356602 -4.238621 0 8.356602 -8.352241
4 16 10 10 -10 10 10 -20 -10 10 -20 -10 10 -10
3 16 4.04 4.77 -0.94 4.419417 4.419417 -20 4.12 4.7 -0.12
5 24 4.04 4.77 -0.94 4.419417 4.419417 -20 4.12 4.7 -0.12 3.804236 4.95886 -1.719808
5 24 4.419417 4.419417 -20 4.12 4.7 -0.12 4.04 4.77 -0.94 4.419417 4.419417 10
3 16 4.12 4.7 -0.12 4.419417 4.419417 -20 4.419417 4.419417 10
5 24 4.419417 4.419417 -20 4.419417 4.419417 10 4.12 4.7 -0.12 5.774247 2.391771 -20
5 24 4.419417 4.419417 10 4.12 4.7 -0.12 4.419417 4.419417 -20 4.04 4.77 0.69
3 16 4.12 4.7 -0.12 4.419417 4.419417 10 4.04 4.77 0.69
5 24 4.419417 4.419417 10 4.04 4.77 0.69 4.12 4.7 -0.12 3.804236 4.95886 1.469808
3 16 4.04 4.77 0.69 4.419417 4.419417 10 3.804236 4.95886 1.469808
5 24 4.419417 4.419417 10 3.804236 4.95886 1.469808 4.04 4.77 0.69 2.391771 5.774247 10
3 16 4.04 4.77 -0.94 3.804236 4.95886 -1.719808 4.419417 4.419417 -20
5 24 3.804236 4.95886 -1.719808 4.419417 4.419417 -20 4.04 4.77 -0.94 2.92804 5.52169 -3.030545
3 16 4.419417 4.419417 -20 3.804236 4.95886 -1.719808 2.92804 5.52169 -3.030545
3 16 4.419417 4.419417 -20 2.92804 5.52169 -3.030545 2.391771 5.774247 -20
5 24 2.92804 5.52169 -3.030545 2.391771 5.774247 -20 4.419417 4.419417 -20 1.610889 6.038835 -3.922454
3 16 2.391771 5.774247 -20 2.92804 5.52169 -3.030545 1.610889 6.038835 -3.922454
5 24 1.610889 6.038835 -3.922454 2.391771 5.774247 -20 2.92804 5.52169 -3.030545 0.8169446 6.195283 -4.167104
4 16 2.391771 5.774247 -20 1.610889 6.038835 -3.922454 0.8169446 6.195283 -4.167104 0 6.25 -20
5 24 0.8169446 6.195283 -4.167104 0 6.25 -20 2.391771 5.774247 -20 0 6.25 -4.25
3 16 0 6.25 -20 0.8169446 6.195283 -4.167104 0 6.25 -4.25
5 24 0 6.25 -4.25 0 6.25 -20 0.8169446 6.195283 -4.167104 -0.8169446 6.195283 -4.167104
3 16 0 6.25 -20 0 6.25 -4.25 -0.8169446 6.195283 -4.167104
5 24 -0.8169446 6.195283 -4.167104 0 6.25 -20 0 6.25 -4.25 -1.610889 6.038835 -3.922454
4 16 -0.8169446 6.195283 -4.167104 -1.610889 6.038835 -3.922454 -2.391771 5.774247 -20 0 6.25 -20
5 24 -1.610889 6.038835 -3.922454 -2.391771 5.774247 -20 0 6.25 -20 -2.92804 5.52169 -3.030545
3 16 -1.610889 6.038835 -3.922454 -2.92804 5.52169 -3.030545 -2.391771 5.774247 -20
5 24 -2.92804 5.52169 -3.030545 -2.391771 5.774247 -20 -1.610889 6.038835 -3.922454 -3.804236 4.95886 -1.719808
3 16 -2.391771 5.774247 -20 -2.92804 5.52169 -3.030545 -3.804236 4.95886 -1.719808
5 24 -3.804236 4.95886 -1.719808 -2.391771 5.774247 -20 -2.92804 5.52169 -3.030545 -4.419417 4.419417 -20
3 16 -2.391771 5.774247 -20 -3.804236 4.95886 -1.719808 -4.419417 4.419417 -20
5 24 -3.804236 4.95886 -1.719808 -4.419417 4.419417 -20 -2.391771 5.774247 -20 -4.04 4.77 -0.94
3 16 -4.419417 4.419417 -20 -3.804236 4.95886 -1.719808 -4.04 4.77 -0.94
5 24 -4.04 4.77 -0.94 -4.419417 4.419417 -20 -3.804236 4.95886 -1.719808 -4.13 4.7 -0.12
3 16 -4.419417 4.419417 -20 -4.04 4.77 -0.94 -4.13 4.7 -0.12
5 24 -4.13 4.7 -0.12 -4.419417 4.419417 -20 -4.04 4.77 -0.94 -4.419417 4.419417 10
3 16 -4.419417 4.419417 -20 -4.13 4.7 -0.12 -4.419417 4.419417 10
5 24 -4.13 4.7 -0.12 -4.419417 4.419417 10 -4.419417 4.419417 -20 -4.04 4.77 0.69
5 24 -4.419417 4.419417 10 -4.419417 4.419417 -20 -4.13 4.7 -0.12 -5.774247 2.391771 10
3 16 -4.419417 4.419417 10 -4.13 4.7 -0.12 -4.04 4.77 0.69
5 24 -4.04 4.77 0.69 -4.419417 4.419417 10 -4.13 4.7 -0.12 -3.804236 4.95886 1.469808
3 16 -4.419417 4.419417 10 -4.04 4.77 0.69 -3.804236 4.95886 1.469808
5 24 -3.804236 4.95886 1.469808 -4.419417 4.419417 10 -4.04 4.77 0.69 -2.92804 5.52169 2.780545
4 16 -3.804236 4.95886 1.469808 -2.92804 5.52169 2.780545 -2.391771 5.774247 10 -4.419417 4.419417 10
5 24 -2.92804 5.52169 2.780545 -2.391771 5.774247 10 -4.419417 4.419417 10 -1.610889 6.038835 3.672454
3 16 -2.92804 5.52169 2.780545 -1.610889 6.038835 3.672454 -2.391771 5.774247 10
5 24 -1.610889 6.038835 3.672454 -2.391771 5.774247 10 -2.92804 5.52169 2.780545 -0.8169446 6.195283 3.917104
4 16 -2.391771 5.774247 10 -1.610889 6.038835 3.672454 -0.8169446 6.195283 3.917104 0 6.25 10
5 24 -0.8169446 6.195283 3.917104 0 6.25 10 -2.391771 5.774247 10 0 6.25 4
3 16 0 6.25 10 -0.8169446 6.195283 3.917104 0 6.25 4
5 24 0 6.25 4 0 6.25 10 -0.8169446 6.195283 3.917104 0.8169446 6.195283 3.917104
3 16 0 6.25 10 0 6.25 4 0.8169446 6.195283 3.917104
5 24 0.8169446 6.195283 3.917104 0 6.25 10 0 6.25 4 1.610889 6.038835 3.672454
4 16 0 6.25 10 0.8169446 6.195283 3.917104 1.610889 6.038835 3.672454 2.391771 5.774247 10
5 24 1.610889 6.038835 3.672454 2.391771 5.774247 10 0 6.25 10 2.92804 5.52169 2.780545
3 16 2.391771 5.774247 10 1.610889 6.038835 3.672454 2.92804 5.52169 2.780545
5 24 2.92804 5.52169 2.780545 2.391771 5.774247 10 1.610889 6.038835 3.672454 3.804236 4.95886 1.469808
4 16 2.92804 5.52169 2.780545 3.804236 4.95886 1.469808 4.419417 4.419417 10 2.391771 5.774247 10
3 16 4.04 -4.77 0.69 4.419417 -4.419417 10 4.12 -4.7 -0.12
5 24 4.04 -4.77 0.69 4.419417 -4.419417 10 4.12 -4.7 -0.12 3.804236 -4.95886 1.469808
5 24 4.419417 -4.419417 10 4.12 -4.7 -0.12 4.04 -4.77 0.69 4.419417 -4.419417 -20
3 16 4.12 -4.7 -0.12 4.419417 -4.419417 10 4.419417 -4.419417 -20
5 24 4.419417 -4.419417 10 4.419417 -4.419417 -20 4.12 -4.7 -0.12 5.774247 -2.391771 10
5 24 4.419417 -4.419417 -20 4.12 -4.7 -0.12 4.419417 -4.419417 10 4.04 -4.77 -0.94
3 16 4.12 -4.7 -0.12 4.419417 -4.419417 -20 4.04 -4.77 -0.94
5 24 4.419417 -4.419417 -20 4.04 -4.77 -0.94 4.12 -4.7 -0.12 3.804236 -4.95886 -1.719808
3 16 4.04 -4.77 -0.94 4.419417 -4.419417 -20 3.804236 -4.95886 -1.719808
5 24 4.419417 -4.419417 -20 3.804236 -4.95886 -1.719808 4.04 -4.77 -0.94 2.391771 -5.774247 -20
3 16 4.04 -4.77 0.69 3.804236 -4.95886 1.469808 4.419417 -4.419417 10
5 24 3.804236 -4.95886 1.469808 4.419417 -4.419417 10 4.04 -4.77 0.69 2.92804 -5.52169 2.780545
4 16 4.419417 -4.419417 10 3.804236 -4.95886 1.469808 2.92804 -5.52169 2.780545 2.391771 -5.774247 10
5 24 2.92804 -5.52169 2.780545 2.391771 -5.774247 10 4.419417 -4.419417 10 1.610889 -6.038835 3.672454
3 16 2.391771 -5.774247 10 2.92804 -5.52169 2.780545 1.610889 -6.038835 3.672454
5 24 1.610889 -6.038835 3.672454 2.391771 -5.774247 10 2.92804 -5.52169 2.780545 0.8169446 -6.195283 3.917104
4 16 2.391771 -5.774247 10 1.610889 -6.038835 3.672454 0.8169446 -6.195283 3.917104 0 -6.25 10
5 24 0.8169446 -6.195283 3.917104 0 -6.25 10 2.391771 -5.774247 10 0 -6.25 4
3 16 0 -6.25 10 0.8169446 -6.195283 3.917104 0 -6.25 4
5 24 0 -6.25 4 0 -6.25 10 0.8169446 -6.195283 3.917104 -0.8169446 -6.195283 3.917104
3 16 0 -6.25 10 0 -6.25 4 -0.8169446 -6.195283 3.917104
5 24 -0.8169446 -6.195283 3.917104 0 -6.25 10 0 -6.25 4 -1.610889 -6.038835 3.672454
4 16 0 -6.25 10 -0.8169446 -6.195283 3.917104 -1.610889 -6.038835 3.672454 -2.391771 -5.774247 10
5 24 -1.610889 -6.038835 3.672454 -2.391771 -5.774247 10 0 -6.25 10 -2.92804 -5.52169 2.780545
3 16 -2.391771 -5.774247 10 -1.610889 -6.038835 3.672454 -2.92804 -5.52169 2.780545
5 24 -2.92804 -5.52169 2.780545 -2.391771 -5.774247 10 -1.610889 -6.038835 3.672454 -3.804236 -4.95886 1.469808
4 16 -2.92804 -5.52169 2.780545 -3.804236 -4.95886 1.469808 -4.419417 -4.419417 10 -2.391771 -5.774247 10
5 24 -3.804236 -4.95886 1.469808 -4.419417 -4.419417 10 -2.391771 -5.774247 10 -4.04 -4.77 0.69
3 16 -3.804236 -4.95886 1.469808 -4.04 -4.77 0.69 -4.419417 -4.419417 10
5 24 -4.04 -4.77 0.69 -4.419417 -4.419417 10 -3.804236 -4.95886 1.469808 -4.13 -4.7 -0.12
3 16 -4.419417 -4.419417 10 -4.04 -4.77 0.69 -4.13 -4.7 -0.12
5 24 -4.13 -4.7 -0.12 -4.419417 -4.419417 10 -4.04 -4.77 0.69 -4.419417 -4.419417 -20
3 16 -4.419417 -4.419417 10 -4.13 -4.7 -0.12 -4.419417 -4.419417 -20
5 24 -4.13 -4.7 -0.12 -4.419417 -4.419417 -20 -4.419417 -4.419417 10 -4.04 -4.77 -0.94
5 24 -4.419417 -4.419417 -20 -4.419417 -4.419417 10 -4.13 -4.7 -0.12 -5.774247 -2.391771 -20
3 16 -4.419417 -4.419417 -20 -4.13 -4.7 -0.12 -4.04 -4.77 -0.94
5 24 -4.04 -4.77 -0.94 -4.419417 -4.419417 -20 -4.13 -4.7 -0.12 -3.804236 -4.95886 -1.719808
3 16 -4.419417 -4.419417 -20 -4.04 -4.77 -0.94 -3.804236 -4.95886 -1.719808
5 24 -3.804236 -4.95886 -1.719808 -4.419417 -4.419417 -20 -4.04 -4.77 -0.94 -2.92804 -5.52169 -3.030545
3 16 -3.804236 -4.95886 -1.719808 -2.92804 -5.52169 -3.030545 -4.419417 -4.419417 -20
3 16 -4.419417 -4.419417 -20 -2.92804 -5.52169 -3.030545 -2.391771 -5.774247 -20
5 24 -2.92804 -5.52169 -3.030545 -2.391771 -5.774247 -20 -4.419417 -4.419417 -20 -1.610889 -6.038835 -3.922454
3 16 -2.92804 -5.52169 -3.030545 -1.610889 -6.038835 -3.922454 -2.391771 -5.774247 -20
5 24 -1.610889 -6.038835 -3.922454 -2.391771 -5.774247 -20 -2.92804 -5.52169 -3.030545 -0.8169446 -6.195283 -4.167104
4 16 -2.391771 -5.774247 -20 -1.610889 -6.038835 -3.922454 -0.8169446 -6.195283 -4.167104 0 -6.25 -20
5 24 -0.8169446 -6.195283 -4.167104 0 -6.25 -20 -2.391771 -5.774247 -20 0 -6.25 -4.25
3 16 0 -6.25 -20 -0.8169446 -6.195283 -4.167104 0 -6.25 -4.25
5 24 0 -6.25 -4.25 0 -6.25 -20 -0.8169446 -6.195283 -4.167104 0.8169446 -6.195283 -4.167104
3 16 0 -6.25 -20 0 -6.25 -4.25 0.8169446 -6.195283 -4.167104
5 24 0.8169446 -6.195283 -4.167104 0 -6.25 -20 0 -6.25 -4.25 1.610889 -6.038835 -3.922454
4 16 0.8169446 -6.195283 -4.167104 1.610889 -6.038835 -3.922454 2.391771 -5.774247 -20 0 -6.25 -20
5 24 1.610889 -6.038835 -3.922454 2.391771 -5.774247 -20 0 -6.25 -20 2.92804 -5.52169 -3.030545
3 16 1.610889 -6.038835 -3.922454 2.92804 -5.52169 -3.030545 2.391771 -5.774247 -20
5 24 2.92804 -5.52169 -3.030545 2.391771 -5.774247 -20 1.610889 -6.038835 -3.922454 3.804236 -4.95886 -1.719808
3 16 2.391771 -5.774247 -20 2.92804 -5.52169 -3.030545 3.804236 -4.95886 -1.719808
5 24 3.804236 -4.95886 -1.719808 2.391771 -5.774247 -20 2.92804 -5.52169 -3.030545 4.419417 -4.419417 -20
3 16 2.391771 -5.774247 -20 3.804236 -4.95886 -1.719808 4.419417 -4.419417 -20
3 16 4.05 24.67 0.67 9.567086 23.09699 10 4.13 24.66 -0.12
5 24 4.05 24.67 0.67 9.567086 23.09699 10 4.13 24.66 -0.12 3.810465 24.7079 1.454867
5 24 9.567086 23.09699 10 4.13 24.66 -0.12 4.05 24.67 0.67 9.567086 23.09699 -10
3 16 4.13 24.66 -0.12 9.567086 23.09699 10 9.567086 23.09699 -10
5 24 9.567086 23.09699 10 9.567086 23.09699 -10 4.13 24.66 -0.12 17.67767 17.67767 10
5 24 9.567086 23.09699 -10 4.13 24.66 -0.12 9.567086 23.09699 10 4.05 24.67 -0.92
3 16 4.13 24.66 -0.12 9.567086 23.09699 -10 4.05 24.67 -0.92
5 24 9.567086 23.09699 -10 4.05 24.67 -0.92 4.13 24.66 -0.12 3.810465 24.7079 -1.704867
3 16 4.05 24.67 -0.92 9.567086 23.09699 -10 3.810465 24.7079 -1.704867
5 24 9.567086 23.09699 -10 3.810465 24.7079 -1.704867 4.05 24.67 -0.92 0 25 -10
3 16 4.05 24.67 0.67 3.810465 24.7079 1.454867 9.567086 23.09699 10
5 24 3.810465 24.7079 1.454867 9.567086 23.09699 10 4.05 24.67 0.67 2.916844 24.82926 2.791787
3 16 9.567086 23.09699 10 3.810465 24.7079 1.454867 2.916844 24.82926 2.791787
3 16 9.567086 23.09699 10 2.916844 24.82926 2.791787 0 25 10
5 24 2.916844 24.82926 2.791787 0 25 10 9.567086 23.09699 10 1.579905 24.95003 3.68545
3 16 0 25 10 2.916844 24.82926 2.791787 1.579905 24.95003 3.68545
5 24 1.579905 24.95003 3.68545 0 25 10 2.916844 24.82926 2.791787 0.79 24.99 3.92
3 16 0 25 10 1.579905 24.95003 3.68545 0.79 24.99 3.92
5 24 0.79 24.99 3.92 0 25 10 1.579905 24.95003 3.68545 0 25 4
3 16 0.79 24.99 3.92 0 25 4 0 25 10
5 24 0 25 4 0 25 10 0.79 24.99 3.92 -0.79 24.99 3.92
3 16 0 25 10 0 25 4 -0.79 24.99 3.92
5 24 -0.79 24.99 3.92 0 25 10 0 25 4 -1.579905 24.95003 3.68545
3 16 0 25 10 -0.79 24.99 3.92 -1.579905 24.95003 3.68545
5 24 -1.579905 24.95003 3.68545 0 25 10 -0.79 24.99 3.92 -2.916844 24.82926 2.791787
3 16 -1.579905 24.95003 3.68545 -2.916844 24.82926 2.791787 0 25 10
5 24 -2.916844 24.82926 2.791787 0 25 10 -1.579905 24.95003 3.68545 -3.810465 24.7079 1.454867
3 16 0 25 10 -2.916844 24.82926 2.791787 -3.810465 24.7079 1.454867
5 24 -3.810465 24.7079 1.454867 0 25 10 -2.916844 24.82926 2.791787 -9.567086 23.09699 10
3 16 0 25 10 -3.810465 24.7079 1.454867 -9.567086 23.09699 10
5 24 -3.810465 24.7079 1.454867 -9.567086 23.09699 10 0 25 10 -4.05 24.67 0.67
3 16 -9.567086 23.09699 10 -3.810465 24.7079 1.454867 -4.05 24.67 0.67
5 24 -4.05 24.67 0.67 -9.567086 23.09699 10 -3.810465 24.7079 1.454867 -4.12 24.66 -0.12
3 16 -9.567086 23.09699 10 -4.05 24.67 0.67 -4.12 24.66 -0.12
5 24 -4.12 24.66 -0.12 -9.567086 23.09699 10 -4.05 24.67 0.67 -9.567086 23.09699 -10
3 16 -9.567086 23.09699 10 -4.12 24.66 -0.12 -9.567086 23.09699 -10
5 24 -4.12 24.66 -0.12 -9.567086 23.09699 -10 -9.567086 23.09699 10 -4.05 24.67 -0.92
5 24 -9.567086 23.09699 -10 -9.567086 23.09699 10 -4.12 24.66 -0.12 -17.67767 17.67767 -10
3 16 -9.567086 23.09699 -10 -4.12 24.66 -0.12 -4.05 24.67 -0.92
5 24 -4.05 24.67 -0.92 -9.567086 23.09699 -10 -4.12 24.66 -0.12 -3.810465 24.7079 -1.704867
3 16 -9.567086 23.09699 -10 -4.05 24.67 -0.92 -3.810465 24.7079 -1.704867
5 24 -3.810465 24.7079 -1.704867 -9.567086 23.09699 -10 -4.05 24.67 -0.92 0 25 -10
3 16 -9.567086 23.09699 -10 -3.810465 24.7079 -1.704867 0 25 -10
5 24 -3.810465 24.7079 -1.704867 0 25 -10 -9.567086 23.09699 -10 -2.916844 24.82926 -3.041787
3 16 0 25 -10 -3.810465 24.7079 -1.704867 -2.916844 24.82926 -3.041787
5 24 -2.916844 24.82926 -3.041787 0 25 -10 -3.810465 24.7079 -1.704867 -1.579905 24.95003 -3.93545
3 16 0 25 -10 -2.916844 24.82926 -3.041787 -1.579905 24.95003 -3.93545
5 24 -1.579905 24.95003 -3.93545 0 25 -10 -2.916844 24.82926 -3.041787 -0.79 24.99 -4.17
3 16 -1.579905 24.95003 -3.93545 -0.79 24.99 -4.17 0 25 -10
5 24 -0.79 24.99 -4.17 0 25 -10 -1.579905 24.95003 -3.93545 0 25 -4.25
3 16 0 25 -10 -0.79 24.99 -4.17 0 25 -4.25
5 24 0 25 -4.25 0 25 -10 -0.79 24.99 -4.17 0.79 24.99 -4.17
3 16 0 25 -10 0 25 -4.25 0.79 24.99 -4.17
5 24 0.79 24.99 -4.17 0 25 -10 0 25 -4.25 1.579905 24.95003 -3.93545
3 16 0.79 24.99 -4.17 1.579905 24.95003 -3.93545 0 25 -10
5 24 1.579905 24.95003 -3.93545 0 25 -10 0.79 24.99 -4.17 2.916844 24.82926 -3.041787
3 16 0 25 -10 1.579905 24.95003 -3.93545 2.916844 24.82926 -3.041787
5 24 2.916844 24.82926 -3.041787 0 25 -10 1.579905 24.95003 -3.93545 3.810465 24.7079 -1.704867
3 16 0 25 -10 2.916844 24.82926 -3.041787 3.810465 24.7079 -1.704867
5 24 3.810465 24.7079 -1.704867 0 25 -10 2.916844 24.82926 -3.041787 9.567086 23.09699 -10
3 16 4.05 -24.67 -0.92 9.567086 -23.09699 -10 4.12 -24.66 -0.12
5 24 4.05 -24.67 -0.92 9.567086 -23.09699 -10 4.12 -24.66 -0.12 3.810465 -24.7079 -1.704867
5 24 9.567086 -23.09699 -10 4.12 -24.66 -0.12 4.05 -24.67 -0.92 9.567086 -23.09699 10
3 16 4.12 -24.66 -0.12 9.567086 -23.09699 -10 9.567086 -23.09699 10
5 24 9.567086 -23.09699 -10 9.567086 -23.09699 10 4.12 -24.66 -0.12 17.67767 -17.67767 -10
5 24 9.567086 -23.09699 10 4.12 -24.66 -0.12 9.567086 -23.09699 -10 4.05 -24.67 0.67
3 16 4.12 -24.66 -0.12 9.567086 -23.09699 10 4.05 -24.67 0.67
5 24 9.567086 -23.09699 10 4.05 -24.67 0.67 4.12 -24.66 -0.12 3.810465 -24.7079 1.454867
3 16 4.05 -24.67 0.67 9.567086 -23.09699 10 3.810465 -24.7079 1.454867
5 24 9.567086 -23.09699 10 3.810465 -24.7079 1.454867 4.05 -24.67 0.67 0 -25 10
3 16 4.05 -24.67 -0.92 3.810465 -24.7079 -1.704867 9.567086 -23.09699 -10
5 24 3.810465 -24.7079 -1.704867 9.567086 -23.09699 -10 4.05 -24.67 -0.92 2.916844 -24.82926 -3.041787
3 16 9.567086 -23.09699 -10 3.810465 -24.7079 -1.704867 2.916844 -24.82926 -3.041787
3 16 9.567086 -23.09699 -10 2.916844 -24.82926 -3.041787 0 -25 -10
5 24 2.916844 -24.82926 -3.041787 0 -25 -10 9.567086 -23.09699 -10 1.579905 -24.95003 -3.93545
3 16 0 -25 -10 2.916844 -24.82926 -3.041787 1.579905 -24.95003 -3.93545
5 24 1.579905 -24.95003 -3.93545 0 -25 -10 2.916844 -24.82926 -3.041787 0.79 -24.99 -4.17
3 16 0 -25 -10 1.579905 -24.95003 -3.93545 0.79 -24.99 -4.17
5 24 0.79 -24.99 -4.17 0 -25 -10 1.579905 -24.95003 -3.93545 0 -25 -4.25
3 16 0.79 -24.99 -4.17 0 -25 -4.25 0 -25 -10
5 24 0 -25 -4.25 0 -25 -10 0.79 -24.99 -4.17 -0.79 -24.99 -4.17
3 16 0 -25 -10 0 -25 -4.25 -0.79 -24.99 -4.17
5 24 -0.79 -24.99 -4.17 0 -25 -10 0 -25 -4.25 -1.579905 -24.95003 -3.93545
3 16 0 -25 -10 -0.79 -24.99 -4.17 -1.579905 -24.95003 -3.93545
5 24 -1.579905 -24.95003 -3.93545 0 -25 -10 -0.79 -24.99 -4.17 -2.916844 -24.82926 -3.041787
3 16 -1.579905 -24.95003 -3.93545 -2.916844 -24.82926 -3.041787 0 -25 -10
5 24 -2.916844 -24.82926 -3.041787 0 -25 -10 -1.579905 -24.95003 -3.93545 -3.810465 -24.7079 -1.704867
3 16 0 -25 -10 -2.916844 -24.82926 -3.041787 -3.810465 -24.7079 -1.704867
5 24 -3.810465 -24.7079 -1.704867 0 -25 -10 -2.916844 -24.82926 -3.041787 -9.567086 -23.09699 -10
3 16 0 -25 -10 -3.810465 -24.7079 -1.704867 -9.567086 -23.09699 -10
5 24 -3.810465 -24.7079 -1.704867 -9.567086 -23.09699 -10 0 -25 -10 -4.05 -24.67 -0.92
3 16 -9.567086 -23.09699 -10 -3.810465 -24.7079 -1.704867 -4.05 -24.67 -0.92
5 24 -4.05 -24.67 -0.92 -9.567086 -23.09699 -10 -3.810465 -24.7079 -1.704867 -4.13 -24.66 -0.12
3 16 -9.567086 -23.09699 -10 -4.05 -24.67 -0.92 -4.13 -24.66 -0.12
5 24 -4.13 -24.66 -0.12 -9.567086 -23.09699 -10 -4.05 -24.67 -0.92 -9.567086 -23.09699 10
3 16 -9.567086 -23.09699 -10 -4.13 -24.66 -0.12 -9.567086 -23.09699 10
5 24 -4.13 -24.66 -0.12 -9.567086 -23.09699 10 -9.567086 -23.09699 -10 -4.05 -24.67 0.67
5 24 -9.567086 -23.09699 10 -9.567086 -23.09699 -10 -4.13 -24.66 -0.12 -17.67767 -17.67767 10
3 16 -9.567086 -23.09699 10 -4.13 -24.66 -0.12 -4.05 -24.67 0.67
5 24 -4.05 -24.67 0.67 -9.567086 -23.09699 10 -4.13 -24.66 -0.12 -3.810465 -24.7079 1.454867
3 16 -9.567086 -23.09699 10 -4.05 -24.67 0.67 -3.810465 -24.7079 1.454867
5 24 -3.810465 -24.7079 1.454867 -9.567086 -23.09699 10 -4.05 -24.67 0.67 -2.916844 -24.82926 2.791787
3 16 -3.810465 -24.7079 1.454867 -2.916844 -24.82926 2.791787 -9.567086 -23.09699 10
3 16 -9.567086 -23.09699 10 -2.916844 -24.82926 2.791787 0 -25 10
5 24 -2.916844 -24.82926 2.791787 0 -25 10 -9.567086 -23.09699 10 -1.579905 -24.95003 3.68545
3 16 -2.916844 -24.82926 2.791787 -1.579905 -24.95003 3.68545 0 -25 10
5 24 -1.579905 -24.95003 3.68545 0 -25 10 -2.916844 -24.82926 2.791787 -0.79 -24.99 3.92
3 16 0 -25 10 -1.579905 -24.95003 3.68545 -0.79 -24.99 3.92
5 24 -0.79 -24.99 3.92 0 -25 10 -1.579905 -24.95003 3.68545 0 -25 4
3 16 0 -25 10 -0.79 -24.99 3.92 0 -25 4
5 24 0 -25 4 0 -25 10 -0.79 -24.99 3.92 0.79 -24.99 3.92
3 16 0 -25 4 0.79 -24.99 3.92 0 -25 10
5 24 0.79 -24.99 3.92 0 -25 10 0 -25 4 1.579905 -24.95003 3.68545
3 16 0 -25 10 0.79 -24.99 3.92 1.579905 -24.95003 3.68545
5 24 1.579905 -24.95003 3.68545 0 -25 10 0.79 -24.99 3.92 2.916844 -24.82926 2.791787
3 16 0 -25 10 1.579905 -24.95003 3.68545 2.916844 -24.82926 2.791787
5 24 2.916844 -24.82926 2.791787 0 -25 10 1.579905 -24.95003 3.68545 3.810465 -24.7079 1.454867
3 16 2.916844 -24.82926 2.791787 3.810465 -24.7079 1.454867 0 -25 10
5 24 3.810465 -24.7079 1.454867 0 -25 10 2.916844 -24.82926 2.791787 9.567086 -23.09699 10
3 16 0 -25 10 3.810465 -24.7079 1.454867 9.567086 -23.09699 10
3 16 9.567086 23.09699 -10 0 25 -10 3.810465 24.7079 -1.704867
