0 Bitbeam Axle mount small
0 Name: bb-adp-4b.dat
0 Author: Tomas Feltl (e-Mole.cz)
0 !LDRAW_ORG Unofficial_Part
0 !LICENSE Redistributable under CCAL version 2.0 : see CAreadme.txt

0 BFC CERTIFY CCW

0 // Created with stl2dat conversion tool
0 BFC INVERTNEXT
1 16 0 0 -9.5 4.42 0 4.42 4.42 0 -4.42 0 19.5 0 1-4cyli.dat
1 16 0 0 -9.5 4.42 0 4.42 4.42 0 -4.42 0 1 0 1-4edge.dat
1 16 0 0 10 4.42 0 4.42 4.42 0 -4.42 0 1 0 1-4edge.dat
0 BFC INVERTNEXT
1 16 0 0 -9.5 -4.42 0 -4.42 -4.42 0 4.42 0 19.5 0 1-4cyli.dat
1 16 0 0 -9.5 -4.42 0 -4.42 -4.42 0 4.42 0 1 0 1-4edge.dat
1 16 0 0 10 -4.42 0 -4.42 -4.42 0 4.42 0 1 0 1-4edge.dat
1 16 0 0 10 -7.55 0 -18.2 18.2 0 -7.55 0 -19.5 0 3-8cyli.dat
1 16 0 0 10 -7.55 0 -18.2 18.2 0 -7.55 0 -1 0 3-8edge.dat
1 16 0 0 -9.5 -7.55 0 -18.2 18.2 0 -7.55 0 -1 0 3-8edge.dat
1 16 0 0 10 7.55 0 18.2 -18.2 0 7.55 0 -19.5 0 3-8cyli.dat
1 16 0 0 10 7.55 0 18.2 -18.2 0 7.55 0 -1 0 3-8edge.dat
1 16 0 0 -9.5 7.55 0 18.2 -18.2 0 7.55 0 -1 0 3-8edge.dat

3 16 -2.39 -5.77 -9.5 -7.55 -18.22 -9.5 -4.42 -4.42 -9.5
2 24 -2.39 -5.77 -9.5 -4.42 -4.42 -9.5
4 16 -4.42 -4.42 -9.5 -7.55 -18.22 -9.5 -13.94 -13.94 -9.5 -5.77 -2.39 -9.5
4 16 -5.77 -2.39 -9.5 -13.94 -13.94 -9.5 -18.22 -7.55 -9.5 -6.25 0 -9.5
4 16 -6.25 0 -9.5 -18.22 -7.55 -9.5 -19.72 0 -9.5 -5.77 2.39 -9.5
4 16 -5.77 2.39 -9.5 -19.72 0 -9.5 -18.22 7.55 -9.5 -4.42 4.42 -9.5
4 16 -4.42 4.42 -9.5 -18.22 7.55 -9.5 -13.94 13.94 -9.5 -7.55 18.22 -9.5
4 16 -2.39 -5.77 -9.5 0 -6.25 -9.5 0 -19.72 -9.5 -7.55 -18.22 -9.5
2 24 0 -6.25 -9.5 -2.39 -5.77 -9.5
2 24 -7.55 -18.22 -9.5 0 -19.72 -9.5
4 16 0 -6.25 -9.5 2.39 -5.77 -9.5 7.55 -18.22 -9.5 0 -19.72 -9.5
2 24 2.39 -5.77 -9.5 0 -6.25 -9.5
2 24 0 -19.72 -9.5 7.55 -18.22 -9.5
4 16 2.39 -5.77 -9.5 4.42 -4.42 -9.5 13.94 -13.94 -9.5 7.55 -18.22 -9.5
2 24 4.42 -4.42 -9.5 2.39 -5.77 -9.5
4 16 13.94 -13.94 -9.5 4.42 -4.42 -9.5 5.77 -2.39 -9.5 18.22 -7.55 -9.5
4 16 18.22 -7.55 -9.5 5.77 -2.39 -9.5 6.25 0 -9.5 19.72 0 -9.5
4 16 19.72 0 -9.5 6.25 0 -9.5 5.77 2.39 -9.5 18.22 7.55 -9.5
4 16 18.22 7.55 -9.5 5.77 2.39 -9.5 4.42 4.42 -9.5 13.94 13.94 -9.5
3 16 13.94 13.94 -9.5 4.42 4.42 -9.5 2.39 5.77 -9.5
2 24 2.39 5.77 -9.5 4.42 4.42 -9.5
4 16 13.94 13.94 -9.5 2.39 5.77 -9.5 0 6.25 -9.5 7.55 18.22 -9.5
2 24 0 6.25 -9.5 2.39 5.77 -9.5
4 16 7.55 18.22 -9.5 0 6.25 -9.5 -2.39 5.77 -9.5 0 19.72 -9.5
2 24 -2.39 5.77 -9.5 0 6.25 -9.5
2 24 7.55 18.22 -9.5 0 19.72 -9.5
4 16 0 19.72 -9.5 -2.39 5.77 -9.5 -4.42 4.42 -9.5 -7.55 18.22 -9.5
2 24 -4.42 4.42 -9.5 -2.39 5.77 -9.5
2 24 0 19.72 -9.5 -7.55 18.22 -9.5

3 16 13.94 13.94 10 7.55 18.22 10 7.12 14.36 10
4 16 7.12 14.36 10 7.55 18.22 10 0 19.72 10 -7.13 14.36 10
2 24 7.55 18.22 10 0 19.72 10
2 24 7.12 14.36 10 -7.13 14.36 10
4 16 -7.13 14.36 10 0 19.72 10 -7.55 18.22 10 -13.94 13.94 10
2 24 0 19.72 10 -7.55 18.22 10
4 16 7.12 14.36 10 7.12 8.11 10 18.22 7.55 10 13.94 13.94 10
2 24 7.12 8.11 10 7.12 14.36 10
3 16 -4.42 4.42 10 -2.39 5.77 10 -7.13 8.11 10
2 24 -4.42 4.42 10 -2.39 5.77 10
3 16 -7.13 8.11 10 -2.39 5.77 10 0 6.25 10
2 24 -2.39 5.77 10 0 6.25 10
3 16 -7.13 8.11 10 0 6.25 10 7.12 8.11 10
2 24 -7.13 8.11 10 7.12 8.11 10
3 16 7.12 8.11 10 0 6.25 10 2.39 5.77 10
2 24 0 6.25 10 2.39 5.77 10
3 16 7.12 8.11 10 2.39 5.77 10 4.42 4.42 10
2 24 2.39 5.77 10 4.42 4.42 10
4 16 -7.13 14.36 10 -13.94 13.94 10 -18.22 7.55 10 -7.13 8.11 10
2 24 -7.13 14.36 10 -7.13 8.11 10
4 16 -7.13 8.11 10 -18.22 7.55 10 -5.77 2.39 10 -4.42 4.42 10
4 16 -5.77 2.39 10 -18.22 7.55 10 -19.72 0 10 -6.25 0 10
4 16 -6.25 0 10 -19.72 0 10 -18.22 -7.55 10 -5.77 -2.39 10
4 16 -5.77 -2.39 10 -18.22 -7.55 10 -7.13 -8.11 10 -4.42 -4.42 10
3 16 -4.42 -4.42 10 -7.13 -8.11 10 -2.39 -5.77 10
2 24 -2.39 -5.77 10 -4.42 -4.42 10
4 16 4.42 4.42 10 5.77 2.39 10 18.22 7.55 10 7.12 8.11 10
4 16 5.77 2.39 10 6.25 0 10 19.72 0 10 18.22 7.55 10
4 16 6.25 0 10 5.77 -2.39 10 18.22 -7.55 10 19.72 0 10
4 16 18.22 -7.55 10 5.77 -2.39 10 4.42 -4.42 10 7.12 -8.11 10
3 16 7.12 -8.11 10 4.42 -4.42 10 2.39 -5.77 10
2 24 4.42 -4.42 10 2.39 -5.77 10
3 16 2.39 -5.77 10 0 -6.25 10 7.12 -8.11 10
2 24 2.39 -5.77 10 0 -6.25 10
3 16 7.12 -8.11 10 0 -6.25 10 -7.13 -8.11 10
2 24 7.12 -8.11 10 -7.13 -8.11 10
3 16 0 -6.25 10 -2.39 -5.77 10 -7.13 -8.11 10
2 24 0 -6.25 10 -2.39 -5.77 10
4 16 18.22 -7.55 10 7.12 -8.11 10 7.12 -14.36 10 13.94 -13.94 10
2 24 7.12 -14.36 10 7.12 -8.11 10
3 16 13.94 -13.94 10 7.12 -14.36 10 7.55 -18.22 10
4 16 7.55 -18.22 10 7.12 -14.36 10 -7.13 -14.36 10 0 -19.72 10
2 24 -7.13 -14.36 10 7.12 -14.36 10
2 24 0 -19.72 10 7.55 -18.22 10
4 16 0 -19.72 10 -7.13 -14.36 10 -13.94 -13.94 10 -7.55 -18.22 10
2 24 -7.55 -18.22 10 0 -19.72 10
4 16 -13.94 -13.94 10 -7.13 -14.36 10 -7.13 -8.11 10 -18.22 -7.55 10
2 24 -7.13 -8.11 10 -7.13 -14.36 10

3 16 3.81 14.36 -1.45 2.92 14.36 -2.79 7.13 14.36 -3.99
2 24 3.81 14.36 -1.45 2.92 14.36 -2.79
3 16 7.13 14.36 -3.99 2.92 14.36 -2.79 1.58 14.36 -3.69
2 24 2.92 14.36 -2.79 1.58 14.36 -3.69
4 16 7.13 14.36 -3.99 1.58 14.36 -3.69 0 14.36 -4 0 14.36 -8.1
2 24 1.58 14.36 -3.69 0 14.36 -4
2 24 0 14.36 -8.1 7.13 14.36 -3.99
3 16 0 14.36 -8.1 0 14.36 -4 -1.58 14.36 -3.69
2 24 0 14.36 -4 -1.58 14.36 -3.69
3 16 1.58 14.36 3.94 2.92 14.36 3.04 7.12 14.36 10
2 24 1.58 14.36 3.94 2.92 14.36 3.04
3 16 7.12 14.36 10 2.92 14.36 3.04 3.81 14.36 1.7
2 24 2.92 14.36 3.04 3.81 14.36 1.7
4 16 7.12 14.36 10 3.81 14.36 1.7 4.13 14.36 0.13 7.13 14.36 -3.99
2 24 3.81 14.36 1.7 4.13 14.36 0.13
2 24 7.12 14.36 10 7.13 14.36 -3.99
3 16 7.13 14.36 -3.99 4.13 14.36 0.13 3.81 14.36 -1.45
2 24 4.13 14.36 0.13 3.81 14.36 -1.45
3 16 1.58 14.36 3.94 7.12 14.36 10 0 14.36 4.25
2 24 0 14.36 4.25 1.58 14.36 3.94
4 16 0 14.36 4.25 7.12 14.36 10 -7.13 14.36 10 -1.58 14.36 3.94
2 24 -1.58 14.36 3.94 0 14.36 4.25
3 16 -1.58 14.36 3.94 -7.13 14.36 10 -2.92 14.36 3.04
2 24 -2.92 14.36 3.04 -1.58 14.36 3.94
3 16 -2.92 14.36 3.04 -7.13 14.36 10 -3.81 14.36 1.7
2 24 -3.81 14.36 1.7 -2.92 14.36 3.04
4 16 -3.81 14.36 1.7 -7.13 14.36 10 -7.13 14.36 -3.99 -4.12 14.36 0.13
2 24 -7.13 14.36 -3.99 -7.13 14.36 10
2 24 -4.12 14.36 0.13 -3.81 14.36 1.7
3 16 -4.12 14.36 0.13 -7.13 14.36 -3.99 -3.81 14.36 -1.45
2 24 -3.81 14.36 -1.45 -4.12 14.36 0.13
4 16 0 14.36 -8.1 -1.58 14.36 -3.69 -2.92 14.36 -2.79 -7.13 14.36 -3.99
2 24 -1.58 14.36 -3.69 -2.92 14.36 -2.79
2 24 -7.13 14.36 -3.99 0 14.36 -8.1
3 16 -7.13 14.36 -3.99 -2.92 14.36 -2.79 -3.81 14.36 -1.45
2 24 -2.92 14.36 -2.79 -3.81 14.36 -1.45

4 16 -3.81 8.11 1.7 -4.13 8.11 0.13 -7.13 8.11 -3.99 -7.13 8.11 10
2 24 -3.81 8.11 1.7 -4.13 8.11 0.13
2 24 -7.13 8.11 10 -7.13 8.11 -3.99
3 16 -7.13 8.11 -3.99 -4.13 8.11 0.13 -3.81 8.11 -1.45
2 24 -4.13 8.11 0.13 -3.81 8.11 -1.45
3 16 -7.13 8.11 -3.99 -3.81 8.11 -1.45 -2.92 8.11 -2.79
2 24 -3.81 8.11 -1.45 -2.92 8.11 -2.79
3 16 -2.92 8.11 -2.79 -1.58 8.11 -3.69 -7.13 8.11 -3.99
2 24 -2.92 8.11 -2.79 -1.58 8.11 -3.69
4 16 -7.13 8.11 -3.99 -1.58 8.11 -3.69 0 8.11 -4 0 8.11 -8.1
2 24 -1.58 8.11 -3.69 0 8.11 -4
2 24 0 8.11 -8.1 -7.13 8.11 -3.99
3 16 0 8.11 -8.1 0 8.11 -4 1.58 8.11 -3.69
2 24 0 8.11 -4 1.58 8.11 -3.69
4 16 0 8.11 -8.1 1.58 8.11 -3.69 2.92 8.11 -2.79 7.13 8.11 -3.99
2 24 1.58 8.11 -3.69 2.92 8.11 -2.79
2 24 7.13 8.11 -3.99 0 8.11 -8.1
3 16 7.13 8.11 -3.99 2.92 8.11 -2.79 3.81 8.11 -1.45
2 24 2.92 8.11 -2.79 3.81 8.11 -1.45
3 16 3.81 8.11 -1.45 4.12 8.11 0.13 7.13 8.11 -3.99
2 24 3.81 8.11 -1.45 4.12 8.11 0.13
4 16 7.13 8.11 -3.99 4.12 8.11 0.13 3.81 8.11 1.7 7.12 8.11 10
2 24 4.12 8.11 0.13 3.81 8.11 1.7
2 24 7.13 8.11 -3.99 7.12 8.11 10
3 16 7.12 8.11 10 3.81 8.11 1.7 2.92 8.11 3.04
2 24 3.81 8.11 1.7 2.92 8.11 3.04
3 16 7.12 8.11 10 2.92 8.11 3.04 1.58 8.11 3.94
2 24 2.92 8.11 3.04 1.58 8.11 3.94
3 16 1.58 8.11 3.94 0 8.11 4.25 7.12 8.11 10
2 24 1.58 8.11 3.94 0 8.11 4.25
4 16 7.12 8.11 10 0 8.11 4.25 -1.58 8.11 3.94 -7.13 8.11 10
2 24 0 8.11 4.25 -1.58 8.11 3.94
3 16 -7.13 8.11 10 -1.58 8.11 3.94 -2.92 8.11 3.04
2 24 -1.58 8.11 3.94 -2.92 8.11 3.04
3 16 -7.13 8.11 10 -2.92 8.11 3.04 -3.81 8.11 1.7
2 24 -2.92 8.11 3.04 -3.81 8.11 1.7

3 16 3.81 -8.11 -1.45 2.92 -8.11 -2.79 7.12 -8.11 -3.99
2 24 3.81 -8.11 -1.45 2.92 -8.11 -2.79
3 16 7.12 -8.11 -3.99 2.92 -8.11 -2.79 1.58 -8.11 -3.69
2 24 2.92 -8.11 -2.79 1.58 -8.11 -3.69
4 16 7.12 -8.11 -3.99 1.58 -8.11 -3.69 0 -8.11 -4 0 -8.11 -8.1
2 24 1.58 -8.11 -3.69 0 -8.11 -4
2 24 0 -8.11 -8.1 7.12 -8.11 -3.99
3 16 0 -8.11 -8.1 0 -8.11 -4 -1.58 -8.11 -3.69
2 24 0 -8.11 -4 -1.58 -8.11 -3.69
3 16 1.58 -8.11 3.94 2.92 -8.11 3.04 7.12 -8.11 10
2 24 1.58 -8.11 3.94 2.92 -8.11 3.04
3 16 7.12 -8.11 10 2.92 -8.11 3.04 3.81 -8.11 1.7
2 24 2.92 -8.11 3.04 3.81 -8.11 1.7
4 16 7.12 -8.11 10 3.81 -8.11 1.7 4.12 -8.11 0.13 7.12 -8.11 -3.99
2 24 3.81 -8.11 1.7 4.12 -8.11 0.13
2 24 7.12 -8.11 10 7.12 -8.11 -3.99
3 16 7.12 -8.11 -3.99 4.12 -8.11 0.13 3.81 -8.11 -1.45
2 24 4.12 -8.11 0.13 3.81 -8.11 -1.45
3 16 1.58 -8.11 3.94 7.12 -8.11 10 0 -8.11 4.25
2 24 0 -8.11 4.25 1.58 -8.11 3.94
4 16 0 -8.11 4.25 7.12 -8.11 10 -7.13 -8.11 10 -1.58 -8.11 3.94
2 24 -1.58 -8.11 3.94 0 -8.11 4.25
3 16 -1.58 -8.11 3.94 -7.13 -8.11 10 -2.92 -8.11 3.04
2 24 -2.92 -8.11 3.04 -1.58 -8.11 3.94
3 16 -2.92 -8.11 3.04 -7.13 -8.11 10 -3.81 -8.11 1.7
2 24 -3.81 -8.11 1.7 -2.92 -8.11 3.04
4 16 -3.81 -8.11 1.7 -7.13 -8.11 10 -7.13 -8.11 -3.99 -4.13 -8.11 0.13
2 24 -7.13 -8.11 -3.99 -7.13 -8.11 10
2 24 -4.13 -8.11 0.13 -3.81 -8.11 1.7
3 16 -4.13 -8.11 0.13 -7.13 -8.11 -3.99 -3.81 -8.11 -1.45
2 24 -3.81 -8.11 -1.45 -4.13 -8.11 0.13
4 16 0 -8.11 -8.1 -1.58 -8.11 -3.69 -2.92 -8.11 -2.79 -7.13 -8.11 -3.99
2 24 -1.58 -8.11 -3.69 -2.92 -8.11 -2.79
2 24 -7.13 -8.11 -3.99 0 -8.11 -8.1
3 16 -7.13 -8.11 -3.99 -2.92 -8.11 -2.79 -3.81 -8.11 -1.45
2 24 -2.92 -8.11 -2.79 -3.81 -8.11 -1.45

3 16 -3.81 -14.36 -1.45 -2.92 -14.36 -2.79 -7.13 -14.36 -3.99
2 24 -3.81 -14.36 -1.45 -2.92 -14.36 -2.79
3 16 -7.13 -14.36 -3.99 -2.92 -14.36 -2.79 -1.58 -14.36 -3.69
2 24 -2.92 -14.36 -2.79 -1.58 -14.36 -3.69
4 16 -7.13 -14.36 -3.99 -1.58 -14.36 -3.69 0 -14.36 -4 0 -14.36 -8.1
2 24 -1.58 -14.36 -3.69 0 -14.36 -4
2 24 0 -14.36 -8.1 -7.13 -14.36 -3.99
3 16 0 -14.36 -8.1 0 -14.36 -4 1.58 -14.36 -3.69
2 24 0 -14.36 -4 1.58 -14.36 -3.69
3 16 -1.58 -14.36 3.94 -2.92 -14.36 3.04 -7.13 -14.36 10
2 24 -1.58 -14.36 3.94 -2.92 -14.36 3.04
3 16 -7.13 -14.36 10 -2.92 -14.36 3.04 -3.81 -14.36 1.7
2 24 -2.92 -14.36 3.04 -3.81 -14.36 1.7
4 16 -7.13 -14.36 10 -3.81 -14.36 1.7 -4.13 -14.36 0.13 -7.13 -14.36 -3.99
2 24 -3.81 -14.36 1.7 -4.13 -14.36 0.13
2 24 -7.13 -14.36 10 -7.13 -14.36 -3.99
3 16 -7.13 -14.36 -3.99 -4.13 -14.36 0.13 -3.81 -14.36 -1.45
2 24 -4.13 -14.36 0.13 -3.81 -14.36 -1.45
3 16 -1.58 -14.36 3.94 -7.13 -14.36 10 0 -14.36 4.25
2 24 0 -14.36 4.25 -1.58 -14.36 3.94
4 16 0 -14.36 4.25 -7.13 -14.36 10 7.12 -14.36 10 1.58 -14.36 3.94
2 24 1.58 -14.36 3.94 0 -14.36 4.25
3 16 1.58 -14.36 3.94 7.12 -14.36 10 2.92 -14.36 3.04
2 24 2.92 -14.36 3.04 1.58 -14.36 3.94
3 16 2.92 -14.36 3.04 7.12 -14.36 10 3.81 -14.36 1.7
2 24 3.81 -14.36 1.7 2.92 -14.36 3.04
4 16 3.81 -14.36 1.7 7.12 -14.36 10 7.12 -14.36 -3.99 4.12 -14.36 0.13
2 24 7.12 -14.36 10 7.12 -14.36 -3.99
2 24 4.12 -14.36 0.13 3.81 -14.36 1.7
3 16 4.12 -14.36 0.13 7.12 -14.36 -3.99 3.81 -14.36 -1.45
2 24 3.81 -14.36 -1.45 4.12 -14.36 0.13
4 16 0 -14.36 -8.1 1.58 -14.36 -3.69 2.92 -14.36 -2.79 7.12 -14.36 -3.99
2 24 1.58 -14.36 -3.69 2.92 -14.36 -2.79
2 24 7.12 -14.36 -3.99 0 -14.36 -8.1
3 16 7.12 -14.36 -3.99 2.92 -14.36 -2.79 3.81 -14.36 -1.45
2 24 2.92 -14.36 -2.79 3.81 -14.36 -1.45

4 16 -7.13 -8.11 -3.99 -7.13 -8.11 10 -7.13 -14.36 10 -7.13 -14.36 -3.99
2 24 -7.13 -14.36 -3.99 -7.13 -8.11 -3.99
4 16 7.12 -8.11 10 7.12 -8.11 -3.99 7.12 -14.36 -3.99 7.12 -14.36 10
2 24 7.12 -8.11 -3.99 7.12 -14.36 -3.99
4 16 -7.13 8.11 10 -7.13 8.11 -3.99 -7.13 14.36 -3.99 -7.13 14.36 10
2 24 -7.13 8.11 -3.99 -7.13 14.36 -3.99
4 16 7.12 14.36 10 7.13 14.36 -3.99 7.13 8.11 -3.99 7.12 8.11 10
2 24 7.13 14.36 -3.99 7.13 8.11 -3.99
3 16 4.04 4.77 -0.69 4.42 4.42 -9.5 4.12 4.7 0.13
5 24 4.04 4.77 -0.69 4.42 4.42 -9.5 4.12 4.7 0.13 3.8 4.96 -1.47
5 24 4.42 4.42 -9.5 4.12 4.7 0.13 4.04 4.77 -0.69 4.42 4.42 10
2 24 4.12 4.7 0.13 4.04 4.77 -0.69
3 16 4.12 4.7 0.13 4.42 4.42 -9.5 4.42 4.42 10
5 24 4.42 4.42 -9.5 4.42 4.42 10 4.12 4.7 0.13 5.77 2.39 -9.5
5 24 4.42 4.42 10 4.12 4.7 0.13 4.42 4.42 -9.5 4.04 4.77 0.94
3 16 4.12 4.7 0.13 4.42 4.42 10 4.04 4.77 0.94
5 24 4.42 4.42 10 4.04 4.77 0.94 4.12 4.7 0.13 3.8 4.96 1.72
2 24 4.04 4.77 0.94 4.12 4.7 0.13
3 16 4.04 4.77 0.94 4.42 4.42 10 3.8 4.96 1.72
5 24 4.42 4.42 10 3.8 4.96 1.72 4.04 4.77 0.94 2.39 5.77 10
2 24 3.8 4.96 1.72 4.04 4.77 0.94
3 16 4.04 4.77 -0.69 3.8 4.96 -1.47 4.42 4.42 -9.5
2 24 4.04 4.77 -0.69 3.8 4.96 -1.47
5 24 3.8 4.96 -1.47 4.42 4.42 -9.5 4.04 4.77 -0.69 2.93 5.52 -2.78
4 16 4.42 4.42 -9.5 3.8 4.96 -1.47 2.93 5.52 -2.78 2.39 5.77 -9.5
2 24 3.8 4.96 -1.47 2.93 5.52 -2.78
5 24 2.93 5.52 -2.78 2.39 5.77 -9.5 4.42 4.42 -9.5 1.61 6.04 -3.67
3 16 2.39 5.77 -9.5 2.93 5.52 -2.78 1.61 6.04 -3.67
2 24 2.93 5.52 -2.78 1.61 6.04 -3.67
5 24 1.61 6.04 -3.67 2.39 5.77 -9.5 2.93 5.52 -2.78 0.82 6.2 -3.92
4 16 2.39 5.77 -9.5 1.61 6.04 -3.67 0.82 6.2 -3.92 0 6.25 -9.5
2 24 1.61 6.04 -3.67 0.82 6.2 -3.92
5 24 0.82 6.2 -3.92 0 6.25 -9.5 2.39 5.77 -9.5 0 6.25 -4
3 16 0 6.25 -9.5 0.82 6.2 -3.92 0 6.25 -4
2 24 0.82 6.2 -3.92 0 6.25 -4
5 24 0 6.25 -4 0 6.25 -9.5 0.82 6.2 -3.92 -0.82 6.2 -3.92
3 16 0 6.25 -9.5 0 6.25 -4 -0.82 6.2 -3.92
2 24 0 6.25 -4 -0.82 6.2 -3.92
5 24 -0.82 6.2 -3.92 0 6.25 -9.5 0 6.25 -4 -1.61 6.04 -3.67
4 16 0 6.25 -9.5 -0.82 6.2 -3.92 -1.61 6.04 -3.67 -2.39 5.77 -9.5
2 24 -0.82 6.2 -3.92 -1.61 6.04 -3.67
5 24 -1.61 6.04 -3.67 -2.39 5.77 -9.5 0 6.25 -9.5 -2.93 5.52 -2.78
3 16 -2.39 5.77 -9.5 -1.61 6.04 -3.67 -2.93 5.52 -2.78
2 24 -1.61 6.04 -3.67 -2.93 5.52 -2.78
5 24 -2.93 5.52 -2.78 -2.39 5.77 -9.5 -1.61 6.04 -3.67 -3.8 4.96 -1.47
4 16 -2.93 5.52 -2.78 -3.8 4.96 -1.47 -4.42 4.42 -9.5 -2.39 5.77 -9.5
2 24 -2.93 5.52 -2.78 -3.8 4.96 -1.47
5 24 -3.8 4.96 -1.47 -4.42 4.42 -9.5 -2.39 5.77 -9.5 -4.04 4.77 -0.69
3 16 -3.8 4.96 -1.47 -4.04 4.77 -0.69 -4.42 4.42 -9.5
2 24 -3.8 4.96 -1.47 -4.04 4.77 -0.69
5 24 -4.04 4.77 -0.69 -4.42 4.42 -9.5 -3.8 4.96 -1.47 -4.13 4.7 0.13
3 16 -4.42 4.42 -9.5 -4.04 4.77 -0.69 -4.13 4.7 0.13
2 24 -4.04 4.77 -0.69 -4.13 4.7 0.13
5 24 -4.13 4.7 0.13 -4.42 4.42 -9.5 -4.04 4.77 -0.69 -4.42 4.42 10
3 16 -4.42 4.42 -9.5 -4.13 4.7 0.13 -4.42 4.42 10
5 24 -4.13 4.7 0.13 -4.42 4.42 10 -4.42 4.42 -9.5 -4.04 4.77 0.94
5 24 -4.42 4.42 10 -4.42 4.42 -9.5 -4.13 4.7 0.13 -5.77 2.39 10
3 16 -4.42 4.42 10 -4.13 4.7 0.13 -4.04 4.77 0.94
2 24 -4.13 4.7 0.13 -4.04 4.77 0.94
5 24 -4.04 4.77 0.94 -4.42 4.42 10 -4.13 4.7 0.13 -3.8 4.96 1.72
3 16 -4.42 4.42 10 -4.04 4.77 0.94 -3.8 4.96 1.72
2 24 -4.04 4.77 0.94 -3.8 4.96 1.72
5 24 -3.8 4.96 1.72 -4.42 4.42 10 -4.04 4.77 0.94 -2.93 5.52 3.03
4 16 -3.8 4.96 1.72 -2.93 5.52 3.03 -2.39 5.77 10 -4.42 4.42 10
2 24 -3.8 4.96 1.72 -2.93 5.52 3.03
5 24 -2.93 5.52 3.03 -2.39 5.77 10 -4.42 4.42 10 -1.61 6.04 3.92
3 16 -2.93 5.52 3.03 -1.61 6.04 3.92 -2.39 5.77 10
2 24 -2.93 5.52 3.03 -1.61 6.04 3.92
5 24 -1.61 6.04 3.92 -2.39 5.77 10 -2.93 5.52 3.03 -0.82 6.2 4.17
4 16 -2.39 5.77 10 -1.61 6.04 3.92 -0.82 6.2 4.17 0 6.25 10
2 24 -1.61 6.04 3.92 -0.82 6.2 4.17
5 24 -0.82 6.2 4.17 0 6.25 10 -2.39 5.77 10 0 6.25 4.25
3 16 0 6.25 10 -0.82 6.2 4.17 0 6.25 4.25
2 24 -0.82 6.2 4.17 0 6.25 4.25
5 24 0 6.25 4.25 0 6.25 10 -0.82 6.2 4.17 0.82 6.2 4.17
3 16 0 6.25 10 0 6.25 4.25 0.82 6.2 4.17
2 24 0 6.25 4.25 0.82 6.2 4.17
5 24 0.82 6.2 4.17 0 6.25 10 0 6.25 4.25 1.61 6.04 3.92
4 16 0 6.25 10 0.82 6.2 4.17 1.61 6.04 3.92 2.39 5.77 10
2 24 0.82 6.2 4.17 1.61 6.04 3.92
5 24 1.61 6.04 3.92 2.39 5.77 10 0 6.25 10 2.93 5.52 3.03
3 16 2.39 5.77 10 1.61 6.04 3.92 2.93 5.52 3.03
2 24 1.61 6.04 3.92 2.93 5.52 3.03
5 24 2.93 5.52 3.03 2.39 5.77 10 1.61 6.04 3.92 3.8 4.96 1.72
4 16 2.93 5.52 3.03 3.8 4.96 1.72 4.42 4.42 10 2.39 5.77 10
2 24 2.93 5.52 3.03 3.8 4.96 1.72
3 16 4.04 -4.77 0.94 4.42 -4.42 10 4.12 -4.7 0.13
5 24 4.04 -4.77 0.94 4.42 -4.42 10 4.12 -4.7 0.13 3.8 -4.96 1.72
5 24 4.42 -4.42 10 4.12 -4.7 0.13 4.04 -4.77 0.94 4.42 -4.42 -9.5
2 24 4.12 -4.7 0.13 4.04 -4.77 0.94
3 16 4.12 -4.7 0.13 4.42 -4.42 10 4.42 -4.42 -9.5
5 24 4.42 -4.42 10 4.42 -4.42 -9.5 4.12 -4.7 0.13 5.77 -2.39 10
5 24 4.42 -4.42 -9.5 4.12 -4.7 0.13 4.42 -4.42 10 4.04 -4.77 -0.69
3 16 4.12 -4.7 0.13 4.42 -4.42 -9.5 4.04 -4.77 -0.69
5 24 4.42 -4.42 -9.5 4.04 -4.77 -0.69 4.12 -4.7 0.13 3.8 -4.96 -1.47
2 24 4.04 -4.77 -0.69 4.12 -4.7 0.13
3 16 4.04 -4.77 -0.69 4.42 -4.42 -9.5 3.8 -4.96 -1.47
5 24 4.42 -4.42 -9.5 3.8 -4.96 -1.47 4.04 -4.77 -0.69 2.39 -5.77 -9.5
2 24 3.8 -4.96 -1.47 4.04 -4.77 -0.69
3 16 4.04 -4.77 0.94 3.8 -4.96 1.72 4.42 -4.42 10
2 24 4.04 -4.77 0.94 3.8 -4.96 1.72
5 24 3.8 -4.96 1.72 4.42 -4.42 10 4.04 -4.77 0.94 2.93 -5.52 3.03
4 16 4.42 -4.42 10 3.8 -4.96 1.72 2.93 -5.52 3.03 2.39 -5.77 10
2 24 3.8 -4.96 1.72 2.93 -5.52 3.03
5 24 2.93 -5.52 3.03 2.39 -5.77 10 4.42 -4.42 10 1.61 -6.04 3.92
3 16 2.39 -5.77 10 2.93 -5.52 3.03 1.61 -6.04 3.92
2 24 2.93 -5.52 3.03 1.61 -6.04 3.92
5 24 1.61 -6.04 3.92 2.39 -5.77 10 2.93 -5.52 3.03 0.82 -6.2 4.17
4 16 2.39 -5.77 10 1.61 -6.04 3.92 0.82 -6.2 4.17 0 -6.25 10
2 24 1.61 -6.04 3.92 0.82 -6.2 4.17
5 24 0.82 -6.2 4.17 0 -6.25 10 2.39 -5.77 10 0 -6.25 4.25
3 16 0 -6.25 10 0.82 -6.2 4.17 0 -6.25 4.25
2 24 0.82 -6.2 4.17 0 -6.25 4.25
5 24 0 -6.25 4.25 0 -6.25 10 0.82 -6.2 4.17 -0.82 -6.2 4.17
3 16 0 -6.25 10 0 -6.25 4.25 -0.82 -6.2 4.17
2 24 0 -6.25 4.25 -0.82 -6.2 4.17
5 24 -0.82 -6.2 4.17 0 -6.25 10 0 -6.25 4.25 -1.61 -6.04 3.92
4 16 0 -6.25 10 -0.82 -6.2 4.17 -1.61 -6.04 3.92 -2.39 -5.77 10
2 24 -0.82 -6.2 4.17 -1.61 -6.04 3.92
5 24 -1.61 -6.04 3.92 -2.39 -5.77 10 0 -6.25 10 -2.93 -5.52 3.03
3 16 -2.39 -5.77 10 -1.61 -6.04 3.92 -2.93 -5.52 3.03
2 24 -1.61 -6.04 3.92 -2.93 -5.52 3.03
5 24 -2.93 -5.52 3.03 -2.39 -5.77 10 -1.61 -6.04 3.92 -3.8 -4.96 1.72
4 16 -2.93 -5.52 3.03 -3.8 -4.96 1.72 -4.42 -4.42 10 -2.39 -5.77 10
2 24 -2.93 -5.52 3.03 -3.8 -4.96 1.72
5 24 -3.8 -4.96 1.72 -4.42 -4.42 10 -2.39 -5.77 10 -4.04 -4.77 0.94
3 16 -3.8 -4.96 1.72 -4.04 -4.77 0.94 -4.42 -4.42 10
2 24 -3.8 -4.96 1.72 -4.04 -4.77 0.94
5 24 -4.04 -4.77 0.94 -4.42 -4.42 10 -3.8 -4.96 1.72 -4.13 -4.7 0.13
3 16 -4.42 -4.42 10 -4.04 -4.77 0.94 -4.13 -4.7 0.13
2 24 -4.04 -4.77 0.94 -4.13 -4.7 0.13
5 24 -4.13 -4.7 0.13 -4.42 -4.42 10 -4.04 -4.77 0.94 -4.42 -4.42 -9.5
3 16 -4.42 -4.42 10 -4.13 -4.7 0.13 -4.42 -4.42 -9.5
5 24 -4.13 -4.7 0.13 -4.42 -4.42 -9.5 -4.42 -4.42 10 -4.04 -4.77 -0.69
5 24 -4.42 -4.42 -9.5 -4.42 -4.42 10 -4.13 -4.7 0.13 -5.77 -2.39 -9.5
3 16 -4.42 -4.42 -9.5 -4.13 -4.7 0.13 -4.04 -4.77 -0.69
2 24 -4.13 -4.7 0.13 -4.04 -4.77 -0.69
5 24 -4.04 -4.77 -0.69 -4.42 -4.42 -9.5 -4.13 -4.7 0.13 -3.8 -4.96 -1.47
3 16 -4.42 -4.42 -9.5 -4.04 -4.77 -0.69 -3.8 -4.96 -1.47
2 24 -4.04 -4.77 -0.69 -3.8 -4.96 -1.47
5 24 -3.8 -4.96 -1.47 -4.42 -4.42 -9.5 -4.04 -4.77 -0.69 -2.93 -5.52 -2.78
4 16 -3.8 -4.96 -1.47 -2.93 -5.52 -2.78 -2.39 -5.77 -9.5 -4.42 -4.42 -9.5
2 24 -3.8 -4.96 -1.47 -2.93 -5.52 -2.78
5 24 -2.93 -5.52 -2.78 -2.39 -5.77 -9.5 -4.42 -4.42 -9.5 -1.61 -6.04 -3.67
3 16 -2.93 -5.52 -2.78 -1.61 -6.04 -3.67 -2.39 -5.77 -9.5
2 24 -2.93 -5.52 -2.78 -1.61 -6.04 -3.67
5 24 -1.61 -6.04 -3.67 -2.39 -5.77 -9.5 -2.93 -5.52 -2.78 -0.82 -6.2 -3.92
4 16 -2.39 -5.77 -9.5 -1.61 -6.04 -3.67 -0.82 -6.2 -3.92 0 -6.25 -9.5
2 24 -1.61 -6.04 -3.67 -0.82 -6.2 -3.92
5 24 -0.82 -6.2 -3.92 0 -6.25 -9.5 -2.39 -5.77 -9.5 0 -6.25 -4
3 16 0 -6.25 -9.5 -0.82 -6.2 -3.92 0 -6.25 -4
2 24 -0.82 -6.2 -3.92 0 -6.25 -4
5 24 0 -6.25 -4 0 -6.25 -9.5 -0.82 -6.2 -3.92 0.82 -6.2 -3.92
3 16 0 -6.25 -9.5 0 -6.25 -4 0.82 -6.2 -3.92
2 24 0 -6.25 -4 0.82 -6.2 -3.92
5 24 0.82 -6.2 -3.92 0 -6.25 -9.5 0 -6.25 -4 1.61 -6.04 -3.67
4 16 0 -6.25 -9.5 0.82 -6.2 -3.92 1.61 -6.04 -3.67 2.39 -5.77 -9.5
2 24 0.82 -6.2 -3.92 1.61 -6.04 -3.67
5 24 1.61 -6.04 -3.67 2.39 -5.77 -9.5 0 -6.25 -9.5 2.93 -5.52 -2.78
3 16 2.39 -5.77 -9.5 1.61 -6.04 -3.67 2.93 -5.52 -2.78
2 24 1.61 -6.04 -3.67 2.93 -5.52 -2.78
5 24 2.93 -5.52 -2.78 2.39 -5.77 -9.5 1.61 -6.04 -3.67 3.8 -4.96 -1.47
4 16 2.93 -5.52 -2.78 3.8 -4.96 -1.47 4.42 -4.42 -9.5 2.39 -5.77 -9.5
2 24 2.93 -5.52 -2.78 3.8 -4.96 -1.47
3 16 -4.13 -19.28 0.13 -7.55 -18.22 10 -7.55 -18.22 -9.5
5 24 -4.13 -19.28 0.13 -7.55 -18.22 10 -7.55 -18.22 -9.5 -4.05 -19.3 0.92
5 24 -7.55 -18.22 10 -7.55 -18.22 -9.5 -4.13 -19.28 0.13 -13.94 -13.94 10
5 24 -7.55 -18.22 -9.5 -4.13 -19.28 0.13 -7.55 -18.22 10 -4.05 -19.3 -0.67
3 16 -7.55 18.22 -9.5 -7.55 18.22 10 -4.12 19.28 0.13
5 24 -7.55 18.22 10 -7.55 18.22 -9.5 -13.94 13.94 -9.5 -4.12 19.28 0.13
5 24 -7.55 18.22 10 -4.12 19.28 0.13 -7.55 18.22 -9.5 -4.05 19.3 0.92
5 24 -4.12 19.28 0.13 -7.55 18.22 -9.5 -7.55 18.22 10 -4.05 19.3 -0.67
3 16 -7.55 18.22 -9.5 -4.12 19.28 0.13 -4.05 19.3 -0.67
2 24 -4.12 19.28 0.13 -4.05 19.3 -0.67
5 24 -4.05 19.3 -0.67 -7.55 18.22 -9.5 -4.12 19.28 0.13 -3.81 19.35 -1.46
3 16 -1.58 -19.65 -3.69 -2.92 -19.5 -2.79 0 -19.72 -9.5
2 24 -1.58 -19.65 -3.69 -2.92 -19.5 -2.79
5 24 -2.92 -19.5 -2.79 0 -19.72 -9.5 -1.58 -19.65 -3.69 -3.81 -19.35 -1.46
5 24 0 -19.72 -9.5 -1.58 -19.65 -3.69 -2.92 -19.5 -2.79 -0.79 -19.7 -3.92
3 16 0 -19.72 -9.5 -2.92 -19.5 -2.79 -3.81 -19.35 -1.46
2 24 -2.92 -19.5 -2.79 -3.81 -19.35 -1.46
5 24 -3.81 -19.35 -1.46 0 -19.72 -9.5 -2.92 -19.5 -2.79 -7.55 -18.22 -9.5
3 16 0 -19.72 -9.5 -3.81 -19.35 -1.46 -7.55 -18.22 -9.5
5 24 -3.81 -19.35 -1.46 -7.55 -18.22 -9.5 0 -19.72 -9.5 -4.05 -19.3 -0.67
3 16 -7.55 -18.22 -9.5 -3.81 -19.35 -1.46 -4.05 -19.3 -0.67
2 24 -3.81 -19.35 -1.46 -4.05 -19.3 -0.67
5 24 -4.05 -19.3 -0.67 -7.55 -18.22 -9.5 -3.81 -19.35 -1.46 -4.13 -19.28 0.13
3 16 -7.55 -18.22 -9.5 -4.05 -19.3 -0.67 -4.13 -19.28 0.13
2 24 -4.05 -19.3 -0.67 -4.13 -19.28 0.13
3 16 4.05 -19.3 -0.67 3.81 -19.35 -1.46 7.55 -18.22 -9.5
2 24 4.05 -19.3 -0.67 3.81 -19.35 -1.46
5 24 3.81 -19.35 -1.46 7.55 -18.22 -9.5 4.05 -19.3 -0.67 2.92 -19.5 -2.79
5 24 7.55 -18.22 -9.5 4.05 -19.3 -0.67 3.81 -19.35 -1.46 4.12 -19.28 0.13
3 16 7.55 -18.22 -9.5 3.81 -19.35 -1.46 2.92 -19.5 -2.79
2 24 3.81 -19.35 -1.46 2.92 -19.5 -2.79
5 24 2.92 -19.5 -2.79 7.55 -18.22 -9.5 3.81 -19.35 -1.46 0 -19.72 -9.5
3 16 7.55 -18.22 -9.5 2.92 -19.5 -2.79 0 -19.72 -9.5
5 24 2.92 -19.5 -2.79 0 -19.72 -9.5 7.55 -18.22 -9.5 1.58 -19.65 -3.69
3 16 0 -19.72 -9.5 2.92 -19.5 -2.79 1.58 -19.65 -3.69
2 24 2.92 -19.5 -2.79 1.58 -19.65 -3.69
5 24 1.58 -19.65 -3.69 0 -19.72 -9.5 2.92 -19.5 -2.79 0.79 -19.7 -3.92
3 16 0 -19.72 -9.5 1.58 -19.65 -3.69 0.79 -19.7 -3.92
2 24 1.58 -19.65 -3.69 0.79 -19.7 -3.92
5 24 0.79 -19.7 -3.92 0 -19.72 -9.5 1.58 -19.65 -3.69 0 -19.72 -4
3 16 4.13 19.28 0.13 7.55 18.22 10 7.55 18.22 -9.5
5 24 4.13 19.28 0.13 7.55 18.22 10 7.55 18.22 -9.5 4.05 19.3 0.92
5 24 7.55 18.22 10 7.55 18.22 -9.5 4.13 19.28 0.13 13.94 13.94 10
5 24 7.55 18.22 -9.5 4.13 19.28 0.13 7.55 18.22 10 4.05 19.3 -0.67
3 16 7.55 -18.22 -9.5 7.55 -18.22 10 4.12 -19.28 0.13
5 24 7.55 -18.22 10 7.55 -18.22 -9.5 13.94 -13.94 -9.5 4.12 -19.28 0.13
5 24 7.55 -18.22 10 4.12 -19.28 0.13 7.55 -18.22 -9.5 4.05 -19.3 0.92
5 24 4.12 -19.28 0.13 7.55 -18.22 -9.5 7.55 -18.22 10 4.05 -19.3 -0.67
3 16 7.55 -18.22 -9.5 4.12 -19.28 0.13 4.05 -19.3 -0.67
2 24 4.12 -19.28 0.13 4.05 -19.3 -0.67
3 16 1.58 19.65 -3.69 2.92 19.5 -2.79 0 19.72 -9.5
2 24 1.58 19.65 -3.69 2.92 19.5 -2.79
5 24 2.92 19.5 -2.79 0 19.72 -9.5 1.58 19.65 -3.69 3.81 19.35 -1.46
5 24 0 19.72 -9.5 1.58 19.65 -3.69 2.92 19.5 -2.79 0.79 19.7 -3.92
3 16 0 19.72 -9.5 2.92 19.5 -2.79 3.81 19.35 -1.46
2 24 2.92 19.5 -2.79 3.81 19.35 -1.46
5 24 3.81 19.35 -1.46 0 19.72 -9.5 2.92 19.5 -2.79 7.55 18.22 -9.5
3 16 0 19.72 -9.5 3.81 19.35 -1.46 7.55 18.22 -9.5
5 24 3.81 19.35 -1.46 7.55 18.22 -9.5 0 19.72 -9.5 4.05 19.3 -0.67
3 16 7.55 18.22 -9.5 3.81 19.35 -1.46 4.05 19.3 -0.67
2 24 3.81 19.35 -1.46 4.05 19.3 -0.67
5 24 4.05 19.3 -0.67 7.55 18.22 -9.5 3.81 19.35 -1.46 4.13 19.28 0.13
3 16 7.55 18.22 -9.5 4.05 19.3 -0.67 4.13 19.28 0.13
2 24 4.05 19.3 -0.67 4.13 19.28 0.13
3 16 -4.05 19.3 -0.67 -3.81 19.35 -1.46 -7.55 18.22 -9.5
2 24 -4.05 19.3 -0.67 -3.81 19.35 -1.46
5 24 -3.81 19.35 -1.46 -7.55 18.22 -9.5 -4.05 19.3 -0.67 -2.92 19.5 -2.79
3 16 -7.55 18.22 -9.5 -3.81 19.35 -1.46 -2.92 19.5 -2.79
2 24 -3.81 19.35 -1.46 -2.92 19.5 -2.79
5 24 -2.92 19.5 -2.79 -7.55 18.22 -9.5 -3.81 19.35 -1.46 0 19.72 -9.5
3 16 -7.55 18.22 -9.5 -2.92 19.5 -2.79 0 19.72 -9.5
5 24 -2.92 19.5 -2.79 0 19.72 -9.5 -7.55 18.22 -9.5 -1.58 19.65 -3.69
3 16 0 19.72 -9.5 -2.92 19.5 -2.79 -1.58 19.65 -3.69
2 24 -2.92 19.5 -2.79 -1.58 19.65 -3.69
5 24 -1.58 19.65 -3.69 0 19.72 -9.5 -2.92 19.5 -2.79 -0.79 19.7 -3.92
3 16 0 19.72 -9.5 -1.58 19.65 -3.69 -0.79 19.7 -3.92
2 24 -1.58 19.65 -3.69 -0.79 19.7 -3.92
5 24 -0.79 19.7 -3.92 0 19.72 -9.5 -1.58 19.65 -3.69 0 19.72 -4
3 16 -1.58 19.65 3.94 -2.92 19.5 3.04 0 19.72 10
2 24 -1.58 19.65 3.94 -2.92 19.5 3.04
5 24 -2.92 19.5 3.04 0 19.72 10 -1.58 19.65 3.94 -3.81 19.35 1.71
5 24 0 19.72 10 -1.58 19.65 3.94 -2.92 19.5 3.04 -0.79 19.7 4.17
3 16 0 19.72 10 -2.92 19.5 3.04 -3.81 19.35 1.71
2 24 -2.92 19.5 3.04 -3.81 19.35 1.71
5 24 -3.81 19.35 1.71 0 19.72 10 -2.92 19.5 3.04 -7.55 18.22 10
3 16 0 19.72 10 -3.81 19.35 1.71 -7.55 18.22 10
5 24 -3.81 19.35 1.71 -7.55 18.22 10 0 19.72 10 -4.05 19.3 0.92
3 16 -7.55 18.22 10 -3.81 19.35 1.71 -4.05 19.3 0.92
2 24 -3.81 19.35 1.71 -4.05 19.3 0.92
5 24 -4.05 19.3 0.92 -7.55 18.22 10 -3.81 19.35 1.71 -4.12 19.28 0.13
3 16 -7.55 18.22 10 -4.05 19.3 0.92 -4.12 19.28 0.13
2 24 -4.05 19.3 0.92 -4.12 19.28 0.13
3 16 4.05 19.3 0.92 3.81 19.35 1.71 7.55 18.22 10
2 24 4.05 19.3 0.92 3.81 19.35 1.71
5 24 3.81 19.35 1.71 7.55 18.22 10 4.05 19.3 0.92 2.92 19.5 3.04
5 24 7.55 18.22 10 4.05 19.3 0.92 3.81 19.35 1.71 4.13 19.28 0.13
3 16 7.55 18.22 10 3.81 19.35 1.71 2.92 19.5 3.04
2 24 3.81 19.35 1.71 2.92 19.5 3.04
5 24 2.92 19.5 3.04 7.55 18.22 10 3.81 19.35 1.71 0 19.72 10
3 16 7.55 18.22 10 2.92 19.5 3.04 0 19.72 10
5 24 2.92 19.5 3.04 0 19.72 10 7.55 18.22 10 1.58 19.65 3.94
3 16 0 19.72 10 2.92 19.5 3.04 1.58 19.65 3.94
2 24 2.92 19.5 3.04 1.58 19.65 3.94
5 24 1.58 19.65 3.94 0 19.72 10 2.92 19.5 3.04 0.79 19.7 4.17
3 16 0 19.72 10 1.58 19.65 3.94 0.79 19.7 4.17
2 24 1.58 19.65 3.94 0.79 19.7 4.17
5 24 0.79 19.7 4.17 0 19.72 10 1.58 19.65 3.94 0 19.72 4.25
3 16 1.58 -19.65 3.94 2.92 -19.5 3.04 0 -19.72 10
2 24 1.58 -19.65 3.94 2.92 -19.5 3.04
5 24 2.92 -19.5 3.04 0 -19.72 10 1.58 -19.65 3.94 3.81 -19.35 1.71
5 24 0 -19.72 10 1.58 -19.65 3.94 2.92 -19.5 3.04 0.79 -19.7 4.17
3 16 0 -19.72 10 2.92 -19.5 3.04 3.81 -19.35 1.71
2 24 2.92 -19.5 3.04 3.81 -19.35 1.71
5 24 3.81 -19.35 1.71 0 -19.72 10 2.92 -19.5 3.04 7.55 -18.22 10
3 16 0 -19.72 10 3.81 -19.35 1.71 7.55 -18.22 10
5 24 3.81 -19.35 1.71 7.55 -18.22 10 0 -19.72 10 4.05 -19.3 0.92
3 16 7.55 -18.22 10 3.81 -19.35 1.71 4.05 -19.3 0.92
2 24 3.81 -19.35 1.71 4.05 -19.3 0.92
5 24 4.05 -19.3 0.92 7.55 -18.22 10 3.81 -19.35 1.71 4.12 -19.28 0.13
3 16 7.55 -18.22 10 4.05 -19.3 0.92 4.12 -19.28 0.13
2 24 4.05 -19.3 0.92 4.12 -19.28 0.13
3 16 -4.05 -19.3 0.92 -3.81 -19.35 1.71 -7.55 -18.22 10
2 24 -4.05 -19.3 0.92 -3.81 -19.35 1.71
5 24 -3.81 -19.35 1.71 -7.55 -18.22 10 -4.05 -19.3 0.92 -2.92 -19.5 3.04
5 24 -7.55 -18.22 10 -4.05 -19.3 0.92 -3.81 -19.35 1.71 -4.13 -19.28 0.13
3 16 -7.55 -18.22 10 -3.81 -19.35 1.71 -2.92 -19.5 3.04
2 24 -3.81 -19.35 1.71 -2.92 -19.5 3.04
5 24 -2.92 -19.5 3.04 -7.55 -18.22 10 -3.81 -19.35 1.71 0 -19.72 10
3 16 -7.55 -18.22 10 -2.92 -19.5 3.04 0 -19.72 10
5 24 -2.92 -19.5 3.04 0 -19.72 10 -7.55 -18.22 10 -1.58 -19.65 3.94
3 16 0 -19.72 10 -2.92 -19.5 3.04 -1.58 -19.65 3.94
2 24 -2.92 -19.5 3.04 -1.58 -19.65 3.94
5 24 -1.58 -19.65 3.94 0 -19.72 10 -2.92 -19.5 3.04 -0.79 -19.7 4.17
3 16 0 -19.72 10 -1.58 -19.65 3.94 -0.79 -19.7 4.17
2 24 -1.58 -19.65 3.94 -0.79 -19.7 4.17
5 24 -0.79 -19.7 4.17 0 -19.72 10 -1.58 -19.65 3.94 0 -19.72 4.25
3 16 4.13 19.28 0.13 4.05 19.3 0.92 7.55 18.22 10
2 24 4.13 19.28 0.13 4.05 19.3 0.92
3 16 0.79 19.7 4.17 0 19.72 4.25 0 19.72 10
2 24 0.79 19.7 4.17 0 19.72 4.25
5 24 0 19.72 4.25 0 19.72 10 0.79 19.7 4.17 -0.79 19.7 4.17
3 16 0 19.72 10 0 19.72 4.25 -0.79 19.7 4.17
2 24 0 19.72 4.25 -0.79 19.7 4.17
5 24 -0.79 19.7 4.17 0 19.72 10 0 19.72 4.25 -1.58 19.65 3.94
3 16 0 19.72 10 -0.79 19.7 4.17 -1.58 19.65 3.94
2 24 -0.79 19.7 4.17 -1.58 19.65 3.94
3 16 -0.79 19.7 -3.92 0 19.72 -4 0 19.72 -9.5
2 24 -0.79 19.7 -3.92 0 19.72 -4
5 24 0 19.72 -4 0 19.72 -9.5 -0.79 19.7 -3.92 0.79 19.7 -3.92
3 16 0 19.72 -9.5 0 19.72 -4 0.79 19.7 -3.92
2 24 0 19.72 -4 0.79 19.7 -3.92
5 24 0.79 19.7 -3.92 0 19.72 -9.5 0 19.72 -4 1.58 19.65 -3.69
3 16 0 19.72 -9.5 0.79 19.7 -3.92 1.58 19.65 -3.69
2 24 0.79 19.7 -3.92 1.58 19.65 -3.69
3 16 0.79 -19.7 -3.92 0 -19.72 -4 0 -19.72 -9.5
2 24 0.79 -19.7 -3.92 0 -19.72 -4
5 24 0 -19.72 -4 0 -19.72 -9.5 0.79 -19.7 -3.92 -0.79 -19.7 -3.92
3 16 0 -19.72 -9.5 0 -19.72 -4 -0.79 -19.7 -3.92
2 24 0 -19.72 -4 -0.79 -19.7 -3.92
5 24 -0.79 -19.7 -3.92 0 -19.72 -9.5 0 -19.72 -4 -1.58 -19.65 -3.69
3 16 0 -19.72 -9.5 -0.79 -19.7 -3.92 -1.58 -19.65 -3.69
2 24 -0.79 -19.7 -3.92 -1.58 -19.65 -3.69
3 16 -4.13 -19.28 0.13 -4.05 -19.3 0.92 -7.55 -18.22 10
2 24 -4.13 -19.28 0.13 -4.05 -19.3 0.92
3 16 -0.79 -19.7 4.17 0 -19.72 4.25 0 -19.72 10
2 24 -0.79 -19.7 4.17 0 -19.72 4.25
5 24 0 -19.72 4.25 0 -19.72 10 -0.79 -19.7 4.17 0.79 -19.7 4.17
3 16 0 -19.72 10 0 -19.72 4.25 0.79 -19.7 4.17
2 24 0 -19.72 4.25 0.79 -19.7 4.17
5 24 0.79 -19.7 4.17 0 -19.72 10 0 -19.72 4.25 1.58 -19.65 3.94
3 16 0 -19.72 10 0.79 -19.7 4.17 1.58 -19.65 3.94
2 24 0.79 -19.7 4.17 1.58 -19.65 3.94
4 16 0 14.36 -8.1 -7.13 14.36 -3.99 -7.13 8.11 -3.99 0 8.11 -8.1
2 24 0 8.11 -8.1 0 14.36 -8.1
4 16 0 8.11 -8.1 7.13 8.11 -3.99 7.13 14.36 -3.99 0 14.36 -8.1
4 16 -2.93 5.52 3.03 -3.8 4.96 1.72 -3.81 8.11 1.7 -2.92 8.11 3.04
5 24 -3.8 4.96 1.72 -3.81 8.11 1.7 -2.92 8.11 3.04 -4.04 4.77 0.94
5 24 -2.92 8.11 3.04 -2.93 5.52 3.03 -3.8 4.96 1.72 -1.58 8.11 3.94
3 16 -3.81 8.11 1.7 -3.8 4.96 1.72 -4.04 4.77 0.94
5 24 -4.04 4.77 0.94 -3.81 8.11 1.7 -3.8 4.96 1.72 -4.13 8.11 0.13
3 16 -3.81 8.11 1.7 -4.04 4.77 0.94 -4.13 8.11 0.13
5 24 -4.04 4.77 0.94 -4.13 8.11 0.13 -3.81 8.11 1.7 -4.13 4.7 0.13
3 16 -4.13 8.11 0.13 -4.04 4.77 0.94 -4.13 4.7 0.13
5 24 -4.13 4.7 0.13 -4.13 8.11 0.13 -4.04 4.77 0.94 -4.04 4.77 -0.69
3 16 -4.13 8.11 0.13 -4.13 4.7 0.13 -4.04 4.77 -0.69
5 24 -4.04 4.77 -0.69 -4.13 8.11 0.13 -4.13 4.7 0.13 -3.81 8.11 -1.45
4 16 -2.93 5.52 3.03 -2.92 8.11 3.04 -1.58 8.11 3.94 -1.61 6.04 3.92
5 24 -1.58 8.11 3.94 -1.61 6.04 3.92 -2.93 5.52 3.03 -0.82 6.2 4.17
3 16 -1.61 6.04 3.92 -1.58 8.11 3.94 -0.82 6.2 4.17
5 24 -1.58 8.11 3.94 -0.82 6.2 4.17 -1.61 6.04 3.92 0 8.11 4.25
3 16 -1.58 8.11 3.94 0 8.11 4.25 -0.82 6.2 4.17
5 24 0 8.11 4.25 -0.82 6.2 4.17 -1.58 8.11 3.94 0 6.25 4.25
3 16 -0.82 6.2 4.17 0 8.11 4.25 0 6.25 4.25
5 24 0 8.11 4.25 0 6.25 4.25 -0.82 6.2 4.17 0.82 6.2 4.17
3 16 0 6.25 4.25 0 8.11 4.25 0.82 6.2 4.17
5 24 0 8.11 4.25 0.82 6.2 4.17 0 6.25 4.25 1.58 8.11 3.94
3 16 0.82 6.2 4.17 0 8.11 4.25 1.58 8.11 3.94
5 24 1.58 8.11 3.94 0.82 6.2 4.17 0 8.11 4.25 1.61 6.04 3.92
3 16 0.82 6.2 4.17 1.58 8.11 3.94 1.61 6.04 3.92
5 24 1.58 8.11 3.94 1.61 6.04 3.92 0.82 6.2 4.17 2.92 8.11 3.04
4 16 1.61 6.04 3.92 1.58 8.11 3.94 2.92 8.11 3.04 2.93 5.52 3.03
2 24 2.92 8.11 3.04 2.93 5.52 3.03
4 16 2.93 5.52 3.03 2.92 8.11 3.04 3.81 8.11 1.7 3.8 4.96 1.72
5 24 3.81 8.11 1.7 3.8 4.96 1.72 2.93 5.52 3.03 4.04 4.77 0.94
3 16 3.8 4.96 1.72 3.81 8.11 1.7 4.04 4.77 0.94
5 24 3.81 8.11 1.7 4.04 4.77 0.94 3.8 4.96 1.72 4.12 8.11 0.13
3 16 3.81 8.11 1.7 4.12 8.11 0.13 4.04 4.77 0.94
5 24 4.12 8.11 0.13 4.04 4.77 0.94 3.81 8.11 1.7 4.12 4.7 0.13
3 16 4.04 4.77 0.94 4.12 8.11 0.13 4.12 4.7 0.13
5 24 4.12 8.11 0.13 4.12 4.7 0.13 4.04 4.77 0.94 4.04 4.77 -0.69
3 16 4.12 4.7 0.13 4.12 8.11 0.13 4.04 4.77 -0.69
5 24 4.12 8.11 0.13 4.04 4.77 -0.69 4.12 4.7 0.13 3.81 8.11 -1.45
3 16 4.04 4.77 -0.69 4.12 8.11 0.13 3.81 8.11 -1.45
5 24 3.81 8.11 -1.45 4.04 4.77 -0.69 4.12 8.11 0.13 3.8 4.96 -1.47
3 16 4.04 4.77 -0.69 3.81 8.11 -1.45 3.8 4.96 -1.47
5 24 3.81 8.11 -1.45 3.8 4.96 -1.47 4.04 4.77 -0.69 2.92 8.11 -2.79
4 16 3.8 4.96 -1.47 3.81 8.11 -1.45 2.92 8.11 -2.79 2.93 5.52 -2.78
5 24 2.92 8.11 -2.79 2.93 5.52 -2.78 3.8 4.96 -1.47 1.58 8.11 -3.69
4 16 2.93 5.52 -2.78 2.92 8.11 -2.79 1.58 8.11 -3.69 1.61 6.04 -3.67
5 24 1.58 8.11 -3.69 1.61 6.04 -3.67 2.93 5.52 -2.78 0.82 6.2 -3.92
3 16 1.61 6.04 -3.67 1.58 8.11 -3.69 0.82 6.2 -3.92
5 24 1.58 8.11 -3.69 0.82 6.2 -3.92 1.61 6.04 -3.67 0 8.11 -4
3 16 1.58 8.11 -3.69 0 8.11 -4 0.82 6.2 -3.92
5 24 0 8.11 -4 0.82 6.2 -3.92 1.58 8.11 -3.69 0 6.25 -4
3 16 0.82 6.2 -3.92 0 8.11 -4 0 6.25 -4
5 24 0 8.11 -4 0 6.25 -4 0.82 6.2 -3.92 -0.82 6.2 -3.92
3 16 0 6.25 -4 0 8.11 -4 -0.82 6.2 -3.92
5 24 0 8.11 -4 -0.82 6.2 -3.92 0 6.25 -4 -1.58 8.11 -3.69
3 16 -0.82 6.2 -3.92 0 8.11 -4 -1.58 8.11 -3.69
5 24 -1.58 8.11 -3.69 -0.82 6.2 -3.92 0 8.11 -4 -1.61 6.04 -3.67
3 16 -0.82 6.2 -3.92 -1.58 8.11 -3.69 -1.61 6.04 -3.67
5 24 -1.58 8.11 -3.69 -1.61 6.04 -3.67 -0.82 6.2 -3.92 -2.92 8.11 -2.79
4 16 -1.61 6.04 -3.67 -1.58 8.11 -3.69 -2.92 8.11 -2.79 -2.93 5.52 -2.78
2 24 -2.92 8.11 -2.79 -2.93 5.52 -2.78
4 16 -2.93 5.52 -2.78 -2.92 8.11 -2.79 -3.81 8.11 -1.45 -3.8 4.96 -1.47
5 24 -3.81 8.11 -1.45 -3.8 4.96 -1.47 -2.93 5.52 -2.78 -4.04 4.77 -0.69
3 16 -3.8 4.96 -1.47 -3.81 8.11 -1.45 -4.04 4.77 -0.69
5 24 -3.81 8.11 -1.45 -4.04 4.77 -0.69 -3.8 4.96 -1.47 -4.13 8.11 0.13
3 16 -3.81 8.11 -1.45 -4.13 8.11 0.13 -4.04 4.77 -0.69
4 16 0 -8.11 -8.1 -7.13 -8.11 -3.99 -7.13 -14.36 -3.99 0 -14.36 -8.1
2 24 0 -14.36 -8.1 0 -8.11 -8.1
3 16 4.05 19.3 0.92 4.13 19.28 0.13 4.13 14.36 0.13
5 24 4.13 19.28 0.13 4.13 14.36 0.13 4.05 19.3 0.92 4.05 19.3 -0.67
5 24 4.13 14.36 0.13 4.05 19.3 0.92 4.13 19.28 0.13 3.81 14.36 1.7
3 16 4.13 14.36 0.13 4.13 19.28 0.13 4.05 19.3 -0.67
5 24 4.05 19.3 -0.67 4.13 14.36 0.13 4.13 19.28 0.13 3.81 14.36 -1.45
3 16 4.13 14.36 0.13 4.05 19.3 -0.67 3.81 14.36 -1.45
5 24 4.05 19.3 -0.67 3.81 14.36 -1.45 4.13 14.36 0.13 3.81 19.35 -1.46
3 16 3.81 14.36 -1.45 4.05 19.3 -0.67 3.81 19.35 -1.46
5 24 3.81 19.35 -1.46 3.81 14.36 -1.45 4.05 19.3 -0.67 2.92 19.5 -2.79
4 16 3.81 14.36 -1.45 3.81 19.35 -1.46 2.92 19.5 -2.79 2.92 14.36 -2.79
5 24 2.92 19.5 -2.79 2.92 14.36 -2.79 3.81 14.36 -1.45 1.58 19.65 -3.69
4 16 2.92 14.36 -2.79 2.92 19.5 -2.79 1.58 19.65 -3.69 1.58 14.36 -3.69
5 24 1.58 19.65 -3.69 1.58 14.36 -3.69 2.92 14.36 -2.79 0.79 19.7 -3.92
3 16 1.58 14.36 -3.69 1.58 19.65 -3.69 0.79 19.7 -3.92
5 24 0.79 19.7 -3.92 1.58 14.36 -3.69 1.58 19.65 -3.69 0 14.36 -4
3 16 1.58 14.36 -3.69 0.79 19.7 -3.92 0 14.36 -4
5 24 0.79 19.7 -3.92 0 14.36 -4 1.58 14.36 -3.69 0 19.72 -4
3 16 0 14.36 -4 0.79 19.7 -3.92 0 19.72 -4
5 24 0 19.72 -4 0 14.36 -4 0.79 19.7 -3.92 -0.79 19.7 -3.92
3 16 0 14.36 -4 0 19.72 -4 -0.79 19.7 -3.92
5 24 -0.79 19.7 -3.92 0 14.36 -4 0 19.72 -4 -1.58 14.36 -3.69
3 16 0 14.36 -4 -0.79 19.7 -3.92 -1.58 14.36 -3.69
5 24 -0.79 19.7 -3.92 -1.58 14.36 -3.69 0 14.36 -4 -1.58 19.65 -3.69
3 16 -1.58 14.36 -3.69 -0.79 19.7 -3.92 -1.58 19.65 -3.69
5 24 -1.58 19.65 -3.69 -1.58 14.36 -3.69 -0.79 19.7 -3.92 -2.92 19.5 -2.79
4 16 -1.58 14.36 -3.69 -1.58 19.65 -3.69 -2.92 19.5 -2.79 -2.92 14.36 -2.79
5 24 -2.92 19.5 -2.79 -2.92 14.36 -2.79 -1.58 14.36 -3.69 -3.81 19.35 -1.46
4 16 -2.92 14.36 -2.79 -2.92 19.5 -2.79 -3.81 19.35 -1.46 -3.81 14.36 -1.45
5 24 -3.81 19.35 -1.46 -3.81 14.36 -1.45 -2.92 14.36 -2.79 -4.05 19.3 -0.67
3 16 -3.81 14.36 -1.45 -3.81 19.35 -1.46 -4.05 19.3 -0.67
5 24 -4.05 19.3 -0.67 -3.81 14.36 -1.45 -3.81 19.35 -1.46 -4.12 14.36 0.13
3 16 -3.81 14.36 -1.45 -4.05 19.3 -0.67 -4.12 14.36 0.13
5 24 -4.05 19.3 -0.67 -4.12 14.36 0.13 -3.81 14.36 -1.45 -4.12 19.28 0.13
3 16 -4.12 14.36 0.13 -4.05 19.3 -0.67 -4.12 19.28 0.13
5 24 -4.12 19.28 0.13 -4.12 14.36 0.13 -4.05 19.3 -0.67 -4.05 19.3 0.92
3 16 -4.12 14.36 0.13 -4.12 19.28 0.13 -4.05 19.3 0.92
5 24 -4.05 19.3 0.92 -4.12 14.36 0.13 -4.12 19.28 0.13 -3.81 14.36 1.7
3 16 -4.12 14.36 0.13 -4.05 19.3 0.92 -3.81 14.36 1.7
5 24 -4.05 19.3 0.92 -3.81 14.36 1.7 -4.12 14.36 0.13 -3.81 19.35 1.71
3 16 -3.81 14.36 1.7 -4.05 19.3 0.92 -3.81 19.35 1.71
5 24 -3.81 19.35 1.71 -3.81 14.36 1.7 -4.05 19.3 0.92 -2.92 19.5 3.04
4 16 -3.81 14.36 1.7 -3.81 19.35 1.71 -2.92 19.5 3.04 -2.92 14.36 3.04
5 24 -2.92 19.5 3.04 -2.92 14.36 3.04 -3.81 14.36 1.7 -1.58 19.65 3.94
4 16 -2.92 14.36 3.04 -2.92 19.5 3.04 -1.58 19.65 3.94 -1.58 14.36 3.94
5 24 -1.58 19.65 3.94 -1.58 14.36 3.94 -2.92 14.36 3.04 -0.79 19.7 4.17
3 16 -1.58 14.36 3.94 -1.58 19.65 3.94 -0.79 19.7 4.17
5 24 -0.79 19.7 4.17 -1.58 14.36 3.94 -1.58 19.65 3.94 0 14.36 4.25
3 16 -1.58 14.36 3.94 -0.79 19.7 4.17 0 14.36 4.25
5 24 -0.79 19.7 4.17 0 14.36 4.25 -1.58 14.36 3.94 0 19.72 4.25
3 16 0 14.36 4.25 -0.79 19.7 4.17 0 19.72 4.25
5 24 0 19.72 4.25 0 14.36 4.25 -0.79 19.7 4.17 0.79 19.7 4.17
3 16 0 14.36 4.25 0 19.72 4.25 0.79 19.7 4.17
5 24 0.79 19.7 4.17 0 14.36 4.25 0 19.72 4.25 1.58 14.36 3.94
3 16 0 14.36 4.25 0.79 19.7 4.17 1.58 14.36 3.94
5 24 0.79 19.7 4.17 1.58 14.36 3.94 0 14.36 4.25 1.58 19.65 3.94
3 16 1.58 14.36 3.94 0.79 19.7 4.17 1.58 19.65 3.94
5 24 1.58 19.65 3.94 1.58 14.36 3.94 0.79 19.7 4.17 2.92 19.5 3.04
4 16 1.58 14.36 3.94 1.58 19.65 3.94 2.92 19.5 3.04 2.92 14.36 3.04
5 24 2.92 19.5 3.04 2.92 14.36 3.04 1.58 14.36 3.94 3.81 19.35 1.71
4 16 2.92 14.36 3.04 2.92 19.5 3.04 3.81 19.35 1.71 3.81 14.36 1.7
5 24 3.81 19.35 1.71 3.81 14.36 1.7 2.92 14.36 3.04 4.05 19.3 0.92
3 16 3.81 14.36 1.7 3.81 19.35 1.71 4.05 19.3 0.92
5 24 4.05 19.3 0.92 3.81 14.36 1.7 3.81 19.35 1.71 4.13 14.36 0.13
3 16 3.81 14.36 1.7 4.05 19.3 0.92 4.13 14.36 0.13
4 16 0 -14.36 -8.1 7.12 -14.36 -3.99 7.12 -8.11 -3.99 0 -8.11 -8.1
4 16 -2.93 -5.52 -2.78 -3.8 -4.96 -1.47 -3.81 -8.11 -1.45 -2.92 -8.11 -2.79
5 24 -3.8 -4.96 -1.47 -3.81 -8.11 -1.45 -2.92 -8.11 -2.79 -4.04 -4.77 -0.69
5 24 -2.92 -8.11 -2.79 -2.93 -5.52 -2.78 -3.8 -4.96 -1.47 -1.58 -8.11 -3.69
3 16 -3.81 -8.11 -1.45 -3.8 -4.96 -1.47 -4.04 -4.77 -0.69
5 24 -4.04 -4.77 -0.69 -3.81 -8.11 -1.45 -3.8 -4.96 -1.47 -4.13 -8.11 0.13
3 16 -3.81 -8.11 -1.45 -4.04 -4.77 -0.69 -4.13 -8.11 0.13
5 24 -4.04 -4.77 -0.69 -4.13 -8.11 0.13 -3.81 -8.11 -1.45 -4.13 -4.7 0.13
3 16 -4.13 -8.11 0.13 -4.04 -4.77 -0.69 -4.13 -4.7 0.13
5 24 -4.13 -4.7 0.13 -4.13 -8.11 0.13 -4.04 -4.77 -0.69 -4.04 -4.77 0.94
3 16 -4.13 -8.11 0.13 -4.13 -4.7 0.13 -4.04 -4.77 0.94
5 24 -4.04 -4.77 0.94 -4.13 -8.11 0.13 -4.13 -4.7 0.13 -3.81 -8.11 1.7
4 16 -2.93 -5.52 -2.78 -2.92 -8.11 -2.79 -1.58 -8.11 -3.69 -1.61 -6.04 -3.67
5 24 -1.58 -8.11 -3.69 -1.61 -6.04 -3.67 -2.93 -5.52 -2.78 -0.82 -6.2 -3.92
3 16 -1.61 -6.04 -3.67 -1.58 -8.11 -3.69 -0.82 -6.2 -3.92
5 24 -1.58 -8.11 -3.69 -0.82 -6.2 -3.92 -1.61 -6.04 -3.67 0 -8.11 -4
3 16 -1.58 -8.11 -3.69 0 -8.11 -4 -0.82 -6.2 -3.92
5 24 0 -8.11 -4 -0.82 -6.2 -3.92 -1.58 -8.11 -3.69 0 -6.25 -4
3 16 -0.82 -6.2 -3.92 0 -8.11 -4 0 -6.25 -4
5 24 0 -8.11 -4 0 -6.25 -4 -0.82 -6.2 -3.92 0.82 -6.2 -3.92
3 16 0 -6.25 -4 0 -8.11 -4 0.82 -6.2 -3.92
5 24 0 -8.11 -4 0.82 -6.2 -3.92 0 -6.25 -4 1.58 -8.11 -3.69
3 16 0.82 -6.2 -3.92 0 -8.11 -4 1.58 -8.11 -3.69
5 24 1.58 -8.11 -3.69 0.82 -6.2 -3.92 0 -8.11 -4 1.61 -6.04 -3.67
3 16 0.82 -6.2 -3.92 1.58 -8.11 -3.69 1.61 -6.04 -3.67
5 24 1.58 -8.11 -3.69 1.61 -6.04 -3.67 0.82 -6.2 -3.92 2.92 -8.11 -2.79
4 16 1.61 -6.04 -3.67 1.58 -8.11 -3.69 2.92 -8.11 -2.79 2.93 -5.52 -2.78
2 24 2.92 -8.11 -2.79 2.93 -5.52 -2.78
4 16 2.93 -5.52 -2.78 2.92 -8.11 -2.79 3.81 -8.11 -1.45 3.8 -4.96 -1.47
5 24 3.81 -8.11 -1.45 3.8 -4.96 -1.47 2.93 -5.52 -2.78 4.04 -4.77 -0.69
3 16 3.8 -4.96 -1.47 3.81 -8.11 -1.45 4.04 -4.77 -0.69
5 24 3.81 -8.11 -1.45 4.04 -4.77 -0.69 3.8 -4.96 -1.47 4.12 -8.11 0.13
3 16 3.81 -8.11 -1.45 4.12 -8.11 0.13 4.04 -4.77 -0.69
5 24 4.12 -8.11 0.13 4.04 -4.77 -0.69 3.81 -8.11 -1.45 4.12 -4.7 0.13
3 16 4.04 -4.77 -0.69 4.12 -8.11 0.13 4.12 -4.7 0.13
5 24 4.12 -8.11 0.13 4.12 -4.7 0.13 4.04 -4.77 -0.69 4.04 -4.77 0.94
3 16 4.12 -4.7 0.13 4.12 -8.11 0.13 4.04 -4.77 0.94
5 24 4.12 -8.11 0.13 4.04 -4.77 0.94 4.12 -4.7 0.13 3.81 -8.11 1.7
3 16 4.04 -4.77 0.94 4.12 -8.11 0.13 3.81 -8.11 1.7
5 24 3.81 -8.11 1.7 4.04 -4.77 0.94 4.12 -8.11 0.13 3.8 -4.96 1.72
3 16 4.04 -4.77 0.94 3.81 -8.11 1.7 3.8 -4.96 1.72
5 24 3.81 -8.11 1.7 3.8 -4.96 1.72 4.04 -4.77 0.94 2.92 -8.11 3.04
4 16 3.8 -4.96 1.72 3.81 -8.11 1.7 2.92 -8.11 3.04 2.93 -5.52 3.03
5 24 2.92 -8.11 3.04 2.93 -5.52 3.03 3.8 -4.96 1.72 1.58 -8.11 3.94
4 16 2.93 -5.52 3.03 2.92 -8.11 3.04 1.58 -8.11 3.94 1.61 -6.04 3.92
5 24 1.58 -8.11 3.94 1.61 -6.04 3.92 2.93 -5.52 3.03 0.82 -6.2 4.17
3 16 1.61 -6.04 3.92 1.58 -8.11 3.94 0.82 -6.2 4.17
5 24 1.58 -8.11 3.94 0.82 -6.2 4.17 1.61 -6.04 3.92 0 -8.11 4.25
3 16 1.58 -8.11 3.94 0 -8.11 4.25 0.82 -6.2 4.17
5 24 0 -8.11 4.25 0.82 -6.2 4.17 1.58 -8.11 3.94 0 -6.25 4.25
3 16 0.82 -6.2 4.17 0 -8.11 4.25 0 -6.25 4.25
5 24 0 -8.11 4.25 0 -6.25 4.25 0.82 -6.2 4.17 -0.82 -6.2 4.17
3 16 0 -6.25 4.25 0 -8.11 4.25 -0.82 -6.2 4.17
5 24 0 -8.11 4.25 -0.82 -6.2 4.17 0 -6.25 4.25 -1.58 -8.11 3.94
3 16 -0.82 -6.2 4.17 0 -8.11 4.25 -1.58 -8.11 3.94
5 24 -1.58 -8.11 3.94 -0.82 -6.2 4.17 0 -8.11 4.25 -1.61 -6.04 3.92
3 16 -0.82 -6.2 4.17 -1.58 -8.11 3.94 -1.61 -6.04 3.92
5 24 -1.58 -8.11 3.94 -1.61 -6.04 3.92 -0.82 -6.2 4.17 -2.92 -8.11 3.04
4 16 -1.61 -6.04 3.92 -1.58 -8.11 3.94 -2.92 -8.11 3.04 -2.93 -5.52 3.03
2 24 -2.92 -8.11 3.04 -2.93 -5.52 3.03
4 16 -2.93 -5.52 3.03 -2.92 -8.11 3.04 -3.81 -8.11 1.7 -3.8 -4.96 1.72
5 24 -3.81 -8.11 1.7 -3.8 -4.96 1.72 -2.93 -5.52 3.03 -4.04 -4.77 0.94
3 16 -3.8 -4.96 1.72 -3.81 -8.11 1.7 -4.04 -4.77 0.94
5 24 -3.81 -8.11 1.7 -4.04 -4.77 0.94 -3.8 -4.96 1.72 -4.13 -8.11 0.13
3 16 -3.81 -8.11 1.7 -4.13 -8.11 0.13 -4.04 -4.77 0.94
3 16 -0.79 -19.7 4.17 -1.58 -19.65 3.94 -1.58 -14.36 3.94
5 24 -1.58 -19.65 3.94 -1.58 -14.36 3.94 -0.79 -19.7 4.17 -2.92 -19.5 3.04
5 24 -1.58 -14.36 3.94 -0.79 -19.7 4.17 -1.58 -19.65 3.94 0 -14.36 4.25
4 16 -1.58 -14.36 3.94 -1.58 -19.65 3.94 -2.92 -19.5 3.04 -2.92 -14.36 3.04
5 24 -2.92 -19.5 3.04 -2.92 -14.36 3.04 -1.58 -14.36 3.94 -3.81 -19.35 1.71
4 16 -2.92 -14.36 3.04 -2.92 -19.5 3.04 -3.81 -19.35 1.71 -3.81 -14.36 1.7
5 24 -3.81 -19.35 1.71 -3.81 -14.36 1.7 -2.92 -14.36 3.04 -4.05 -19.3 0.92
3 16 -3.81 -14.36 1.7 -3.81 -19.35 1.71 -4.05 -19.3 0.92
5 24 -4.05 -19.3 0.92 -3.81 -14.36 1.7 -3.81 -19.35 1.71 -4.13 -14.36 0.13
3 16 -3.81 -14.36 1.7 -4.05 -19.3 0.92 -4.13 -14.36 0.13
5 24 -4.05 -19.3 0.92 -4.13 -14.36 0.13 -3.81 -14.36 1.7 -4.13 -19.28 0.13
3 16 -4.13 -14.36 0.13 -4.05 -19.3 0.92 -4.13 -19.28 0.13
5 24 -4.13 -19.28 0.13 -4.13 -14.36 0.13 -4.05 -19.3 0.92 -4.05 -19.3 -0.67
3 16 -4.13 -14.36 0.13 -4.13 -19.28 0.13 -4.05 -19.3 -0.67
5 24 -4.05 -19.3 -0.67 -4.13 -14.36 0.13 -4.13 -19.28 0.13 -3.81 -14.36 -1.45
3 16 -1.58 -14.36 3.94 0 -14.36 4.25 -0.79 -19.7 4.17
5 24 0 -14.36 4.25 -0.79 -19.7 4.17 -1.58 -14.36 3.94 0 -19.72 4.25
3 16 -0.79 -19.7 4.17 0 -14.36 4.25 0 -19.72 4.25
5 24 0 -14.36 4.25 0 -19.72 4.25 -0.79 -19.7 4.17 0.79 -19.7 4.17
3 16 0 -19.72 4.25 0 -14.36 4.25 0.79 -19.7 4.17
5 24 0 -14.36 4.25 0.79 -19.7 4.17 0 -19.72 4.25 1.58 -14.36 3.94
3 16 0.79 -19.7 4.17 0 -14.36 4.25 1.58 -14.36 3.94
5 24 1.58 -14.36 3.94 0.79 -19.7 4.17 0 -14.36 4.25 1.58 -19.65 3.94
3 16 0.79 -19.7 4.17 1.58 -14.36 3.94 1.58 -19.65 3.94
5 24 1.58 -14.36 3.94 1.58 -19.65 3.94 0.79 -19.7 4.17 2.92 -14.36 3.04
4 16 1.58 -19.65 3.94 1.58 -14.36 3.94 2.92 -14.36 3.04 2.92 -19.5 3.04
2 24 2.92 -14.36 3.04 2.92 -19.5 3.04
4 16 2.92 -19.5 3.04 2.92 -14.36 3.04 3.81 -14.36 1.7 3.81 -19.35 1.71
5 24 3.81 -14.36 1.7 3.81 -19.35 1.71 2.92 -19.5 3.04 4.05 -19.3 0.92
3 16 3.81 -19.35 1.71 3.81 -14.36 1.7 4.05 -19.3 0.92
5 24 3.81 -14.36 1.7 4.05 -19.3 0.92 3.81 -19.35 1.71 4.12 -14.36 0.13
3 16 3.81 -14.36 1.7 4.12 -14.36 0.13 4.05 -19.3 0.92
5 24 4.12 -14.36 0.13 4.05 -19.3 0.92 3.81 -14.36 1.7 4.12 -19.28 0.13
3 16 4.05 -19.3 0.92 4.12 -14.36 0.13 4.12 -19.28 0.13
5 24 4.12 -14.36 0.13 4.12 -19.28 0.13 4.05 -19.3 0.92 4.05 -19.3 -0.67
3 16 4.12 -19.28 0.13 4.12 -14.36 0.13 4.05 -19.3 -0.67
5 24 4.12 -14.36 0.13 4.05 -19.3 -0.67 4.12 -19.28 0.13 3.81 -14.36 -1.45
3 16 4.05 -19.3 -0.67 4.12 -14.36 0.13 3.81 -14.36 -1.45
5 24 3.81 -14.36 -1.45 4.05 -19.3 -0.67 4.12 -14.36 0.13 3.81 -19.35 -1.46
3 16 4.05 -19.3 -0.67 3.81 -14.36 -1.45 3.81 -19.35 -1.46
5 24 3.81 -14.36 -1.45 3.81 -19.35 -1.46 4.05 -19.3 -0.67 2.92 -14.36 -2.79
4 16 3.81 -19.35 -1.46 3.81 -14.36 -1.45 2.92 -14.36 -2.79 2.92 -19.5 -2.79
2 24 2.92 -14.36 -2.79 2.92 -19.5 -2.79
4 16 2.92 -19.5 -2.79 2.92 -14.36 -2.79 1.58 -14.36 -3.69 1.58 -19.65 -3.69
5 24 1.58 -14.36 -3.69 1.58 -19.65 -3.69 2.92 -19.5 -2.79 0.79 -19.7 -3.92
3 16 1.58 -19.65 -3.69 1.58 -14.36 -3.69 0.79 -19.7 -3.92
5 24 1.58 -14.36 -3.69 0.79 -19.7 -3.92 1.58 -19.65 -3.69 0 -14.36 -4
3 16 1.58 -14.36 -3.69 0 -14.36 -4 0.79 -19.7 -3.92
5 24 0 -14.36 -4 0.79 -19.7 -3.92 1.58 -14.36 -3.69 0 -19.72 -4
3 16 0.79 -19.7 -3.92 0 -14.36 -4 0 -19.72 -4
5 24 0 -14.36 -4 0 -19.72 -4 0.79 -19.7 -3.92 -0.79 -19.7 -3.92
3 16 0 -19.72 -4 0 -14.36 -4 -0.79 -19.7 -3.92
5 24 0 -14.36 -4 -0.79 -19.7 -3.92 0 -19.72 -4 -1.58 -14.36 -3.69
3 16 -0.79 -19.7 -3.92 0 -14.36 -4 -1.58 -14.36 -3.69
5 24 -1.58 -14.36 -3.69 -0.79 -19.7 -3.92 0 -14.36 -4 -1.58 -19.65 -3.69
3 16 -0.79 -19.7 -3.92 -1.58 -14.36 -3.69 -1.58 -19.65 -3.69
5 24 -1.58 -14.36 -3.69 -1.58 -19.65 -3.69 -0.79 -19.7 -3.92 -2.92 -14.36 -2.79
4 16 -1.58 -19.65 -3.69 -1.58 -14.36 -3.69 -2.92 -14.36 -2.79 -2.92 -19.5 -2.79
2 24 -2.92 -14.36 -2.79 -2.92 -19.5 -2.79
4 16 -2.92 -19.5 -2.79 -2.92 -14.36 -2.79 -3.81 -14.36 -1.45 -3.81 -19.35 -1.46
5 24 -3.81 -14.36 -1.45 -3.81 -19.35 -1.46 -2.92 -19.5 -2.79 -4.05 -19.3 -0.67
3 16 -3.81 -19.35 -1.46 -3.81 -14.36 -1.45 -4.05 -19.3 -0.67
5 24 -3.81 -14.36 -1.45 -4.05 -19.3 -0.67 -3.81 -19.35 -1.46 -4.13 -14.36 0.13
3 16 -3.81 -14.36 -1.45 -4.13 -14.36 0.13 -4.05 -19.3 -0.67
