0 BB Bitbeam Arduino UNO - Pins
0 Name: bb-auno-pin.dat
0 Author: Tomas Feltl (e-Mole.cz)
0 !LDRAW_ORG Unofficial_Part
0 !LICENSE Redistributable under CCAL version 2.0 : see CAreadme.txt

0 BFC CERTIFY CCW

0 // Created with stl2dat conversion tool

4 16 -119.69 20.5 -40.31 -119.69 20.5 -38.44 -118.94 21.25 -39.19 -118.94 21.25 -39.56
2 24 -119.69 20.5 -40.31 -119.69 20.5 -38.44
2 24 -119.69 20.5 -38.44 -118.94 21.25 -39.19
2 24 -118.94 21.25 -39.19 -118.94 21.25 -39.56
2 24 -118.94 21.25 -39.56 -119.69 20.5 -40.31
4 16 -119.69 6.25 -40.31 -117.81 6.25 -40.31 -117.81 6.25 -38.44 -119.69 6.25 -38.44
2 24 -119.69 6.25 -40.31 -117.81 6.25 -40.31
2 24 -117.81 6.25 -40.31 -117.81 6.25 -38.44
2 24 -117.81 6.25 -38.44 -119.69 6.25 -38.44
2 24 -119.69 6.25 -38.44 -119.69 6.25 -40.31
4 16 -118.56 21.25 -39.19 -118.94 21.25 -39.19 -119.69 20.5 -38.44 -117.81 20.5 -38.44
2 24 -118.56 21.25 -39.19 -118.94 21.25 -39.19
2 24 -119.69 20.5 -38.44 -117.81 20.5 -38.44
2 24 -117.81 20.5 -38.44 -118.56 21.25 -39.19
4 16 -117.81 20.5 -40.31 -119.69 20.5 -40.31 -118.94 21.25 -39.56 -118.56 21.25 -39.56
2 24 -117.81 20.5 -40.31 -119.69 20.5 -40.31
2 24 -118.94 21.25 -39.56 -118.56 21.25 -39.56
2 24 -118.56 21.25 -39.56 -117.81 20.5 -40.31
4 16 -117.81 20.5 -38.44 -117.81 20.5 -40.31 -118.56 21.25 -39.56 -118.56 21.25 -39.19
2 24 -117.81 20.5 -38.44 -117.81 20.5 -40.31
2 24 -118.56 21.25 -39.56 -118.56 21.25 -39.19
4 16 -118.94 21.25 -39.56 -118.94 21.25 -39.19 -118.56 21.25 -39.19 -118.56 21.25 -39.56
4 16 -119.69 20.5 -38.44 -119.69 20.5 -40.31 -119.69 6.25 -40.31 -119.69 6.25 -38.44
2 24 -119.69 20.5 -40.31 -119.69 6.25 -40.31
2 24 -119.69 6.25 -38.44 -119.69 20.5 -38.44
4 16 -119.69 6.25 -40.31 -119.69 20.5 -40.31 -117.81 20.5 -40.31 -117.81 6.25 -40.31
2 24 -117.81 20.5 -40.31 -117.81 6.25 -40.31
4 16 -117.81 20.5 -38.44 -119.69 20.5 -38.44 -119.69 6.25 -38.44 -117.81 6.25 -38.44
2 24 -117.81 6.25 -38.44 -117.81 20.5 -38.44
4 16 -117.81 20.5 -40.31 -117.81 20.5 -38.44 -117.81 6.25 -38.44 -117.81 6.25 -40.31
4 16 -113.34 20.5 -38.44 -113.34 20.5 -40.31 -113.34 6.25 -40.31 -113.34 6.25 -38.44
2 24 -113.34 20.5 -38.44 -113.34 20.5 -40.31
2 24 -113.34 20.5 -40.31 -113.34 6.25 -40.31
2 24 -113.34 6.25 -40.31 -113.34 6.25 -38.44
2 24 -113.34 6.25 -38.44 -113.34 20.5 -38.44
4 16 -113.34 6.25 -40.31 -113.34 20.5 -40.31 -111.46 20.5 -40.31 -111.46 6.25 -40.31
2 24 -113.34 20.5 -40.31 -111.46 20.5 -40.31
2 24 -111.46 20.5 -40.31 -111.46 6.25 -40.31
2 24 -111.46 6.25 -40.31 -113.34 6.25 -40.31
4 16 -111.46 6.25 -40.31 -111.46 20.5 -40.31 -111.46 20.5 -38.44 -111.46 6.25 -38.44
2 24 -111.46 20.5 -40.31 -111.46 20.5 -38.44
2 24 -111.46 20.5 -38.44 -111.46 6.25 -38.44
2 24 -111.46 6.25 -38.44 -111.46 6.25 -40.31
4 16 -111.46 20.5 -38.44 -113.34 20.5 -38.44 -113.34 6.25 -38.44 -111.46 6.25 -38.44
2 24 -111.46 20.5 -38.44 -113.34 20.5 -38.44
2 24 -113.34 6.25 -38.44 -111.46 6.25 -38.44
4 16 -112.59 21.25 -39.56 -112.59 21.25 -39.19 -112.21 21.25 -39.19 -112.21 21.25 -39.56
2 24 -112.59 21.25 -39.56 -112.59 21.25 -39.19
2 24 -112.59 21.25 -39.19 -112.21 21.25 -39.19
2 24 -112.21 21.25 -39.19 -112.21 21.25 -39.56
2 24 -112.21 21.25 -39.56 -112.59 21.25 -39.56
4 16 -111.46 20.5 -38.44 -111.46 20.5 -40.31 -112.21 21.25 -39.56 -112.21 21.25 -39.19
2 24 -111.46 20.5 -40.31 -112.21 21.25 -39.56
2 24 -112.21 21.25 -39.19 -111.46 20.5 -38.44
4 16 -111.46 20.5 -40.31 -113.34 20.5 -40.31 -112.59 21.25 -39.56 -112.21 21.25 -39.56
2 24 -113.34 20.5 -40.31 -112.59 21.25 -39.56
4 16 -112.21 21.25 -39.19 -112.59 21.25 -39.19 -113.34 20.5 -38.44 -111.46 20.5 -38.44
2 24 -112.59 21.25 -39.19 -113.34 20.5 -38.44
4 16 -113.34 20.5 -40.31 -113.34 20.5 -38.44 -112.59 21.25 -39.19 -112.59 21.25 -39.56
4 16 -111.46 6.25 -38.44 -113.34 6.25 -38.44 -113.34 6.25 -40.31 -111.46 6.25 -40.31
4 16 -75.14 6.25 -166.39 -75.14 6.25 -164.51 -77.01 6.25 -164.51 -77.01 6.25 -166.39
2 24 -75.14 6.25 -166.39 -75.14 6.25 -164.51
2 24 -75.14 6.25 -164.51 -77.01 6.25 -164.51
2 24 -77.01 6.25 -164.51 -77.01 6.25 -166.39
2 24 -77.01 6.25 -166.39 -75.14 6.25 -166.39
4 16 -76.26 21.25 -165.26 -76.26 21.25 -165.64 -77.01 20.5 -166.39 -77.01 20.5 -164.51
2 24 -76.26 21.25 -165.26 -76.26 21.25 -165.64
2 24 -76.26 21.25 -165.64 -77.01 20.5 -166.39
2 24 -77.01 20.5 -166.39 -77.01 20.5 -164.51
2 24 -77.01 20.5 -164.51 -76.26 21.25 -165.26
4 16 -75.14 20.5 -166.39 -77.01 20.5 -166.39 -76.26 21.25 -165.64 -75.89 21.25 -165.64
2 24 -75.14 20.5 -166.39 -77.01 20.5 -166.39
2 24 -76.26 21.25 -165.64 -75.89 21.25 -165.64
2 24 -75.89 21.25 -165.64 -75.14 20.5 -166.39
4 16 -75.14 20.5 -164.51 -75.14 20.5 -166.39 -75.89 21.25 -165.64 -75.89 21.25 -165.26
2 24 -75.14 20.5 -164.51 -75.14 20.5 -166.39
2 24 -75.89 21.25 -165.64 -75.89 21.25 -165.26
2 24 -75.89 21.25 -165.26 -75.14 20.5 -164.51
4 16 -77.01 20.5 -164.51 -75.14 20.5 -164.51 -75.89 21.25 -165.26 -76.26 21.25 -165.26
2 24 -77.01 20.5 -164.51 -75.14 20.5 -164.51
2 24 -75.89 21.25 -165.26 -76.26 21.25 -165.26
4 16 -75.89 21.25 -165.64 -76.26 21.25 -165.64 -76.26 21.25 -165.26 -75.89 21.25 -165.26
4 16 -75.14 6.25 -166.39 -75.14 20.5 -166.39 -75.14 20.5 -164.51 -75.14 6.25 -164.51
2 24 -75.14 6.25 -166.39 -75.14 20.5 -166.39
2 24 -75.14 20.5 -164.51 -75.14 6.25 -164.51
4 16 -77.01 20.5 -166.39 -75.14 20.5 -166.39 -75.14 6.25 -166.39 -77.01 6.25 -166.39
2 24 -77.01 6.25 -166.39 -77.01 20.5 -166.39
4 16 -77.01 20.5 -164.51 -77.01 20.5 -166.39 -77.01 6.25 -166.39 -77.01 6.25 -164.51
2 24 -77.01 6.25 -164.51 -77.01 20.5 -164.51
4 16 -75.14 20.5 -164.51 -77.01 20.5 -164.51 -77.01 6.25 -164.51 -75.14 6.25 -164.51
4 16 -77.01 20.5 -160.04 -75.14 20.5 -160.04 -75.14 6.25 -160.04 -77.01 6.25 -160.04
2 24 -77.01 20.5 -160.04 -75.14 20.5 -160.04
2 24 -75.14 20.5 -160.04 -75.14 6.25 -160.04
2 24 -75.14 6.25 -160.04 -77.01 6.25 -160.04
2 24 -77.01 6.25 -160.04 -77.01 20.5 -160.04
4 16 -75.14 6.25 -158.16 -75.14 20.5 -158.16 -77.01 20.5 -158.16 -77.01 6.25 -158.16
2 24 -75.14 6.25 -158.16 -75.14 20.5 -158.16
2 24 -75.14 20.5 -158.16 -77.01 20.5 -158.16
2 24 -77.01 20.5 -158.16 -77.01 6.25 -158.16
2 24 -77.01 6.25 -158.16 -75.14 6.25 -158.16
4 16 -75.14 6.25 -160.04 -75.14 20.5 -160.04 -75.14 20.5 -158.16 -75.14 6.25 -158.16
2 24 -75.14 20.5 -160.04 -75.14 20.5 -158.16
2 24 -75.14 6.25 -158.16 -75.14 6.25 -160.04
4 16 -75.89 21.25 -159.29 -76.26 21.25 -159.29 -76.26 21.25 -158.91 -75.89 21.25 -158.91
2 24 -75.89 21.25 -159.29 -76.26 21.25 -159.29
2 24 -76.26 21.25 -159.29 -76.26 21.25 -158.91
2 24 -76.26 21.25 -158.91 -75.89 21.25 -158.91
2 24 -75.89 21.25 -158.91 -75.89 21.25 -159.29
4 16 -77.01 20.5 -158.16 -77.01 20.5 -160.04 -77.01 6.25 -160.04 -77.01 6.25 -158.16
2 24 -77.01 20.5 -158.16 -77.01 20.5 -160.04
2 24 -77.01 6.25 -160.04 -77.01 6.25 -158.16
4 16 -75.14 20.5 -158.16 -75.14 20.5 -160.04 -75.89 21.25 -159.29 -75.89 21.25 -158.91
2 24 -75.14 20.5 -160.04 -75.89 21.25 -159.29
2 24 -75.89 21.25 -158.91 -75.14 20.5 -158.16
4 16 -77.01 20.5 -158.16 -75.14 20.5 -158.16 -75.89 21.25 -158.91 -76.26 21.25 -158.91
2 24 -76.26 21.25 -158.91 -77.01 20.5 -158.16
4 16 -76.26 21.25 -158.91 -76.26 21.25 -159.29 -77.01 20.5 -160.04 -77.01 20.5 -158.16
2 24 -76.26 21.25 -159.29 -77.01 20.5 -160.04
4 16 -77.01 6.25 -158.16 -77.01 6.25 -160.04 -75.14 6.25 -160.04 -75.14 6.25 -158.16
4 16 -75.14 20.5 -160.04 -77.01 20.5 -160.04 -76.26 21.25 -159.29 -75.89 21.25 -159.29
4 16 -68.79 6.25 -166.39 -68.79 6.25 -164.51 -70.66 6.25 -164.51 -70.66 6.25 -166.39
2 24 -68.79 6.25 -166.39 -68.79 6.25 -164.51
2 24 -68.79 6.25 -164.51 -70.66 6.25 -164.51
2 24 -70.66 6.25 -164.51 -70.66 6.25 -166.39
2 24 -70.66 6.25 -166.39 -68.79 6.25 -166.39
4 16 -68.79 20.5 -166.39 -70.66 20.5 -166.39 -69.91 21.25 -165.64 -69.54 21.25 -165.64
2 24 -68.79 20.5 -166.39 -70.66 20.5 -166.39
2 24 -70.66 20.5 -166.39 -69.91 21.25 -165.64
2 24 -69.91 21.25 -165.64 -69.54 21.25 -165.64
2 24 -69.54 21.25 -165.64 -68.79 20.5 -166.39
4 16 -69.91 21.25 -165.26 -69.91 21.25 -165.64 -70.66 20.5 -166.39 -70.66 20.5 -164.51
2 24 -69.91 21.25 -165.26 -69.91 21.25 -165.64
2 24 -70.66 20.5 -166.39 -70.66 20.5 -164.51
2 24 -70.66 20.5 -164.51 -69.91 21.25 -165.26
4 16 -68.79 20.5 -164.51 -68.79 20.5 -166.39 -69.54 21.25 -165.64 -69.54 21.25 -165.26
2 24 -68.79 20.5 -164.51 -68.79 20.5 -166.39
2 24 -69.54 21.25 -165.64 -69.54 21.25 -165.26
2 24 -69.54 21.25 -165.26 -68.79 20.5 -164.51
4 16 -70.66 20.5 -164.51 -68.79 20.5 -164.51 -69.54 21.25 -165.26 -69.91 21.25 -165.26
2 24 -70.66 20.5 -164.51 -68.79 20.5 -164.51
2 24 -69.54 21.25 -165.26 -69.91 21.25 -165.26
4 16 -69.54 21.25 -165.64 -69.91 21.25 -165.64 -69.91 21.25 -165.26 -69.54 21.25 -165.26
4 16 -68.79 6.25 -166.39 -68.79 20.5 -166.39 -68.79 20.5 -164.51 -68.79 6.25 -164.51
2 24 -68.79 6.25 -166.39 -68.79 20.5 -166.39
2 24 -68.79 20.5 -164.51 -68.79 6.25 -164.51
4 16 -70.66 20.5 -166.39 -68.79 20.5 -166.39 -68.79 6.25 -166.39 -70.66 6.25 -166.39
2 24 -70.66 6.25 -166.39 -70.66 20.5 -166.39
4 16 -70.66 20.5 -164.51 -70.66 20.5 -166.39 -70.66 6.25 -166.39 -70.66 6.25 -164.51
2 24 -70.66 6.25 -164.51 -70.66 20.5 -164.51
4 16 -68.79 20.5 -164.51 -70.66 20.5 -164.51 -70.66 6.25 -164.51 -68.79 6.25 -164.51
4 16 -70.66 20.5 -160.04 -68.79 20.5 -160.04 -68.79 6.25 -160.04 -70.66 6.25 -160.04
2 24 -70.66 20.5 -160.04 -68.79 20.5 -160.04
2 24 -68.79 20.5 -160.04 -68.79 6.25 -160.04
2 24 -68.79 6.25 -160.04 -70.66 6.25 -160.04
2 24 -70.66 6.25 -160.04 -70.66 20.5 -160.04
4 16 -68.79 6.25 -160.04 -68.79 20.5 -160.04 -68.79 20.5 -158.16 -68.79 6.25 -158.16
2 24 -68.79 20.5 -160.04 -68.79 20.5 -158.16
2 24 -68.79 20.5 -158.16 -68.79 6.25 -158.16
2 24 -68.79 6.25 -158.16 -68.79 6.25 -160.04
4 16 -68.79 6.25 -158.16 -68.79 20.5 -158.16 -70.66 20.5 -158.16 -70.66 6.25 -158.16
2 24 -68.79 20.5 -158.16 -70.66 20.5 -158.16
2 24 -70.66 20.5 -158.16 -70.66 6.25 -158.16
2 24 -70.66 6.25 -158.16 -68.79 6.25 -158.16
4 16 -70.66 20.5 -158.16 -70.66 20.5 -160.04 -70.66 6.25 -160.04 -70.66 6.25 -158.16
2 24 -70.66 20.5 -158.16 -70.66 20.5 -160.04
2 24 -70.66 6.25 -160.04 -70.66 6.25 -158.16
4 16 -70.66 20.5 -158.16 -68.79 20.5 -158.16 -69.54 21.25 -158.91 -69.91 21.25 -158.91
2 24 -68.79 20.5 -158.16 -69.54 21.25 -158.91
2 24 -69.54 21.25 -158.91 -69.91 21.25 -158.91
2 24 -69.91 21.25 -158.91 -70.66 20.5 -158.16
4 16 -69.54 21.25 -159.29 -69.91 21.25 -159.29 -69.91 21.25 -158.91 -69.54 21.25 -158.91
2 24 -69.54 21.25 -159.29 -69.91 21.25 -159.29
2 24 -69.91 21.25 -159.29 -69.91 21.25 -158.91
2 24 -69.54 21.25 -158.91 -69.54 21.25 -159.29
4 16 -68.79 20.5 -158.16 -68.79 20.5 -160.04 -69.54 21.25 -159.29 -69.54 21.25 -158.91
2 24 -68.79 20.5 -160.04 -69.54 21.25 -159.29
4 16 -69.91 21.25 -158.91 -69.91 21.25 -159.29 -70.66 20.5 -160.04 -70.66 20.5 -158.16
2 24 -69.91 21.25 -159.29 -70.66 20.5 -160.04
4 16 -68.79 20.5 -160.04 -70.66 20.5 -160.04 -69.91 21.25 -159.29 -69.54 21.25 -159.29
4 16 -70.66 6.25 -158.16 -70.66 6.25 -160.04 -68.79 6.25 -160.04 -68.79 6.25 -158.16
4 16 -62.44 6.25 -166.39 -62.44 6.25 -164.51 -64.31 6.25 -164.51 -64.31 6.25 -166.39
2 24 -62.44 6.25 -166.39 -62.44 6.25 -164.51
2 24 -62.44 6.25 -164.51 -64.31 6.25 -164.51
2 24 -64.31 6.25 -164.51 -64.31 6.25 -166.39
2 24 -64.31 6.25 -166.39 -62.44 6.25 -166.39
4 16 -63.56 21.25 -165.26 -63.56 21.25 -165.64 -64.31 20.5 -166.39 -64.31 20.5 -164.51
2 24 -63.56 21.25 -165.26 -63.56 21.25 -165.64
2 24 -63.56 21.25 -165.64 -64.31 20.5 -166.39
2 24 -64.31 20.5 -166.39 -64.31 20.5 -164.51
2 24 -64.31 20.5 -164.51 -63.56 21.25 -165.26
4 16 -62.44 20.5 -166.39 -64.31 20.5 -166.39 -63.56 21.25 -165.64 -63.19 21.25 -165.64
2 24 -62.44 20.5 -166.39 -64.31 20.5 -166.39
2 24 -63.56 21.25 -165.64 -63.19 21.25 -165.64
2 24 -63.19 21.25 -165.64 -62.44 20.5 -166.39
4 16 -62.44 20.5 -164.51 -62.44 20.5 -166.39 -63.19 21.25 -165.64 -63.19 21.25 -165.26
2 24 -62.44 20.5 -164.51 -62.44 20.5 -166.39
2 24 -63.19 21.25 -165.64 -63.19 21.25 -165.26
2 24 -63.19 21.25 -165.26 -62.44 20.5 -164.51
4 16 -64.31 20.5 -164.51 -62.44 20.5 -164.51 -63.19 21.25 -165.26 -63.56 21.25 -165.26
2 24 -64.31 20.5 -164.51 -62.44 20.5 -164.51
2 24 -63.19 21.25 -165.26 -63.56 21.25 -165.26
4 16 -63.19 21.25 -165.64 -63.56 21.25 -165.64 -63.56 21.25 -165.26 -63.19 21.25 -165.26
4 16 -62.44 6.25 -166.39 -62.44 20.5 -166.39 -62.44 20.5 -164.51 -62.44 6.25 -164.51
2 24 -62.44 6.25 -166.39 -62.44 20.5 -166.39
2 24 -62.44 20.5 -164.51 -62.44 6.25 -164.51
4 16 -64.31 20.5 -166.39 -62.44 20.5 -166.39 -62.44 6.25 -166.39 -64.31 6.25 -166.39
2 24 -64.31 6.25 -166.39 -64.31 20.5 -166.39
4 16 -64.31 20.5 -164.51 -64.31 20.5 -166.39 -64.31 6.25 -166.39 -64.31 6.25 -164.51
2 24 -64.31 6.25 -164.51 -64.31 20.5 -164.51
4 16 -62.44 20.5 -164.51 -64.31 20.5 -164.51 -64.31 6.25 -164.51 -62.44 6.25 -164.51
4 16 -64.31 20.5 -160.04 -62.44 20.5 -160.04 -62.44 6.25 -160.04 -64.31 6.25 -160.04
2 24 -64.31 20.5 -160.04 -62.44 20.5 -160.04
2 24 -62.44 20.5 -160.04 -62.44 6.25 -160.04
2 24 -62.44 6.25 -160.04 -64.31 6.25 -160.04
2 24 -64.31 6.25 -160.04 -64.31 20.5 -160.04
4 16 -62.44 6.25 -160.04 -62.44 20.5 -160.04 -62.44 20.5 -158.16 -62.44 6.25 -158.16
2 24 -62.44 20.5 -160.04 -62.44 20.5 -158.16
2 24 -62.44 20.5 -158.16 -62.44 6.25 -158.16
2 24 -62.44 6.25 -158.16 -62.44 6.25 -160.04
4 16 -62.44 6.25 -158.16 -62.44 20.5 -158.16 -64.31 20.5 -158.16 -64.31 6.25 -158.16
2 24 -62.44 20.5 -158.16 -64.31 20.5 -158.16
2 24 -64.31 20.5 -158.16 -64.31 6.25 -158.16
2 24 -64.31 6.25 -158.16 -62.44 6.25 -158.16
4 16 -64.31 20.5 -158.16 -64.31 20.5 -160.04 -64.31 6.25 -160.04 -64.31 6.25 -158.16
2 24 -64.31 20.5 -158.16 -64.31 20.5 -160.04
2 24 -64.31 6.25 -160.04 -64.31 6.25 -158.16
4 16 -63.19 21.25 -159.29 -63.56 21.25 -159.29 -63.56 21.25 -158.91 -63.19 21.25 -158.91
2 24 -63.19 21.25 -159.29 -63.56 21.25 -159.29
2 24 -63.56 21.25 -159.29 -63.56 21.25 -158.91
2 24 -63.56 21.25 -158.91 -63.19 21.25 -158.91
2 24 -63.19 21.25 -158.91 -63.19 21.25 -159.29
4 16 -64.31 20.5 -158.16 -62.44 20.5 -158.16 -63.19 21.25 -158.91 -63.56 21.25 -158.91
2 24 -62.44 20.5 -158.16 -63.19 21.25 -158.91
2 24 -63.56 21.25 -158.91 -64.31 20.5 -158.16
4 16 -63.56 21.25 -158.91 -63.56 21.25 -159.29 -64.31 20.5 -160.04 -64.31 20.5 -158.16
2 24 -63.56 21.25 -159.29 -64.31 20.5 -160.04
4 16 -62.44 20.5 -158.16 -62.44 20.5 -160.04 -63.19 21.25 -159.29 -63.19 21.25 -158.91
2 24 -62.44 20.5 -160.04 -63.19 21.25 -159.29
4 16 -64.31 6.25 -158.16 -64.31 6.25 -160.04 -62.44 6.25 -160.04 -62.44 6.25 -158.16
4 16 -62.44 20.5 -160.04 -64.31 20.5 -160.04 -63.56 21.25 -159.29 -63.19 21.25 -159.29
4 16 -119.69 6.25 -46.66 -117.81 6.25 -46.66 -117.81 6.25 -44.79 -119.69 6.25 -44.79
2 24 -119.69 6.25 -46.66 -117.81 6.25 -46.66
2 24 -117.81 6.25 -46.66 -117.81 6.25 -44.79
2 24 -117.81 6.25 -44.79 -119.69 6.25 -44.79
2 24 -119.69 6.25 -44.79 -119.69 6.25 -46.66
4 16 -118.56 21.25 -45.54 -118.94 21.25 -45.54 -119.69 20.5 -44.79 -117.81 20.5 -44.79
2 24 -118.56 21.25 -45.54 -118.94 21.25 -45.54
2 24 -118.94 21.25 -45.54 -119.69 20.5 -44.79
2 24 -119.69 20.5 -44.79 -117.81 20.5 -44.79
2 24 -117.81 20.5 -44.79 -118.56 21.25 -45.54
4 16 -119.69 20.5 -46.66 -119.69 20.5 -44.79 -118.94 21.25 -45.54 -118.94 21.25 -45.91
2 24 -119.69 20.5 -46.66 -119.69 20.5 -44.79
2 24 -118.94 21.25 -45.54 -118.94 21.25 -45.91
2 24 -118.94 21.25 -45.91 -119.69 20.5 -46.66
4 16 -117.81 20.5 -46.66 -119.69 20.5 -46.66 -118.94 21.25 -45.91 -118.56 21.25 -45.91
2 24 -117.81 20.5 -46.66 -119.69 20.5 -46.66
2 24 -118.94 21.25 -45.91 -118.56 21.25 -45.91
2 24 -118.56 21.25 -45.91 -117.81 20.5 -46.66
4 16 -117.81 20.5 -44.79 -117.81 20.5 -46.66 -118.56 21.25 -45.91 -118.56 21.25 -45.54
2 24 -117.81 20.5 -44.79 -117.81 20.5 -46.66
2 24 -118.56 21.25 -45.91 -118.56 21.25 -45.54
4 16 -119.69 6.25 -46.66 -119.69 20.5 -46.66 -117.81 20.5 -46.66 -117.81 6.25 -46.66
2 24 -119.69 6.25 -46.66 -119.69 20.5 -46.66
2 24 -117.81 20.5 -46.66 -117.81 6.25 -46.66
4 16 -118.94 21.25 -45.91 -118.94 21.25 -45.54 -118.56 21.25 -45.54 -118.56 21.25 -45.91
4 16 -119.69 20.5 -44.79 -119.69 20.5 -46.66 -119.69 6.25 -46.66 -119.69 6.25 -44.79
2 24 -119.69 6.25 -44.79 -119.69 20.5 -44.79
4 16 -117.81 20.5 -44.79 -119.69 20.5 -44.79 -119.69 6.25 -44.79 -117.81 6.25 -44.79
2 24 -117.81 6.25 -44.79 -117.81 20.5 -44.79
4 16 -117.81 20.5 -46.66 -117.81 20.5 -44.79 -117.81 6.25 -44.79 -117.81 6.25 -46.66
4 16 -113.34 6.25 -46.66 -113.34 20.5 -46.66 -111.46 20.5 -46.66 -111.46 6.25 -46.66
2 24 -113.34 6.25 -46.66 -113.34 20.5 -46.66
2 24 -113.34 20.5 -46.66 -111.46 20.5 -46.66
2 24 -111.46 20.5 -46.66 -111.46 6.25 -46.66
2 24 -111.46 6.25 -46.66 -113.34 6.25 -46.66
4 16 -113.34 20.5 -44.79 -113.34 20.5 -46.66 -113.34 6.25 -46.66 -113.34 6.25 -44.79
2 24 -113.34 20.5 -44.79 -113.34 20.5 -46.66
2 24 -113.34 6.25 -46.66 -113.34 6.25 -44.79
2 24 -113.34 6.25 -44.79 -113.34 20.5 -44.79
4 16 -111.46 6.25 -46.66 -111.46 20.5 -46.66 -111.46 20.5 -44.79 -111.46 6.25 -44.79
2 24 -111.46 20.5 -46.66 -111.46 20.5 -44.79
2 24 -111.46 20.5 -44.79 -111.46 6.25 -44.79
2 24 -111.46 6.25 -44.79 -111.46 6.25 -46.66
4 16 -111.46 20.5 -44.79 -113.34 20.5 -44.79 -113.34 6.25 -44.79 -111.46 6.25 -44.79
2 24 -111.46 20.5 -44.79 -113.34 20.5 -44.79
2 24 -113.34 6.25 -44.79 -111.46 6.25 -44.79
4 16 -112.59 21.25 -45.91 -112.59 21.25 -45.54 -112.21 21.25 -45.54 -112.21 21.25 -45.91
2 24 -112.59 21.25 -45.91 -112.59 21.25 -45.54
2 24 -112.59 21.25 -45.54 -112.21 21.25 -45.54
2 24 -112.21 21.25 -45.54 -112.21 21.25 -45.91
2 24 -112.21 21.25 -45.91 -112.59 21.25 -45.91
4 16 -112.21 21.25 -45.54 -112.59 21.25 -45.54 -113.34 20.5 -44.79 -111.46 20.5 -44.79
2 24 -112.59 21.25 -45.54 -113.34 20.5 -44.79
2 24 -111.46 20.5 -44.79 -112.21 21.25 -45.54
4 16 -111.46 20.5 -46.66 -113.34 20.5 -46.66 -112.59 21.25 -45.91 -112.21 21.25 -45.91
2 24 -113.34 20.5 -46.66 -112.59 21.25 -45.91
2 24 -112.21 21.25 -45.91 -111.46 20.5 -46.66
4 16 -113.34 20.5 -46.66 -113.34 20.5 -44.79 -112.59 21.25 -45.54 -112.59 21.25 -45.91
4 16 -111.46 20.5 -44.79 -111.46 20.5 -46.66 -112.21 21.25 -45.91 -112.21 21.25 -45.54
4 16 -111.46 6.25 -44.79 -113.34 6.25 -44.79 -113.34 6.25 -46.66 -111.46 6.25 -46.66
4 16 -119.69 20.5 -53.01 -119.69 20.5 -51.14 -118.94 21.25 -51.89 -118.94 21.25 -52.26
2 24 -119.69 20.5 -53.01 -119.69 20.5 -51.14
2 24 -119.69 20.5 -51.14 -118.94 21.25 -51.89
2 24 -118.94 21.25 -51.89 -118.94 21.25 -52.26
2 24 -118.94 21.25 -52.26 -119.69 20.5 -53.01
4 16 -119.69 6.25 -53.01 -117.81 6.25 -53.01 -117.81 6.25 -51.14 -119.69 6.25 -51.14
2 24 -119.69 6.25 -53.01 -117.81 6.25 -53.01
2 24 -117.81 6.25 -53.01 -117.81 6.25 -51.14
2 24 -117.81 6.25 -51.14 -119.69 6.25 -51.14
2 24 -119.69 6.25 -51.14 -119.69 6.25 -53.01
4 16 -118.56 21.25 -51.89 -118.94 21.25 -51.89 -119.69 20.5 -51.14 -117.81 20.5 -51.14
2 24 -118.56 21.25 -51.89 -118.94 21.25 -51.89
2 24 -119.69 20.5 -51.14 -117.81 20.5 -51.14
2 24 -117.81 20.5 -51.14 -118.56 21.25 -51.89
4 16 -117.81 20.5 -53.01 -119.69 20.5 -53.01 -118.94 21.25 -52.26 -118.56 21.25 -52.26
2 24 -117.81 20.5 -53.01 -119.69 20.5 -53.01
2 24 -118.94 21.25 -52.26 -118.56 21.25 -52.26
2 24 -118.56 21.25 -52.26 -117.81 20.5 -53.01
4 16 -117.81 20.5 -51.14 -117.81 20.5 -53.01 -118.56 21.25 -52.26 -118.56 21.25 -51.89
2 24 -117.81 20.5 -51.14 -117.81 20.5 -53.01
2 24 -118.56 21.25 -52.26 -118.56 21.25 -51.89
4 16 -118.94 21.25 -52.26 -118.94 21.25 -51.89 -118.56 21.25 -51.89 -118.56 21.25 -52.26
4 16 -119.69 20.5 -51.14 -119.69 20.5 -53.01 -119.69 6.25 -53.01 -119.69 6.25 -51.14
2 24 -119.69 20.5 -53.01 -119.69 6.25 -53.01
2 24 -119.69 6.25 -51.14 -119.69 20.5 -51.14
4 16 -119.69 6.25 -53.01 -119.69 20.5 -53.01 -117.81 20.5 -53.01 -117.81 6.25 -53.01
2 24 -117.81 20.5 -53.01 -117.81 6.25 -53.01
4 16 -117.81 20.5 -51.14 -119.69 20.5 -51.14 -119.69 6.25 -51.14 -117.81 6.25 -51.14
2 24 -117.81 6.25 -51.14 -117.81 20.5 -51.14
4 16 -117.81 20.5 -53.01 -117.81 20.5 -51.14 -117.81 6.25 -51.14 -117.81 6.25 -53.01
4 16 -113.34 20.5 -51.14 -113.34 20.5 -53.01 -113.34 6.25 -53.01 -113.34 6.25 -51.14
2 24 -113.34 20.5 -51.14 -113.34 20.5 -53.01
2 24 -113.34 20.5 -53.01 -113.34 6.25 -53.01
2 24 -113.34 6.25 -53.01 -113.34 6.25 -51.14
2 24 -113.34 6.25 -51.14 -113.34 20.5 -51.14
4 16 -111.46 6.25 -53.01 -111.46 20.5 -53.01 -111.46 20.5 -51.14 -111.46 6.25 -51.14
2 24 -111.46 6.25 -53.01 -111.46 20.5 -53.01
2 24 -111.46 20.5 -53.01 -111.46 20.5 -51.14
2 24 -111.46 20.5 -51.14 -111.46 6.25 -51.14
2 24 -111.46 6.25 -51.14 -111.46 6.25 -53.01
4 16 -113.34 6.25 -53.01 -113.34 20.5 -53.01 -111.46 20.5 -53.01 -111.46 6.25 -53.01
2 24 -113.34 20.5 -53.01 -111.46 20.5 -53.01
2 24 -111.46 6.25 -53.01 -113.34 6.25 -53.01
4 16 -112.59 21.25 -52.26 -112.59 21.25 -51.89 -112.21 21.25 -51.89 -112.21 21.25 -52.26
2 24 -112.59 21.25 -52.26 -112.59 21.25 -51.89
2 24 -112.59 21.25 -51.89 -112.21 21.25 -51.89
2 24 -112.21 21.25 -51.89 -112.21 21.25 -52.26
2 24 -112.21 21.25 -52.26 -112.59 21.25 -52.26
4 16 -111.46 20.5 -51.14 -113.34 20.5 -51.14 -113.34 6.25 -51.14 -111.46 6.25 -51.14
2 24 -111.46 20.5 -51.14 -113.34 20.5 -51.14
2 24 -113.34 6.25 -51.14 -111.46 6.25 -51.14
4 16 -111.46 20.5 -51.14 -111.46 20.5 -53.01 -112.21 21.25 -52.26 -112.21 21.25 -51.89
2 24 -111.46 20.5 -53.01 -112.21 21.25 -52.26
2 24 -112.21 21.25 -51.89 -111.46 20.5 -51.14
4 16 -112.21 21.25 -51.89 -112.59 21.25 -51.89 -113.34 20.5 -51.14 -111.46 20.5 -51.14
2 24 -112.59 21.25 -51.89 -113.34 20.5 -51.14
4 16 -113.34 20.5 -53.01 -113.34 20.5 -51.14 -112.59 21.25 -51.89 -112.59 21.25 -52.26
2 24 -112.59 21.25 -52.26 -113.34 20.5 -53.01
4 16 -111.46 20.5 -53.01 -113.34 20.5 -53.01 -112.59 21.25 -52.26 -112.21 21.25 -52.26
4 16 -111.46 6.25 -51.14 -113.34 6.25 -51.14 -113.34 6.25 -53.01 -111.46 6.25 -53.01
