0 Bitbeam Servo small flange 10 x  8
0 Name: bb-adp-srv-10x8-sm.dat
0 Author: Tomas Feltl (e-Mole.cz)
0 !LDRAW_ORG Unofficial_Part
0 !LICENSE Redistributable under CCAL version 2.0 : see CAreadme.txt

0 BFC CERTIFY CCW

0 // Created with stl2dat conversion tool
0 BFC INVERTNEXT
1 16 0 0 0 -5 0 0 0 0 5 0 6.25 0 4-4cyli.dat
1 16 0 0 0 -5 0 0 0 0 5 0 1 0 4-4edge.dat
1 16 0 0 6.25 -5 0 0 0 0 5 0 1 0 4-4edge.dat
0 BFC INVERTNEXT
1 16 0 0 6.25 1.82 0 1.53 1.53 0 -1.82 0 3.75 0 4-4cyli.dat
1 16 0 0 6.25 1.82 0 1.53 1.53 0 -1.82 0 1 0 4-4edge.dat
1 16 0 0 10 1.82 0 1.53 1.53 0 -1.82 0 1 0 4-4edge.dat

3 16 1.1 2.11 10 1.82 1.53 10 12.5 10 10
3 16 12.5 10 10 1.82 1.53 10 2.27 0.71 10
3 16 12.5 10 10 2.27 0.71 10 2.37 -0.21 10
4 16 12.5 10 10 2.37 -0.21 10 2.11 -1.1 10 12.5 -10 10
2 24 12.5 -10 10 12.5 10 10
3 16 12.5 -10 10 2.11 -1.1 10 1.53 -1.82 10
3 16 1.53 -1.82 10 0.71 -2.27 10 12.5 -10 10
3 16 12.5 -10 10 0.71 -2.27 10 -0.21 -2.37 10
4 16 12.5 -10 10 -0.21 -2.37 10 -1.1 -2.11 10 -12.5 -10 10
2 24 12.5 -10 10 -12.5 -10 10
3 16 -12.5 -10 10 -1.1 -2.11 10 -1.82 -1.53 10
3 16 -1.82 -1.53 10 -2.27 -0.71 10 -12.5 -10 10
3 16 -12.5 -10 10 -2.27 -0.71 10 -2.37 0.21 10
4 16 -12.5 -10 10 -2.37 0.21 10 -2.11 1.1 10 -12.5 10 10
2 24 -12.5 10 10 -12.5 -10 10
3 16 -12.5 10 10 -2.11 1.1 10 -1.53 1.82 10
3 16 -1.53 1.82 10 -0.71 2.27 10 -12.5 10 10
3 16 -12.5 10 10 -0.71 2.27 10 0.21 2.37 10
4 16 -12.5 10 10 0.21 2.37 10 1.1 2.11 10 12.5 10 10
2 24 -12.5 10 10 12.5 10 10

4 16 -4.62 1.91 6.25 -2.37 0.21 6.25 -2.27 -0.71 6.25 -5 0 6.25
4 16 -5 0 6.25 -2.27 -0.71 6.25 -1.82 -1.53 6.25 -4.62 -1.91 6.25
4 16 -4.62 -1.91 6.25 -1.82 -1.53 6.25 -1.1 -2.11 6.25 -3.54 -3.54 6.25
4 16 -3.54 -3.54 6.25 -1.1 -2.11 6.25 -0.21 -2.37 6.25 -1.91 -4.62 6.25
4 16 -1.91 -4.62 6.25 -0.21 -2.37 6.25 0.71 -2.27 6.25 0 -5 6.25
4 16 0 -5 6.25 0.71 -2.27 6.25 1.53 -1.82 6.25 1.91 -4.62 6.25
4 16 1.91 -4.62 6.25 1.53 -1.82 6.25 2.11 -1.1 6.25 3.54 -3.54 6.25
4 16 3.54 -3.54 6.25 2.11 -1.1 6.25 2.37 -0.21 6.25 4.62 -1.91 6.25
4 16 4.62 -1.91 6.25 2.37 -0.21 6.25 2.27 0.71 6.25 5 0 6.25
4 16 5 0 6.25 2.27 0.71 6.25 1.82 1.53 6.25 4.62 1.91 6.25
4 16 4.62 1.91 6.25 1.82 1.53 6.25 1.1 2.11 6.25 3.54 3.54 6.25
4 16 3.54 3.54 6.25 1.1 2.11 6.25 0.21 2.37 6.25 1.91 4.62 6.25
4 16 1.91 4.62 6.25 0.21 2.37 6.25 -0.71 2.27 6.25 0 5 6.25
4 16 0 5 6.25 -0.71 2.27 6.25 -1.53 1.82 6.25 -1.91 4.62 6.25
4 16 -1.91 4.62 6.25 -1.53 1.82 6.25 -2.11 1.1 6.25 -3.54 3.54 6.25
4 16 -3.54 3.54 6.25 -2.11 1.1 6.25 -2.37 0.21 6.25 -4.62 1.91 6.25

3 16 -4.62 -1.91 0 -12.5 -10 0 -5 0 0
4 16 -5 0 0 -12.5 -10 0 -12.5 10 0 -4.62 1.91 0
2 24 -12.5 -10 0 -12.5 10 0
3 16 -4.62 1.91 0 -12.5 10 0 -3.54 3.54 0
3 16 -4.62 -1.91 0 -3.54 -3.54 0 -12.5 -10 0
3 16 -12.5 -10 0 -3.54 -3.54 0 -1.91 -4.62 0
3 16 -12.5 -10 0 -1.91 -4.62 0 0 -5 0
4 16 -12.5 -10 0 0 -5 0 1.91 -4.62 0 12.5 -10 0
2 24 12.5 -10 0 -12.5 -10 0
3 16 12.5 -10 0 1.91 -4.62 0 3.54 -3.54 0
3 16 3.54 -3.54 0 4.62 -1.91 0 12.5 -10 0
3 16 12.5 -10 0 4.62 -1.91 0 5 0 0
4 16 12.5 -10 0 5 0 0 4.62 1.91 0 12.5 10 0
2 24 12.5 10 0 12.5 -10 0
3 16 12.5 10 0 4.62 1.91 0 3.54 3.54 0
3 16 3.54 3.54 0 1.91 4.62 0 12.5 10 0
3 16 12.5 10 0 1.91 4.62 0 0 5 0
4 16 12.5 10 0 0 5 0 -1.91 4.62 0 -12.5 10 0
2 24 -12.5 10 0 12.5 10 0
3 16 -12.5 10 0 -1.91 4.62 0 -3.54 3.54 0

4 16 -12.5 -10 0 12.5 -10 0 12.5 -10 10 -12.5 -10 10
2 24 12.5 -10 0 12.5 -10 10
2 24 -12.5 -10 10 -12.5 -10 0
4 16 12.5 10 0 -12.5 10 0 -12.5 10 10 12.5 10 10
2 24 -12.5 10 0 -12.5 10 10
2 24 12.5 10 10 12.5 10 0
4 16 12.5 -10 0 12.5 10 0 12.5 10 10 12.5 -10 10
4 16 -12.5 10 0 -12.5 -10 0 -12.5 -10 10 -12.5 10 10
