0 Bitbeam Axle 137
0 Name: bb-ax-137.dat
0 Author: Tomas Feltl (e-Mole.cz)
0 !LDRAW_ORG Unofficial_Part
0 !LICENSE Redistributable under CCAL version 2.0 : see CAreadme.txt

0 BFC CERTIFY CCW

0 // Created with stl2dat conversion tool

4 9 -171.25 -5.87 -1.22 -171.25 -5.99 0.41 -171.25 -5.65 2.01 -171.25 -5.33 -2.76
2 24 -171.25 -5.87 -1.22 -171.25 -5.99 0.41
2 24 -171.25 -5.99 0.41 -171.25 -5.65 2.01
2 24 -171.25 -5.33 -2.76 -171.25 -5.87 -1.22
3 9 -171.25 -5.33 -2.76 -171.25 -5.65 2.01 -171.25 -4.9 3.46
2 24 -171.25 -5.65 2.01 -171.25 -4.9 3.46
4 9 -171.25 -5.33 -2.76 -171.25 -4.9 3.46 -171.25 -3.79 4.65 -171.25 -4.39 -4.1
2 24 -171.25 -4.9 3.46 -171.25 -3.79 4.65
2 24 -171.25 -4.39 -4.1 -171.25 -5.33 -2.76
4 9 -171.25 -4.39 -4.1 -171.25 -3.79 4.65 -171.25 -2.39 5.5 -171.25 -3.12 -5.13
2 24 -171.25 -3.79 4.65 -171.25 -2.39 5.5
2 24 -171.25 -3.12 -5.13 -171.25 -4.39 -4.1
4 9 -171.25 -3.12 -5.13 -171.25 -2.39 5.5 -171.25 -0.82 5.94 -171.25 -1.62 -5.78
2 24 -171.25 -2.39 5.5 -171.25 -0.82 5.94
2 24 -171.25 -1.62 -5.78 -171.25 -3.12 -5.13
4 9 -171.25 -1.62 -5.78 -171.25 -0.82 5.94 -171.25 0.82 5.94 -171.25 0 -6
2 24 -171.25 -0.82 5.94 -171.25 0.82 5.94
2 24 -171.25 0 -6 -171.25 -1.62 -5.78
4 9 -171.25 0 -6 -171.25 0.82 5.94 -171.25 2.39 5.5 -171.25 1.62 -5.78
2 24 -171.25 0.82 5.94 -171.25 2.39 5.5
2 24 -171.25 1.62 -5.78 -171.25 0 -6
4 9 -171.25 1.62 -5.78 -171.25 2.39 5.5 -171.25 3.79 4.65 -171.25 3.12 -5.13
2 24 -171.25 2.39 5.5 -171.25 3.79 4.65
2 24 -171.25 3.12 -5.13 -171.25 1.62 -5.78
4 9 -171.25 3.12 -5.13 -171.25 3.79 4.65 -171.25 4.9 3.46 -171.25 4.39 -4.1
2 24 -171.25 3.79 4.65 -171.25 4.9 3.46
2 24 -171.25 4.39 -4.1 -171.25 3.12 -5.13
4 9 -171.25 4.39 -4.1 -171.25 4.9 3.46 -171.25 5.65 2.01 -171.25 5.33 -2.76
2 24 -171.25 4.9 3.46 -171.25 5.65 2.01
2 24 -171.25 5.33 -2.76 -171.25 4.39 -4.1
4 9 -171.25 5.33 -2.76 -171.25 5.65 2.01 -171.25 5.99 0.41 -171.25 5.87 -1.22
2 24 -171.25 5.65 2.01 -171.25 5.99 0.41
2 24 -171.25 5.99 0.41 -171.25 5.87 -1.22
2 24 -171.25 5.87 -1.22 -171.25 5.33 -2.76

4 9 171.25 -5.87 1.22 171.25 -5.99 -0.41 171.25 -5.65 -2.01 171.25 -5.33 2.76
2 24 171.25 -5.87 1.22 171.25 -5.99 -0.41
2 24 171.25 -5.99 -0.41 171.25 -5.65 -2.01
2 24 171.25 -5.33 2.76 171.25 -5.87 1.22
3 9 171.25 -5.33 2.76 171.25 -5.65 -2.01 171.25 -4.9 -3.46
2 24 171.25 -5.65 -2.01 171.25 -4.9 -3.46
4 9 171.25 -5.33 2.76 171.25 -4.9 -3.46 171.25 -3.79 -4.65 171.25 -4.39 4.1
2 24 171.25 -4.9 -3.46 171.25 -3.79 -4.65
2 24 171.25 -4.39 4.1 171.25 -5.33 2.76
4 9 171.25 -4.39 4.1 171.25 -3.79 -4.65 171.25 -2.39 -5.5 171.25 -3.12 5.13
2 24 171.25 -3.79 -4.65 171.25 -2.39 -5.5
2 24 171.25 -3.12 5.13 171.25 -4.39 4.1
4 9 171.25 -3.12 5.13 171.25 -2.39 -5.5 171.25 -0.82 -5.94 171.25 -1.62 5.78
2 24 171.25 -2.39 -5.5 171.25 -0.82 -5.94
2 24 171.25 -1.62 5.78 171.25 -3.12 5.13
4 9 171.25 -1.62 5.78 171.25 -0.82 -5.94 171.25 0.82 -5.94 171.25 0 6
2 24 171.25 -0.82 -5.94 171.25 0.82 -5.94
2 24 171.25 0 6 171.25 -1.62 5.78
4 9 171.25 0 6 171.25 0.82 -5.94 171.25 2.39 -5.5 171.25 1.62 5.78
2 24 171.25 0.82 -5.94 171.25 2.39 -5.5
2 24 171.25 1.62 5.78 171.25 0 6
4 9 171.25 1.62 5.78 171.25 2.39 -5.5 171.25 3.79 -4.65 171.25 3.12 5.13
2 24 171.25 2.39 -5.5 171.25 3.79 -4.65
2 24 171.25 3.12 5.13 171.25 1.62 5.78
4 9 171.25 3.12 5.13 171.25 3.79 -4.65 171.25 4.9 -3.46 171.25 4.39 4.1
2 24 171.25 3.79 -4.65 171.25 4.9 -3.46
2 24 171.25 4.39 4.1 171.25 3.12 5.13
4 9 171.25 4.39 4.1 171.25 4.9 -3.46 171.25 5.65 -2.01 171.25 5.33 2.76
2 24 171.25 4.9 -3.46 171.25 5.65 -2.01
2 24 171.25 5.33 2.76 171.25 4.39 4.1
4 9 171.25 5.33 2.76 171.25 5.65 -2.01 171.25 5.99 -0.41 171.25 5.87 1.22
2 24 171.25 5.65 -2.01 171.25 5.99 -0.41
2 24 171.25 5.99 -0.41 171.25 5.87 1.22
2 24 171.25 5.87 1.22 171.25 5.33 2.76

3 9 171.25 1.62 5.78 -171.25 0.82 5.94 171.25 0 6
5 24 171.25 1.62 5.78 -171.25 0.82 5.94 171.25 0 6 -171.25 2.39 5.5
5 24 -171.25 0.82 5.94 171.25 0 6 171.25 1.62 5.78 -171.25 -0.82 5.94
3 9 171.25 0 6 -171.25 0.82 5.94 -171.25 -0.82 5.94
5 24 -171.25 -0.82 5.94 171.25 0 6 -171.25 0.82 5.94 171.25 -1.62 5.78
3 9 171.25 0 6 -171.25 -0.82 5.94 171.25 -1.62 5.78
5 24 -171.25 -0.82 5.94 171.25 -1.62 5.78 171.25 0 6 -171.25 -2.39 5.5
3 9 171.25 -1.62 5.78 -171.25 -0.82 5.94 -171.25 -2.39 5.5
5 24 -171.25 -2.39 5.5 171.25 -1.62 5.78 -171.25 -0.82 5.94 171.25 -3.12 5.13
3 9 171.25 -1.62 5.78 -171.25 -2.39 5.5 171.25 -3.12 5.13
5 24 -171.25 -2.39 5.5 171.25 -3.12 5.13 171.25 -1.62 5.78 -171.25 -3.79 4.65
3 9 171.25 -3.12 5.13 -171.25 -2.39 5.5 -171.25 -3.79 4.65
5 24 -171.25 -3.79 4.65 171.25 -3.12 5.13 -171.25 -2.39 5.5 171.25 -4.39 4.1
3 9 171.25 -3.12 5.13 -171.25 -3.79 4.65 171.25 -4.39 4.1
5 24 -171.25 -3.79 4.65 171.25 -4.39 4.1 171.25 -3.12 5.13 -171.25 -4.9 3.46
3 9 171.25 -4.39 4.1 -171.25 -3.79 4.65 -171.25 -4.9 3.46
5 24 -171.25 -4.9 3.46 171.25 -4.39 4.1 -171.25 -3.79 4.65 171.25 -5.33 2.76
3 9 171.25 -4.39 4.1 -171.25 -4.9 3.46 171.25 -5.33 2.76
5 24 -171.25 -4.9 3.46 171.25 -5.33 2.76 171.25 -4.39 4.1 -171.25 -5.65 2.01
3 9 171.25 -5.33 2.76 -171.25 -4.9 3.46 -171.25 -5.65 2.01
5 24 -171.25 -5.65 2.01 171.25 -5.33 2.76 -171.25 -4.9 3.46 171.25 -5.87 1.22
3 9 171.25 -5.33 2.76 -171.25 -5.65 2.01 171.25 -5.87 1.22
5 24 -171.25 -5.65 2.01 171.25 -5.87 1.22 171.25 -5.33 2.76 -171.25 -5.99 0.41
3 9 171.25 -5.87 1.22 -171.25 -5.65 2.01 -171.25 -5.99 0.41
5 24 -171.25 -5.99 0.41 171.25 -5.87 1.22 -171.25 -5.65 2.01 171.25 -5.99 -0.41
3 9 171.25 -5.87 1.22 -171.25 -5.99 0.41 171.25 -5.99 -0.41
5 24 -171.25 -5.99 0.41 171.25 -5.99 -0.41 171.25 -5.87 1.22 -171.25 -5.87 -1.22
3 9 171.25 -5.99 -0.41 -171.25 -5.99 0.41 -171.25 -5.87 -1.22
5 24 -171.25 -5.87 -1.22 171.25 -5.99 -0.41 -171.25 -5.99 0.41 171.25 -5.65 -2.01
3 9 171.25 -5.99 -0.41 -171.25 -5.87 -1.22 171.25 -5.65 -2.01
5 24 -171.25 -5.87 -1.22 171.25 -5.65 -2.01 171.25 -5.99 -0.41 -171.25 -5.33 -2.76
3 9 171.25 -5.65 -2.01 -171.25 -5.87 -1.22 -171.25 -5.33 -2.76
5 24 -171.25 -5.33 -2.76 171.25 -5.65 -2.01 -171.25 -5.87 -1.22 171.25 -4.9 -3.46
3 9 171.25 -5.65 -2.01 -171.25 -5.33 -2.76 171.25 -4.9 -3.46
5 24 -171.25 -5.33 -2.76 171.25 -4.9 -3.46 171.25 -5.65 -2.01 -171.25 -4.39 -4.1
3 9 171.25 -4.9 -3.46 -171.25 -5.33 -2.76 -171.25 -4.39 -4.1
5 24 -171.25 -4.39 -4.1 171.25 -4.9 -3.46 -171.25 -5.33 -2.76 171.25 -3.79 -4.65
3 9 171.25 -4.9 -3.46 -171.25 -4.39 -4.1 171.25 -3.79 -4.65
5 24 -171.25 -4.39 -4.1 171.25 -3.79 -4.65 171.25 -4.9 -3.46 -171.25 -3.12 -5.13
3 9 171.25 -3.79 -4.65 -171.25 -4.39 -4.1 -171.25 -3.12 -5.13
5 24 -171.25 -3.12 -5.13 171.25 -3.79 -4.65 -171.25 -4.39 -4.1 171.25 -2.39 -5.5
3 9 171.25 -3.79 -4.65 -171.25 -3.12 -5.13 171.25 -2.39 -5.5
5 24 -171.25 -3.12 -5.13 171.25 -2.39 -5.5 171.25 -3.79 -4.65 -171.25 -1.62 -5.78
3 9 171.25 -2.39 -5.5 -171.25 -3.12 -5.13 -171.25 -1.62 -5.78
5 24 -171.25 -1.62 -5.78 171.25 -2.39 -5.5 -171.25 -3.12 -5.13 171.25 -0.82 -5.94
3 9 171.25 -2.39 -5.5 -171.25 -1.62 -5.78 171.25 -0.82 -5.94
5 24 -171.25 -1.62 -5.78 171.25 -0.82 -5.94 171.25 -2.39 -5.5 -171.25 0 -6
3 9 171.25 -0.82 -5.94 -171.25 -1.62 -5.78 -171.25 0 -6
5 24 -171.25 0 -6 171.25 -0.82 -5.94 -171.25 -1.62 -5.78 171.25 0.82 -5.94
3 9 171.25 -0.82 -5.94 -171.25 0 -6 171.25 0.82 -5.94
5 24 -171.25 0 -6 171.25 0.82 -5.94 171.25 -0.82 -5.94 -171.25 1.62 -5.78
3 9 171.25 0.82 -5.94 -171.25 0 -6 -171.25 1.62 -5.78
5 24 -171.25 1.62 -5.78 171.25 0.82 -5.94 -171.25 0 -6 171.25 2.39 -5.5
3 9 171.25 0.82 -5.94 -171.25 1.62 -5.78 171.25 2.39 -5.5
5 24 -171.25 1.62 -5.78 171.25 2.39 -5.5 171.25 0.82 -5.94 -171.25 3.12 -5.13
3 9 171.25 2.39 -5.5 -171.25 1.62 -5.78 -171.25 3.12 -5.13
5 24 -171.25 3.12 -5.13 171.25 2.39 -5.5 -171.25 1.62 -5.78 171.25 3.79 -4.65
3 9 171.25 2.39 -5.5 -171.25 3.12 -5.13 171.25 3.79 -4.65
5 24 -171.25 3.12 -5.13 171.25 3.79 -4.65 171.25 2.39 -5.5 -171.25 4.39 -4.1
3 9 171.25 3.79 -4.65 -171.25 3.12 -5.13 -171.25 4.39 -4.1
5 24 -171.25 4.39 -4.1 171.25 3.79 -4.65 -171.25 3.12 -5.13 171.25 4.9 -3.46
3 9 171.25 3.79 -4.65 -171.25 4.39 -4.1 171.25 4.9 -3.46
5 24 -171.25 4.39 -4.1 171.25 4.9 -3.46 171.25 3.79 -4.65 -171.25 5.33 -2.76
3 9 171.25 4.9 -3.46 -171.25 4.39 -4.1 -171.25 5.33 -2.76
5 24 -171.25 5.33 -2.76 171.25 4.9 -3.46 -171.25 4.39 -4.1 171.25 5.65 -2.01
3 9 171.25 4.9 -3.46 -171.25 5.33 -2.76 171.25 5.65 -2.01
5 24 -171.25 5.33 -2.76 171.25 5.65 -2.01 171.25 4.9 -3.46 -171.25 5.87 -1.22
3 9 171.25 5.65 -2.01 -171.25 5.33 -2.76 -171.25 5.87 -1.22
5 24 -171.25 5.87 -1.22 171.25 5.65 -2.01 -171.25 5.33 -2.76 171.25 5.99 -0.41
3 9 171.25 5.65 -2.01 -171.25 5.87 -1.22 171.25 5.99 -0.41
5 24 -171.25 5.87 -1.22 171.25 5.99 -0.41 171.25 5.65 -2.01 -171.25 5.99 0.41
3 9 171.25 5.99 -0.41 -171.25 5.87 -1.22 -171.25 5.99 0.41
5 24 -171.25 5.99 0.41 171.25 5.99 -0.41 -171.25 5.87 -1.22 171.25 5.87 1.22
3 9 171.25 5.99 -0.41 -171.25 5.99 0.41 171.25 5.87 1.22
5 24 -171.25 5.99 0.41 171.25 5.87 1.22 171.25 5.99 -0.41 -171.25 5.65 2.01
3 9 171.25 5.87 1.22 -171.25 5.99 0.41 -171.25 5.65 2.01
5 24 -171.25 5.65 2.01 171.25 5.87 1.22 -171.25 5.99 0.41 171.25 5.33 2.76
3 9 171.25 5.87 1.22 -171.25 5.65 2.01 171.25 5.33 2.76
5 24 -171.25 5.65 2.01 171.25 5.33 2.76 171.25 5.87 1.22 -171.25 4.9 3.46
3 9 171.25 5.33 2.76 -171.25 5.65 2.01 -171.25 4.9 3.46
5 24 -171.25 4.9 3.46 171.25 5.33 2.76 -171.25 5.65 2.01 171.25 4.39 4.1
3 9 171.25 5.33 2.76 -171.25 4.9 3.46 171.25 4.39 4.1
5 24 -171.25 4.9 3.46 171.25 4.39 4.1 171.25 5.33 2.76 -171.25 3.79 4.65
3 9 171.25 4.39 4.1 -171.25 4.9 3.46 -171.25 3.79 4.65
5 24 -171.25 3.79 4.65 171.25 4.39 4.1 -171.25 4.9 3.46 171.25 3.12 5.13
3 9 171.25 4.39 4.1 -171.25 3.79 4.65 171.25 3.12 5.13
5 24 -171.25 3.79 4.65 171.25 3.12 5.13 171.25 4.39 4.1 -171.25 2.39 5.5
3 9 171.25 3.12 5.13 -171.25 3.79 4.65 -171.25 2.39 5.5
5 24 -171.25 2.39 5.5 171.25 3.12 5.13 -171.25 3.79 4.65 171.25 1.62 5.78
3 9 171.25 3.12 5.13 -171.25 2.39 5.5 171.25 1.62 5.78
5 24 -171.25 2.39 5.5 171.25 1.62 5.78 171.25 3.12 5.13 -171.25 0.82 5.94
3 9 171.25 1.62 5.78 -171.25 2.39 5.5 -171.25 0.82 5.94
