0 BB Bitbeam Arduino UNO - PCB
0 Name: bb-auno-base.dat
0 Author: Tomas Feltl (e-Mole.cz)
0 !LDRAW_ORG Unofficial_Part
0 !LICENSE Redistributable under CCAL version 2.0 : see CAreadme.txt

0 BFC CERTIFY CCW

0 // Created with stl2dat conversion tool

3 16 -3.11 0 -37.21 -2.61 0 -36.25 0 0 -165.1
2 24 -2.61 0 -36.25 -3.11 0 -37.21
3 16 0 0 -165.1 -2.61 0 -36.25 -2.39 0 -35.2
2 24 -2.39 0 -35.2 -2.61 0 -36.25
3 16 0 0 -165.1 -2.39 0 -35.2 0 0 0
2 24 0 0 -165.1 0 0 0
3 16 0 0 0 -2.39 0 -35.2 -2.46 0 -34.12
2 24 -2.46 0 -34.12 -2.39 0 -35.2
3 16 0 0 0 -2.46 0 -34.12 -2.83 0 -33.1
2 24 -2.83 0 -33.1 -2.46 0 -34.12
3 16 -15.53 0 -163.27 -16.15 0 -162.39 -6.35 0 -165.1
2 24 -16.15 0 -162.39 -15.53 0 -163.27
4 16 -6.35 0 -165.1 -16.15 0 -162.39 -16.99 0 -161.71 0 0 -165.1
2 24 -16.99 0 -161.71 -16.15 0 -162.39
2 24 -6.35 0 -165.1 0 0 -165.1
3 16 0 0 -165.1 -16.99 0 -161.71 -17.98 0 -161.28
2 24 -17.98 0 -161.28 -16.99 0 -161.71
4 16 0 0 -165.1 -17.98 0 -161.28 -5.81 0 -38.86 -4.77 0 -38.57
2 24 -4.77 0 -38.57 -5.81 0 -38.86
3 16 -5.81 0 -38.86 -17.98 0 -161.28 -6.89 0 -38.86
2 24 -5.81 0 -38.86 -6.89 0 -38.86
3 16 -16.55 0 -168.18 -15.81 0 -167.39 -12.7 0 -171.45
2 24 -15.81 0 -167.39 -16.55 0 -168.18
3 16 -12.7 0 -171.45 -15.81 0 -167.39 -15.31 0 -166.43
2 24 -15.31 0 -166.43 -15.81 0 -167.39
4 16 -12.7 0 -171.45 -15.31 0 -166.43 -15.09 0 -165.37 -6.35 0 -165.1
2 24 -15.09 0 -165.37 -15.31 0 -166.43
2 24 -12.7 0 -171.45 -6.35 0 -165.1
3 16 -6.35 0 -165.1 -15.09 0 -165.37 -15.16 0 -164.29
2 24 -15.16 0 -164.29 -15.09 0 -165.37
3 16 -88.36 0 -169.03 -87.32 0 -168.74 -94.61 0 -171.45
2 24 -87.32 0 -168.74 -88.36 0 -169.03
4 16 -94.61 0 -171.45 -87.32 0 -168.74 -20.63 0 -168.74 -12.7 0 -171.45
2 24 -94.61 0 -171.45 -12.7 0 -171.45
3 16 -12.7 0 -171.45 -20.63 0 -168.74 -19.59 0 -169.03
2 24 -19.59 0 -169.03 -20.63 0 -168.74
3 16 -12.7 0 -171.45 -19.59 0 -169.03 -18.51 0 -169.03
2 24 -18.51 0 -169.03 -19.59 0 -169.03
3 16 -92.79 0 -164.29 -92.86 0 -165.37 -100.96 0 -165.1
2 24 -92.86 0 -165.37 -92.79 0 -164.29
3 16 -100.96 0 -165.1 -92.86 0 -165.37 -92.64 0 -166.43
2 24 -92.64 0 -166.43 -92.86 0 -165.37
4 16 -100.96 0 -165.1 -92.64 0 -166.43 -92.14 0 -167.39 -94.61 0 -171.45
2 24 -92.14 0 -167.39 -92.64 0 -166.43
2 24 -100.96 0 -165.1 -94.61 0 -171.45
3 16 -94.61 0 -171.45 -92.14 0 -167.39 -91.4 0 -168.18
2 24 -91.4 0 -168.18 -92.14 0 -167.39
3 16 -128.58 0 -41.74 -127.54 0 -42.03 -133.35 0 -165.1
2 24 -127.54 0 -42.03 -128.58 0 -41.74
4 16 -133.35 0 -165.1 -127.54 0 -42.03 -126.46 0 -42.03 -100.96 0 -165.1
2 24 -126.46 0 -42.03 -127.54 0 -42.03
2 24 -133.35 0 -165.1 -100.96 0 -165.1
4 16 -100.96 0 -165.1 -126.46 0 -42.03 -90.96 0 -161.71 -91.8 0 -162.39
2 24 -91.8 0 -162.39 -90.96 0 -161.71
3 16 -130.52 0 -36.27 -130.89 0 -37.29 -133.35 0 0
2 24 -130.89 0 -37.29 -130.52 0 -36.27
3 16 -133.35 0 0 -130.89 0 -37.29 -130.96 0 -38.37
2 24 -130.96 0 -38.37 -130.89 0 -37.29
3 16 -133.35 0 0 -130.96 0 -38.37 -133.35 0 -165.1
2 24 -133.35 0 0 -133.35 0 -165.1
3 16 -133.35 0 -165.1 -130.96 0 -38.37 -130.74 0 -39.43
2 24 -130.74 0 -39.43 -130.96 0 -38.37
3 16 -133.35 0 -165.1 -130.74 0 -39.43 -130.24 0 -40.39
2 24 -130.24 0 -40.39 -130.74 0 -39.43
3 16 -8.41 0 -31.53 -9.25 0 -32.22 0 0 0
2 24 -9.25 0 -32.22 -8.41 0 -31.53
4 16 0 0 0 -9.25 0 -32.22 -9.87 0 -33.1 -133.35 0 0
2 24 -9.87 0 -33.1 -9.25 0 -32.22
2 24 0 0 0 -133.35 0 0
4 16 -133.35 0 0 -9.87 0 -33.1 -123.48 0 -36.27 -124.1 0 -35.39
2 24 -124.1 0 -35.39 -123.48 0 -36.27
3 16 -125.93 0 -34.28 -127 0 -34.13 -133.35 0 0
2 24 -127 0 -34.13 -125.93 0 -34.28
3 16 -133.35 0 0 -127 0 -34.13 -128.07 0 -34.28
2 24 -128.07 0 -34.28 -127 0 -34.13
3 16 -133.35 0 0 -128.07 0 -34.28 -129.06 0 -34.71
2 24 -129.06 0 -34.71 -128.07 0 -34.28
3 16 -129.06 0 -34.71 -129.9 0 -35.39 -133.35 0 0
2 24 -129.9 0 -35.39 -129.06 0 -34.71
3 16 -133.35 0 0 -129.9 0 -35.39 -130.52 0 -36.27
2 24 -130.52 0 -36.27 -129.9 0 -35.39
3 16 -130.24 0 -40.39 -129.5 0 -41.18 -133.35 0 -165.1
2 24 -129.5 0 -41.18 -130.24 0 -40.39
3 16 -133.35 0 -165.1 -129.5 0 -41.18 -128.58 0 -41.74
2 24 -128.58 0 -41.74 -129.5 0 -41.18
3 16 -90.96 0 -161.71 -126.46 0 -42.03 -89.97 0 -161.28
2 24 -90.96 0 -161.71 -89.97 0 -161.28
4 16 -89.97 0 -161.28 -126.46 0 -42.03 -125.42 0 -41.74 -88.9 0 -161.13
2 24 -125.42 0 -41.74 -126.46 0 -42.03
2 24 -89.97 0 -161.28 -88.9 0 -161.13
4 16 -88.9 0 -161.13 -125.42 0 -41.74 -124.5 0 -41.18 -87.83 0 -161.28
2 24 -124.5 0 -41.18 -125.42 0 -41.74
2 24 -88.9 0 -161.13 -87.83 0 -161.28
4 16 -87.83 0 -161.28 -124.5 0 -41.18 -123.76 0 -40.39 -9.59 0 -37.21
2 24 -123.76 0 -40.39 -124.5 0 -41.18
4 16 -9.59 0 -37.21 -123.76 0 -40.39 -123.26 0 -39.43 -10.09 0 -36.25
2 24 -123.26 0 -39.43 -123.76 0 -40.39
2 24 -9.59 0 -37.21 -10.09 0 -36.25
4 16 -10.09 0 -36.25 -123.26 0 -39.43 -123.04 0 -38.37 -10.31 0 -35.2
2 24 -123.04 0 -38.37 -123.26 0 -39.43
2 24 -10.09 0 -36.25 -10.31 0 -35.2
4 16 -10.31 0 -35.2 -123.04 0 -38.37 -123.11 0 -37.29 -10.24 0 -34.12
2 24 -123.11 0 -37.29 -123.04 0 -38.37
2 24 -10.31 0 -35.2 -10.24 0 -34.12
4 16 -10.24 0 -34.12 -123.11 0 -37.29 -123.48 0 -36.27 -9.87 0 -33.1
2 24 -123.48 0 -36.27 -123.11 0 -37.29
2 24 -10.24 0 -34.12 -9.87 0 -33.1
3 16 -124.1 0 -35.39 -124.94 0 -34.71 -133.35 0 0
2 24 -124.94 0 -34.71 -124.1 0 -35.39
3 16 -133.35 0 0 -124.94 0 -34.71 -125.93 0 -34.28
2 24 -125.93 0 -34.28 -124.94 0 -34.71
3 16 -5.28 0 -31.1 -6.35 0 -30.96 0 0 0
2 24 -6.35 0 -30.96 -5.28 0 -31.1
3 16 0 0 0 -6.35 0 -30.96 -7.42 0 -31.1
2 24 -7.42 0 -31.1 -6.35 0 -30.96
3 16 0 0 0 -7.42 0 -31.1 -8.41 0 -31.53
2 24 -8.41 0 -31.53 -7.42 0 -31.1
4 16 -9.59 0 -37.21 -8.85 0 -38 -86.84 0 -161.71 -87.83 0 -161.28
2 24 -8.85 0 -38 -9.59 0 -37.21
2 24 -87.83 0 -161.28 -86.84 0 -161.71
4 16 -6.89 0 -38.86 -17.98 0 -161.28 -19.05 0 -161.13 -7.93 0 -38.57
2 24 -19.05 0 -161.13 -17.98 0 -161.28
2 24 -6.89 0 -38.86 -7.93 0 -38.57
3 16 -7.93 0 -38.57 -19.05 0 -161.13 -20.12 0 -161.28
2 24 -20.12 0 -161.28 -19.05 0 -161.13
4 16 -7.93 0 -38.57 -20.12 0 -161.28 -21.11 0 -161.71 -8.85 0 -38
2 24 -21.11 0 -161.71 -20.12 0 -161.28
2 24 -7.93 0 -38.57 -8.85 0 -38
4 16 -8.85 0 -38 -21.11 0 -161.71 -86 0 -162.39 -86.84 0 -161.71
2 24 -86.84 0 -161.71 -86 0 -162.39
3 16 0 0 -165.1 -4.77 0 -38.57 -3.85 0 -38
2 24 -3.85 0 -38 -4.77 0 -38.57
3 16 0 0 -165.1 -3.85 0 -38 -3.11 0 -37.21
2 24 -3.11 0 -37.21 -3.85 0 -38
3 16 -2.83 0 -33.1 -3.45 0 -32.22 0 0 0
2 24 -3.45 0 -32.22 -2.83 0 -33.1
3 16 0 0 0 -3.45 0 -32.22 -4.29 0 -31.53
2 24 -4.29 0 -31.53 -3.45 0 -32.22
3 16 0 0 0 -4.29 0 -31.53 -5.28 0 -31.1
2 24 -5.28 0 -31.1 -4.29 0 -31.53
3 16 -91.8 0 -162.39 -92.42 0 -163.27 -100.96 0 -165.1
2 24 -92.42 0 -163.27 -91.8 0 -162.39
3 16 -100.96 0 -165.1 -92.42 0 -163.27 -92.79 0 -164.29
2 24 -92.79 0 -164.29 -92.42 0 -163.27
3 16 -91.4 0 -168.18 -90.48 0 -168.74 -94.61 0 -171.45
2 24 -90.48 0 -168.74 -91.4 0 -168.18
3 16 -94.61 0 -171.45 -90.48 0 -168.74 -89.44 0 -169.03
2 24 -89.44 0 -169.03 -90.48 0 -168.74
3 16 -94.61 0 -171.45 -89.44 0 -169.03 -88.36 0 -169.03
2 24 -88.36 0 -169.03 -89.44 0 -169.03
4 16 -20.63 0 -168.74 -87.32 0 -168.74 -86.4 0 -168.18 -21.55 0 -168.18
2 24 -86.4 0 -168.18 -87.32 0 -168.74
2 24 -20.63 0 -168.74 -21.55 0 -168.18
4 16 -21.55 0 -168.18 -86.4 0 -168.18 -85.66 0 -167.39 -22.29 0 -167.39
2 24 -85.66 0 -167.39 -86.4 0 -168.18
2 24 -21.55 0 -168.18 -22.29 0 -167.39
4 16 -22.29 0 -167.39 -85.66 0 -167.39 -85.16 0 -166.43 -22.79 0 -166.43
2 24 -85.16 0 -166.43 -85.66 0 -167.39
2 24 -22.29 0 -167.39 -22.79 0 -166.43
4 16 -22.79 0 -166.43 -85.16 0 -166.43 -84.94 0 -165.37 -23.01 0 -165.37
2 24 -84.94 0 -165.37 -85.16 0 -166.43
2 24 -22.79 0 -166.43 -23.01 0 -165.37
4 16 -23.01 0 -165.37 -84.94 0 -165.37 -85.01 0 -164.29 -22.94 0 -164.29
2 24 -85.01 0 -164.29 -84.94 0 -165.37
2 24 -23.01 0 -165.37 -22.94 0 -164.29
4 16 -22.94 0 -164.29 -85.01 0 -164.29 -85.38 0 -163.27 -22.57 0 -163.27
2 24 -85.38 0 -163.27 -85.01 0 -164.29
2 24 -22.94 0 -164.29 -22.57 0 -163.27
3 16 -22.57 0 -163.27 -85.38 0 -163.27 -21.95 0 -162.39
2 24 -22.57 0 -163.27 -21.95 0 -162.39
4 16 -85.38 0 -163.27 -86 0 -162.39 -21.11 0 -161.71 -21.95 0 -162.39
2 24 -86 0 -162.39 -85.38 0 -163.27
2 24 -21.95 0 -162.39 -21.11 0 -161.71
3 16 -18.51 0 -169.03 -17.47 0 -168.74 -12.7 0 -171.45
2 24 -17.47 0 -168.74 -18.51 0 -169.03
3 16 -12.7 0 -171.45 -17.47 0 -168.74 -16.55 0 -168.18
2 24 -16.55 0 -168.18 -17.47 0 -168.74
3 16 -15.16 0 -164.29 -15.53 0 -163.27 -6.35 0 -165.1
2 24 -15.53 0 -163.27 -15.16 0 -164.29

3 16 -3.85 -4.12 -38 -4.77 -4.12 -38.57 0 -4.12 -165.1
2 24 -4.77 -4.12 -38.57 -3.85 -4.12 -38
3 16 0 -4.12 -165.1 -4.77 -4.12 -38.57 -5.81 -4.12 -38.86
2 24 -5.81 -4.12 -38.86 -4.77 -4.12 -38.57
4 16 0 -4.12 -165.1 -5.81 -4.12 -38.86 -17.98 -4.12 -161.28 -16.99 -4.12 -161.71
2 24 -17.98 -4.12 -161.28 -16.99 -4.12 -161.71
4 16 -17.98 -4.12 -161.28 -5.81 -4.12 -38.86 -6.89 -4.12 -38.86 -19.05 -4.12 -161.13
2 24 -6.89 -4.12 -38.86 -5.81 -4.12 -38.86
2 24 -19.05 -4.12 -161.13 -17.98 -4.12 -161.28
4 16 -19.05 -4.12 -161.13 -6.89 -4.12 -38.86 -7.93 -4.12 -38.57 -20.12 -4.12 -161.28
2 24 -7.93 -4.12 -38.57 -6.89 -4.12 -38.86
2 24 -20.12 -4.12 -161.28 -19.05 -4.12 -161.13
4 16 -20.12 -4.12 -161.28 -7.93 -4.12 -38.57 -8.85 -4.12 -38 -21.11 -4.12 -161.71
2 24 -8.85 -4.12 -38 -7.93 -4.12 -38.57
2 24 -21.11 -4.12 -161.71 -20.12 -4.12 -161.28
4 16 -21.11 -4.12 -161.71 -8.85 -4.12 -38 -86.84 -4.12 -161.71 -86 -4.12 -162.39
2 24 -86.84 -4.12 -161.71 -86 -4.12 -162.39
4 16 0 -4.12 -165.1 -16.99 -4.12 -161.71 -16.15 -4.12 -162.39 -6.35 -4.12 -165.1
2 24 -16.99 -4.12 -161.71 -16.15 -4.12 -162.39
2 24 -6.35 -4.12 -165.1 0 -4.12 -165.1
3 16 -6.35 -4.12 -165.1 -16.15 -4.12 -162.39 -15.53 -4.12 -163.27
2 24 -16.15 -4.12 -162.39 -15.53 -4.12 -163.27
3 16 -6.35 -4.12 -165.1 -15.53 -4.12 -163.27 -15.16 -4.12 -164.29
2 24 -15.53 -4.12 -163.27 -15.16 -4.12 -164.29
3 16 -15.16 -4.12 -164.29 -15.09 -4.12 -165.37 -6.35 -4.12 -165.1
2 24 -15.16 -4.12 -164.29 -15.09 -4.12 -165.37
3 16 -6.35 -4.12 -165.1 -15.09 -4.12 -165.37 -15.31 -4.12 -166.43
2 24 -15.09 -4.12 -165.37 -15.31 -4.12 -166.43
4 16 -6.35 -4.12 -165.1 -15.31 -4.12 -166.43 -15.81 -4.12 -167.39 -12.7 -4.12 -171.45
2 24 -15.31 -4.12 -166.43 -15.81 -4.12 -167.39
2 24 -12.7 -4.12 -171.45 -6.35 -4.12 -165.1
3 16 -12.7 -4.12 -171.45 -15.81 -4.12 -167.39 -16.55 -4.12 -168.18
2 24 -15.81 -4.12 -167.39 -16.55 -4.12 -168.18
3 16 -16.55 -4.12 -168.18 -17.47 -4.12 -168.74 -12.7 -4.12 -171.45
2 24 -16.55 -4.12 -168.18 -17.47 -4.12 -168.74
3 16 -12.7 -4.12 -171.45 -17.47 -4.12 -168.74 -18.51 -4.12 -169.03
2 24 -17.47 -4.12 -168.74 -18.51 -4.12 -169.03
3 16 -12.7 -4.12 -171.45 -18.51 -4.12 -169.03 -19.59 -4.12 -169.03
2 24 -18.51 -4.12 -169.03 -19.59 -4.12 -169.03
3 16 -19.59 -4.12 -169.03 -20.63 -4.12 -168.74 -12.7 -4.12 -171.45
2 24 -19.59 -4.12 -169.03 -20.63 -4.12 -168.74
4 16 -12.7 -4.12 -171.45 -20.63 -4.12 -168.74 -87.32 -4.12 -168.74 -94.61 -4.12 -171.45
2 24 -94.61 -4.12 -171.45 -12.7 -4.12 -171.45
4 16 -87.32 -4.12 -168.74 -20.63 -4.12 -168.74 -21.55 -4.12 -168.18 -86.4 -4.12 -168.18
2 24 -20.63 -4.12 -168.74 -21.55 -4.12 -168.18
2 24 -86.4 -4.12 -168.18 -87.32 -4.12 -168.74
4 16 -86.4 -4.12 -168.18 -21.55 -4.12 -168.18 -22.29 -4.12 -167.39 -85.66 -4.12 -167.39
2 24 -21.55 -4.12 -168.18 -22.29 -4.12 -167.39
2 24 -85.66 -4.12 -167.39 -86.4 -4.12 -168.18
4 16 -85.66 -4.12 -167.39 -22.29 -4.12 -167.39 -22.79 -4.12 -166.43 -85.16 -4.12 -166.43
2 24 -22.29 -4.12 -167.39 -22.79 -4.12 -166.43
2 24 -85.16 -4.12 -166.43 -85.66 -4.12 -167.39
4 16 -85.16 -4.12 -166.43 -22.79 -4.12 -166.43 -23.01 -4.12 -165.37 -84.94 -4.12 -165.37
2 24 -22.79 -4.12 -166.43 -23.01 -4.12 -165.37
2 24 -84.94 -4.12 -165.37 -85.16 -4.12 -166.43
4 16 -84.94 -4.12 -165.37 -23.01 -4.12 -165.37 -22.94 -4.12 -164.29 -85.01 -4.12 -164.29
2 24 -23.01 -4.12 -165.37 -22.94 -4.12 -164.29
2 24 -85.01 -4.12 -164.29 -84.94 -4.12 -165.37
4 16 -85.01 -4.12 -164.29 -22.94 -4.12 -164.29 -22.57 -4.12 -163.27 -85.38 -4.12 -163.27
2 24 -22.94 -4.12 -164.29 -22.57 -4.12 -163.27
2 24 -85.38 -4.12 -163.27 -85.01 -4.12 -164.29
3 16 -85.38 -4.12 -163.27 -22.57 -4.12 -163.27 -21.95 -4.12 -162.39
2 24 -22.57 -4.12 -163.27 -21.95 -4.12 -162.39
4 16 -85.38 -4.12 -163.27 -21.95 -4.12 -162.39 -21.11 -4.12 -161.71 -86 -4.12 -162.39
2 24 -21.95 -4.12 -162.39 -21.11 -4.12 -161.71
2 24 -86 -4.12 -162.39 -85.38 -4.12 -163.27
4 16 0 -4.12 0 -133.35 -4.12 0 -9.87 -4.12 -33.1 -9.25 -4.12 -32.22
2 24 0 -4.12 0 -133.35 -4.12 0
2 24 -9.25 -4.12 -32.22 -9.87 -4.12 -33.1
4 16 -9.87 -4.12 -33.1 -133.35 -4.12 0 -124.1 -4.12 -35.39 -123.48 -4.12 -36.27
2 24 -123.48 -4.12 -36.27 -124.1 -4.12 -35.39
3 16 -9.87 -4.12 -33.1 -123.48 -4.12 -36.27 -10.24 -4.12 -34.12
2 24 -9.87 -4.12 -33.1 -10.24 -4.12 -34.12
4 16 -10.24 -4.12 -34.12 -123.48 -4.12 -36.27 -123.11 -4.12 -37.29 -10.31 -4.12 -35.2
2 24 -123.11 -4.12 -37.29 -123.48 -4.12 -36.27
2 24 -10.24 -4.12 -34.12 -10.31 -4.12 -35.2
4 16 -10.31 -4.12 -35.2 -123.11 -4.12 -37.29 -123.04 -4.12 -38.37 -10.09 -4.12 -36.25
2 24 -123.04 -4.12 -38.37 -123.11 -4.12 -37.29
2 24 -10.31 -4.12 -35.2 -10.09 -4.12 -36.25
4 16 -10.09 -4.12 -36.25 -123.04 -4.12 -38.37 -123.26 -4.12 -39.43 -9.59 -4.12 -37.21
2 24 -123.26 -4.12 -39.43 -123.04 -4.12 -38.37
2 24 -10.09 -4.12 -36.25 -9.59 -4.12 -37.21
4 16 -9.59 -4.12 -37.21 -123.26 -4.12 -39.43 -123.76 -4.12 -40.39 -87.83 -4.12 -161.28
2 24 -123.76 -4.12 -40.39 -123.26 -4.12 -39.43
4 16 -87.83 -4.12 -161.28 -123.76 -4.12 -40.39 -124.5 -4.12 -41.18 -88.9 -4.12 -161.13
2 24 -124.5 -4.12 -41.18 -123.76 -4.12 -40.39
2 24 -88.9 -4.12 -161.13 -87.83 -4.12 -161.28
4 16 -88.9 -4.12 -161.13 -124.5 -4.12 -41.18 -125.42 -4.12 -41.74 -89.97 -4.12 -161.28
2 24 -125.42 -4.12 -41.74 -124.5 -4.12 -41.18
2 24 -89.97 -4.12 -161.28 -88.9 -4.12 -161.13
4 16 -89.97 -4.12 -161.28 -125.42 -4.12 -41.74 -126.46 -4.12 -42.03 -90.96 -4.12 -161.71
2 24 -126.46 -4.12 -42.03 -125.42 -4.12 -41.74
2 24 -90.96 -4.12 -161.71 -89.97 -4.12 -161.28
4 16 -90.96 -4.12 -161.71 -126.46 -4.12 -42.03 -100.96 -4.12 -165.1 -91.8 -4.12 -162.39
2 24 -91.8 -4.12 -162.39 -90.96 -4.12 -161.71
3 16 -91.8 -4.12 -162.39 -100.96 -4.12 -165.1 -92.42 -4.12 -163.27
2 24 -92.42 -4.12 -163.27 -91.8 -4.12 -162.39
4 16 -9.59 -4.12 -37.21 -87.83 -4.12 -161.28 -86.84 -4.12 -161.71 -8.85 -4.12 -38
2 24 -87.83 -4.12 -161.28 -86.84 -4.12 -161.71
2 24 -9.59 -4.12 -37.21 -8.85 -4.12 -38
3 16 -87.32 -4.12 -168.74 -88.36 -4.12 -169.03 -94.61 -4.12 -171.45
2 24 -87.32 -4.12 -168.74 -88.36 -4.12 -169.03
3 16 -94.61 -4.12 -171.45 -88.36 -4.12 -169.03 -89.44 -4.12 -169.03
2 24 -88.36 -4.12 -169.03 -89.44 -4.12 -169.03
3 16 -94.61 -4.12 -171.45 -89.44 -4.12 -169.03 -90.48 -4.12 -168.74
2 24 -89.44 -4.12 -169.03 -90.48 -4.12 -168.74
3 16 -90.48 -4.12 -168.74 -91.4 -4.12 -168.18 -94.61 -4.12 -171.45
2 24 -90.48 -4.12 -168.74 -91.4 -4.12 -168.18
3 16 -94.61 -4.12 -171.45 -91.4 -4.12 -168.18 -92.14 -4.12 -167.39
2 24 -91.4 -4.12 -168.18 -92.14 -4.12 -167.39
3 16 -94.61 -4.12 -171.45 -92.14 -4.12 -167.39 -92.64 -4.12 -166.43
2 24 -92.14 -4.12 -167.39 -92.64 -4.12 -166.43
4 16 -94.61 -4.12 -171.45 -92.64 -4.12 -166.43 -92.86 -4.12 -165.37 -100.96 -4.12 -165.1
2 24 -92.64 -4.12 -166.43 -92.86 -4.12 -165.37
2 24 -100.96 -4.12 -165.1 -94.61 -4.12 -171.45
3 16 -100.96 -4.12 -165.1 -92.86 -4.12 -165.37 -92.79 -4.12 -164.29
2 24 -92.86 -4.12 -165.37 -92.79 -4.12 -164.29
3 16 -92.79 -4.12 -164.29 -92.42 -4.12 -163.27 -100.96 -4.12 -165.1
2 24 -92.79 -4.12 -164.29 -92.42 -4.12 -163.27
3 16 -7.42 -4.12 -31.1 -6.35 -4.12 -30.96 0 -4.12 0
2 24 -6.35 -4.12 -30.96 -7.42 -4.12 -31.1
3 16 0 -4.12 0 -6.35 -4.12 -30.96 -5.28 -4.12 -31.1
2 24 -5.28 -4.12 -31.1 -6.35 -4.12 -30.96
3 16 0 -4.12 0 -5.28 -4.12 -31.1 -4.29 -4.12 -31.53
2 24 -4.29 -4.12 -31.53 -5.28 -4.12 -31.1
3 16 -4.29 -4.12 -31.53 -3.45 -4.12 -32.22 0 -4.12 0
2 24 -3.45 -4.12 -32.22 -4.29 -4.12 -31.53
3 16 0 -4.12 0 -3.45 -4.12 -32.22 -2.83 -4.12 -33.1
2 24 -2.83 -4.12 -33.1 -3.45 -4.12 -32.22
3 16 0 -4.12 0 -2.83 -4.12 -33.1 -2.46 -4.12 -34.12
2 24 -2.46 -4.12 -34.12 -2.83 -4.12 -33.1
3 16 -2.46 -4.12 -34.12 -2.39 -4.12 -35.2 0 -4.12 0
2 24 -2.39 -4.12 -35.2 -2.46 -4.12 -34.12
3 16 0 -4.12 0 -2.39 -4.12 -35.2 0 -4.12 -165.1
2 24 0 -4.12 -165.1 0 -4.12 0
3 16 -2.39 -4.12 -35.2 -2.61 -4.12 -36.25 0 -4.12 -165.1
2 24 -2.61 -4.12 -36.25 -2.39 -4.12 -35.2
3 16 0 -4.12 -165.1 -2.61 -4.12 -36.25 -3.11 -4.12 -37.21
2 24 -3.11 -4.12 -37.21 -2.61 -4.12 -36.25
3 16 0 -4.12 -165.1 -3.11 -4.12 -37.21 -3.85 -4.12 -38
2 24 -3.85 -4.12 -38 -3.11 -4.12 -37.21
3 16 0 -4.12 0 -9.25 -4.12 -32.22 -8.41 -4.12 -31.53
2 24 -8.41 -4.12 -31.53 -9.25 -4.12 -32.22
3 16 0 -4.12 0 -8.41 -4.12 -31.53 -7.42 -4.12 -31.1
2 24 -7.42 -4.12 -31.1 -8.41 -4.12 -31.53
3 16 -128.07 -4.12 -34.28 -127 -4.12 -34.13 -133.35 -4.12 0
2 24 -127 -4.12 -34.13 -128.07 -4.12 -34.28
3 16 -133.35 -4.12 0 -127 -4.12 -34.13 -125.93 -4.12 -34.28
2 24 -125.93 -4.12 -34.28 -127 -4.12 -34.13
3 16 -133.35 -4.12 0 -125.93 -4.12 -34.28 -124.94 -4.12 -34.71
2 24 -124.94 -4.12 -34.71 -125.93 -4.12 -34.28
3 16 -124.94 -4.12 -34.71 -124.1 -4.12 -35.39 -133.35 -4.12 0
2 24 -124.1 -4.12 -35.39 -124.94 -4.12 -34.71
4 16 -100.96 -4.12 -165.1 -126.46 -4.12 -42.03 -127.54 -4.12 -42.03 -133.35 -4.12 -165.1
2 24 -127.54 -4.12 -42.03 -126.46 -4.12 -42.03
2 24 -133.35 -4.12 -165.1 -100.96 -4.12 -165.1
3 16 -133.35 -4.12 -165.1 -127.54 -4.12 -42.03 -128.58 -4.12 -41.74
2 24 -128.58 -4.12 -41.74 -127.54 -4.12 -42.03
3 16 -128.58 -4.12 -41.74 -129.5 -4.12 -41.18 -133.35 -4.12 -165.1
2 24 -129.5 -4.12 -41.18 -128.58 -4.12 -41.74
3 16 -133.35 -4.12 -165.1 -129.5 -4.12 -41.18 -130.24 -4.12 -40.39
2 24 -130.24 -4.12 -40.39 -129.5 -4.12 -41.18
3 16 -133.35 -4.12 -165.1 -130.24 -4.12 -40.39 -130.74 -4.12 -39.43
2 24 -130.74 -4.12 -39.43 -130.24 -4.12 -40.39
3 16 -130.74 -4.12 -39.43 -130.96 -4.12 -38.37 -133.35 -4.12 -165.1
2 24 -130.96 -4.12 -38.37 -130.74 -4.12 -39.43
3 16 -133.35 -4.12 -165.1 -130.96 -4.12 -38.37 -133.35 -4.12 0
2 24 -133.35 -4.12 0 -133.35 -4.12 -165.1
3 16 -130.96 -4.12 -38.37 -130.89 -4.12 -37.29 -133.35 -4.12 0
2 24 -130.89 -4.12 -37.29 -130.96 -4.12 -38.37
3 16 -133.35 -4.12 0 -130.89 -4.12 -37.29 -130.52 -4.12 -36.27
2 24 -130.52 -4.12 -36.27 -130.89 -4.12 -37.29
3 16 -133.35 -4.12 0 -130.52 -4.12 -36.27 -129.9 -4.12 -35.39
2 24 -129.9 -4.12 -35.39 -130.52 -4.12 -36.27
3 16 -129.9 -4.12 -35.39 -129.06 -4.12 -34.71 -133.35 -4.12 0
2 24 -129.06 -4.12 -34.71 -129.9 -4.12 -35.39
3 16 -133.35 -4.12 0 -129.06 -4.12 -34.71 -128.07 -4.12 -34.28
2 24 -128.07 -4.12 -34.28 -129.06 -4.12 -34.71

4 16 -5.81 0 -38.86 -6.89 0 -38.86 -6.89 -4.12 -38.86 -5.81 -4.12 -38.86
5 24 -6.89 0 -38.86 -6.89 -4.12 -38.86 -5.81 -4.12 -38.86 -7.93 0 -38.57
5 24 -5.81 0 -38.86 -5.81 -4.12 -38.86 -4.77 -4.12 -38.57 -6.89 0 -38.86
4 16 -6.89 -4.12 -38.86 -6.89 0 -38.86 -7.93 0 -38.57 -7.93 -4.12 -38.57
5 24 -7.93 0 -38.57 -7.93 -4.12 -38.57 -6.89 -4.12 -38.86 -8.85 0 -38
4 16 -7.93 -4.12 -38.57 -7.93 0 -38.57 -8.85 0 -38 -8.85 -4.12 -38
5 24 -8.85 0 -38 -8.85 -4.12 -38 -7.93 -4.12 -38.57 -9.59 0 -37.21
4 16 -8.85 -4.12 -38 -8.85 0 -38 -9.59 0 -37.21 -9.59 -4.12 -37.21
5 24 -9.59 0 -37.21 -9.59 -4.12 -37.21 -8.85 -4.12 -38 -10.09 0 -36.25
4 16 -9.59 -4.12 -37.21 -9.59 0 -37.21 -10.09 0 -36.25 -10.09 -4.12 -36.25
5 24 -10.09 0 -36.25 -10.09 -4.12 -36.25 -9.59 -4.12 -37.21 -10.31 0 -35.2
4 16 -10.09 -4.12 -36.25 -10.09 0 -36.25 -10.31 0 -35.2 -10.31 -4.12 -35.2
5 24 -10.31 0 -35.2 -10.31 -4.12 -35.2 -10.09 -4.12 -36.25 -10.24 0 -34.12
4 16 -10.31 -4.12 -35.2 -10.31 0 -35.2 -10.24 0 -34.12 -10.24 -4.12 -34.12
5 24 -10.24 0 -34.12 -10.24 -4.12 -34.12 -10.31 -4.12 -35.2 -9.87 0 -33.1
4 16 -10.24 -4.12 -34.12 -10.24 0 -34.12 -9.87 0 -33.1 -9.87 -4.12 -33.1
5 24 -9.87 0 -33.1 -9.87 -4.12 -33.1 -10.24 -4.12 -34.12 -9.25 0 -32.22
4 16 -9.87 -4.12 -33.1 -9.87 0 -33.1 -9.25 0 -32.22 -9.25 -4.12 -32.22
5 24 -9.25 0 -32.22 -9.25 -4.12 -32.22 -9.87 -4.12 -33.1 -8.41 0 -31.53
4 16 -9.25 -4.12 -32.22 -9.25 0 -32.22 -8.41 0 -31.53 -8.41 -4.12 -31.53
5 24 -8.41 0 -31.53 -8.41 -4.12 -31.53 -9.25 -4.12 -32.22 -7.42 0 -31.1
4 16 -8.41 -4.12 -31.53 -8.41 0 -31.53 -7.42 0 -31.1 -7.42 -4.12 -31.1
5 24 -7.42 0 -31.1 -7.42 -4.12 -31.1 -8.41 -4.12 -31.53 -6.35 0 -30.96
4 16 -7.42 -4.12 -31.1 -7.42 0 -31.1 -6.35 0 -30.96 -6.35 -4.12 -30.96
5 24 -6.35 0 -30.96 -6.35 -4.12 -30.96 -7.42 -4.12 -31.1 -5.28 0 -31.1
4 16 -6.35 -4.12 -30.96 -6.35 0 -30.96 -5.28 0 -31.1 -5.28 -4.12 -31.1
5 24 -5.28 0 -31.1 -5.28 -4.12 -31.1 -6.35 -4.12 -30.96 -4.29 0 -31.53
4 16 -5.28 -4.12 -31.1 -5.28 0 -31.1 -4.29 0 -31.53 -4.29 -4.12 -31.53
5 24 -4.29 0 -31.53 -4.29 -4.12 -31.53 -5.28 -4.12 -31.1 -3.45 0 -32.22
4 16 -4.29 -4.12 -31.53 -4.29 0 -31.53 -3.45 0 -32.22 -3.45 -4.12 -32.22
5 24 -3.45 0 -32.22 -3.45 -4.12 -32.22 -4.29 -4.12 -31.53 -2.83 0 -33.1
4 16 -3.45 -4.12 -32.22 -3.45 0 -32.22 -2.83 0 -33.1 -2.83 -4.12 -33.1
5 24 -2.83 0 -33.1 -2.83 -4.12 -33.1 -3.45 -4.12 -32.22 -2.46 0 -34.12
4 16 -2.83 -4.12 -33.1 -2.83 0 -33.1 -2.46 0 -34.12 -2.46 -4.12 -34.12
5 24 -2.46 0 -34.12 -2.46 -4.12 -34.12 -2.83 -4.12 -33.1 -2.39 0 -35.2
4 16 -2.46 -4.12 -34.12 -2.46 0 -34.12 -2.39 0 -35.2 -2.39 -4.12 -35.2
5 24 -2.39 0 -35.2 -2.39 -4.12 -35.2 -2.46 -4.12 -34.12 -2.61 0 -36.25
4 16 -2.39 -4.12 -35.2 -2.39 0 -35.2 -2.61 0 -36.25 -2.61 -4.12 -36.25
5 24 -2.61 0 -36.25 -2.61 -4.12 -36.25 -2.39 -4.12 -35.2 -3.11 0 -37.21
4 16 -2.61 -4.12 -36.25 -2.61 0 -36.25 -3.11 0 -37.21 -3.11 -4.12 -37.21
5 24 -3.11 0 -37.21 -3.11 -4.12 -37.21 -2.61 -4.12 -36.25 -3.85 0 -38
4 16 -3.11 -4.12 -37.21 -3.11 0 -37.21 -3.85 0 -38 -3.85 -4.12 -38
5 24 -3.85 0 -38 -3.85 -4.12 -38 -3.11 -4.12 -37.21 -4.77 0 -38.57
4 16 -3.85 -4.12 -38 -3.85 0 -38 -4.77 0 -38.57 -4.77 -4.12 -38.57
5 24 -4.77 0 -38.57 -4.77 -4.12 -38.57 -3.85 -4.12 -38 -5.81 0 -38.86
4 16 -4.77 -4.12 -38.57 -4.77 0 -38.57 -5.81 0 -38.86 -5.81 -4.12 -38.86
4 16 -126.46 0 -42.03 -127.54 0 -42.03 -127.54 -4.12 -42.03 -126.46 -4.12 -42.03
5 24 -127.54 0 -42.03 -127.54 -4.12 -42.03 -126.46 -4.12 -42.03 -128.58 0 -41.74
5 24 -126.46 0 -42.03 -126.46 -4.12 -42.03 -125.42 -4.12 -41.74 -127.54 0 -42.03
4 16 -127.54 -4.12 -42.03 -127.54 0 -42.03 -128.58 0 -41.74 -128.58 -4.12 -41.74
5 24 -128.58 0 -41.74 -128.58 -4.12 -41.74 -127.54 -4.12 -42.03 -129.5 0 -41.18
4 16 -128.58 -4.12 -41.74 -128.58 0 -41.74 -129.5 0 -41.18 -129.5 -4.12 -41.18
5 24 -129.5 0 -41.18 -129.5 -4.12 -41.18 -128.58 -4.12 -41.74 -130.24 0 -40.39
4 16 -129.5 -4.12 -41.18 -129.5 0 -41.18 -130.24 0 -40.39 -130.24 -4.12 -40.39
5 24 -130.24 0 -40.39 -130.24 -4.12 -40.39 -129.5 -4.12 -41.18 -130.74 0 -39.43
4 16 -130.24 -4.12 -40.39 -130.24 0 -40.39 -130.74 0 -39.43 -130.74 -4.12 -39.43
5 24 -130.74 0 -39.43 -130.74 -4.12 -39.43 -130.24 -4.12 -40.39 -130.96 0 -38.37
4 16 -130.74 -4.12 -39.43 -130.74 0 -39.43 -130.96 0 -38.37 -130.96 -4.12 -38.37
5 24 -130.96 0 -38.37 -130.96 -4.12 -38.37 -130.74 -4.12 -39.43 -130.89 0 -37.29
4 16 -130.96 -4.12 -38.37 -130.96 0 -38.37 -130.89 0 -37.29 -130.89 -4.12 -37.29
5 24 -130.89 0 -37.29 -130.89 -4.12 -37.29 -130.96 -4.12 -38.37 -130.52 0 -36.27
4 16 -130.89 -4.12 -37.29 -130.89 0 -37.29 -130.52 0 -36.27 -130.52 -4.12 -36.27
5 24 -130.52 0 -36.27 -130.52 -4.12 -36.27 -130.89 -4.12 -37.29 -129.9 0 -35.39
4 16 -130.52 -4.12 -36.27 -130.52 0 -36.27 -129.9 0 -35.39 -129.9 -4.12 -35.39
5 24 -129.9 0 -35.39 -129.9 -4.12 -35.39 -130.52 -4.12 -36.27 -129.06 0 -34.71
4 16 -129.9 -4.12 -35.39 -129.9 0 -35.39 -129.06 0 -34.71 -129.06 -4.12 -34.71
5 24 -129.06 0 -34.71 -129.06 -4.12 -34.71 -129.9 -4.12 -35.39 -128.07 0 -34.28
4 16 -129.06 -4.12 -34.71 -129.06 0 -34.71 -128.07 0 -34.28 -128.07 -4.12 -34.28
5 24 -128.07 0 -34.28 -128.07 -4.12 -34.28 -129.06 -4.12 -34.71 -127 0 -34.13
4 16 -128.07 -4.12 -34.28 -128.07 0 -34.28 -127 0 -34.13 -127 -4.12 -34.13
5 24 -127 0 -34.13 -127 -4.12 -34.13 -128.07 -4.12 -34.28 -125.93 0 -34.28
4 16 -127 -4.12 -34.13 -127 0 -34.13 -125.93 0 -34.28 -125.93 -4.12 -34.28
5 24 -125.93 0 -34.28 -125.93 -4.12 -34.28 -127 -4.12 -34.13 -124.94 0 -34.71
4 16 -125.93 -4.12 -34.28 -125.93 0 -34.28 -124.94 0 -34.71 -124.94 -4.12 -34.71
5 24 -124.94 0 -34.71 -124.94 -4.12 -34.71 -125.93 -4.12 -34.28 -124.1 0 -35.39
4 16 -124.94 -4.12 -34.71 -124.94 0 -34.71 -124.1 0 -35.39 -124.1 -4.12 -35.39
5 24 -124.1 0 -35.39 -124.1 -4.12 -35.39 -124.94 -4.12 -34.71 -123.48 0 -36.27
4 16 -124.1 -4.12 -35.39 -124.1 0 -35.39 -123.48 0 -36.27 -123.48 -4.12 -36.27
5 24 -123.48 0 -36.27 -123.48 -4.12 -36.27 -124.1 -4.12 -35.39 -123.11 0 -37.29
4 16 -123.48 -4.12 -36.27 -123.48 0 -36.27 -123.11 0 -37.29 -123.11 -4.12 -37.29
5 24 -123.11 0 -37.29 -123.11 -4.12 -37.29 -123.48 -4.12 -36.27 -123.04 0 -38.37
4 16 -123.11 -4.12 -37.29 -123.11 0 -37.29 -123.04 0 -38.37 -123.04 -4.12 -38.37
5 24 -123.04 0 -38.37 -123.04 -4.12 -38.37 -123.11 -4.12 -37.29 -123.26 0 -39.43
4 16 -123.04 -4.12 -38.37 -123.04 0 -38.37 -123.26 0 -39.43 -123.26 -4.12 -39.43
5 24 -123.26 0 -39.43 -123.26 -4.12 -39.43 -123.04 -4.12 -38.37 -123.76 0 -40.39
4 16 -123.26 -4.12 -39.43 -123.26 0 -39.43 -123.76 0 -40.39 -123.76 -4.12 -40.39
5 24 -123.76 0 -40.39 -123.76 -4.12 -40.39 -123.26 -4.12 -39.43 -124.5 0 -41.18
4 16 -123.76 -4.12 -40.39 -123.76 0 -40.39 -124.5 0 -41.18 -124.5 -4.12 -41.18
5 24 -124.5 0 -41.18 -124.5 -4.12 -41.18 -123.76 -4.12 -40.39 -125.42 0 -41.74
4 16 -124.5 -4.12 -41.18 -124.5 0 -41.18 -125.42 0 -41.74 -125.42 -4.12 -41.74
5 24 -125.42 0 -41.74 -125.42 -4.12 -41.74 -124.5 -4.12 -41.18 -126.46 0 -42.03
4 16 -125.42 -4.12 -41.74 -125.42 0 -41.74 -126.46 0 -42.03 -126.46 -4.12 -42.03
4 16 -88.36 0 -169.03 -89.44 0 -169.03 -89.44 -4.12 -169.03 -88.36 -4.12 -169.03
5 24 -89.44 0 -169.03 -89.44 -4.12 -169.03 -88.36 -4.12 -169.03 -90.48 0 -168.74
5 24 -88.36 0 -169.03 -88.36 -4.12 -169.03 -87.32 -4.12 -168.74 -89.44 0 -169.03
4 16 -89.44 -4.12 -169.03 -89.44 0 -169.03 -90.48 0 -168.74 -90.48 -4.12 -168.74
5 24 -90.48 0 -168.74 -90.48 -4.12 -168.74 -89.44 -4.12 -169.03 -91.4 0 -168.18
4 16 -90.48 -4.12 -168.74 -90.48 0 -168.74 -91.4 0 -168.18 -91.4 -4.12 -168.18
5 24 -91.4 0 -168.18 -91.4 -4.12 -168.18 -90.48 -4.12 -168.74 -92.14 0 -167.39
4 16 -91.4 -4.12 -168.18 -91.4 0 -168.18 -92.14 0 -167.39 -92.14 -4.12 -167.39
5 24 -92.14 0 -167.39 -92.14 -4.12 -167.39 -91.4 -4.12 -168.18 -92.64 0 -166.43
4 16 -92.14 -4.12 -167.39 -92.14 0 -167.39 -92.64 0 -166.43 -92.64 -4.12 -166.43
5 24 -92.64 0 -166.43 -92.64 -4.12 -166.43 -92.14 -4.12 -167.39 -92.86 0 -165.37
4 16 -92.64 -4.12 -166.43 -92.64 0 -166.43 -92.86 0 -165.37 -92.86 -4.12 -165.37
5 24 -92.86 0 -165.37 -92.86 -4.12 -165.37 -92.64 -4.12 -166.43 -92.79 0 -164.29
4 16 -92.86 -4.12 -165.37 -92.86 0 -165.37 -92.79 0 -164.29 -92.79 -4.12 -164.29
5 24 -92.79 0 -164.29 -92.79 -4.12 -164.29 -92.86 -4.12 -165.37 -92.42 0 -163.27
4 16 -92.79 -4.12 -164.29 -92.79 0 -164.29 -92.42 0 -163.27 -92.42 -4.12 -163.27
5 24 -92.42 0 -163.27 -92.42 -4.12 -163.27 -92.79 -4.12 -164.29 -91.8 0 -162.39
4 16 -92.42 -4.12 -163.27 -92.42 0 -163.27 -91.8 0 -162.39 -91.8 -4.12 -162.39
5 24 -91.8 0 -162.39 -91.8 -4.12 -162.39 -92.42 -4.12 -163.27 -90.96 0 -161.71
4 16 -91.8 -4.12 -162.39 -91.8 0 -162.39 -90.96 0 -161.71 -90.96 -4.12 -161.71
5 24 -90.96 0 -161.71 -90.96 -4.12 -161.71 -91.8 -4.12 -162.39 -89.97 0 -161.28
4 16 -90.96 -4.12 -161.71 -90.96 0 -161.71 -89.97 0 -161.28 -89.97 -4.12 -161.28
5 24 -89.97 0 -161.28 -89.97 -4.12 -161.28 -90.96 -4.12 -161.71 -88.9 0 -161.13
4 16 -89.97 -4.12 -161.28 -89.97 0 -161.28 -88.9 0 -161.13 -88.9 -4.12 -161.13
5 24 -88.9 0 -161.13 -88.9 -4.12 -161.13 -89.97 -4.12 -161.28 -87.83 0 -161.28
4 16 -88.9 -4.12 -161.13 -88.9 0 -161.13 -87.83 0 -161.28 -87.83 -4.12 -161.28
5 24 -87.83 0 -161.28 -87.83 -4.12 -161.28 -88.9 -4.12 -161.13 -86.84 0 -161.71
4 16 -87.83 -4.12 -161.28 -87.83 0 -161.28 -86.84 0 -161.71 -86.84 -4.12 -161.71
5 24 -86.84 0 -161.71 -86.84 -4.12 -161.71 -87.83 -4.12 -161.28 -86 0 -162.39
4 16 -86.84 -4.12 -161.71 -86.84 0 -161.71 -86 0 -162.39 -86 -4.12 -162.39
5 24 -86 0 -162.39 -86 -4.12 -162.39 -86.84 -4.12 -161.71 -85.38 0 -163.27
4 16 -86 -4.12 -162.39 -86 0 -162.39 -85.38 0 -163.27 -85.38 -4.12 -163.27
5 24 -85.38 0 -163.27 -85.38 -4.12 -163.27 -86 -4.12 -162.39 -85.01 0 -164.29
4 16 -85.38 -4.12 -163.27 -85.38 0 -163.27 -85.01 0 -164.29 -85.01 -4.12 -164.29
5 24 -85.01 0 -164.29 -85.01 -4.12 -164.29 -85.38 -4.12 -163.27 -84.94 0 -165.37
4 16 -85.01 -4.12 -164.29 -85.01 0 -164.29 -84.94 0 -165.37 -84.94 -4.12 -165.37
5 24 -84.94 0 -165.37 -84.94 -4.12 -165.37 -85.01 -4.12 -164.29 -85.16 0 -166.43
4 16 -84.94 -4.12 -165.37 -84.94 0 -165.37 -85.16 0 -166.43 -85.16 -4.12 -166.43
5 24 -85.16 0 -166.43 -85.16 -4.12 -166.43 -84.94 -4.12 -165.37 -85.66 0 -167.39
4 16 -85.16 -4.12 -166.43 -85.16 0 -166.43 -85.66 0 -167.39 -85.66 -4.12 -167.39
5 24 -85.66 0 -167.39 -85.66 -4.12 -167.39 -85.16 -4.12 -166.43 -86.4 0 -168.18
4 16 -85.66 -4.12 -167.39 -85.66 0 -167.39 -86.4 0 -168.18 -86.4 -4.12 -168.18
5 24 -86.4 0 -168.18 -86.4 -4.12 -168.18 -85.66 -4.12 -167.39 -87.32 0 -168.74
4 16 -86.4 -4.12 -168.18 -86.4 0 -168.18 -87.32 0 -168.74 -87.32 -4.12 -168.74
5 24 -87.32 0 -168.74 -87.32 -4.12 -168.74 -86.4 -4.12 -168.18 -88.36 0 -169.03
4 16 -87.32 -4.12 -168.74 -87.32 0 -168.74 -88.36 0 -169.03 -88.36 -4.12 -169.03
4 16 -18.51 0 -169.03 -19.59 0 -169.03 -19.59 -4.12 -169.03 -18.51 -4.12 -169.03
5 24 -19.59 0 -169.03 -19.59 -4.12 -169.03 -18.51 -4.12 -169.03 -20.63 0 -168.74
5 24 -18.51 0 -169.03 -18.51 -4.12 -169.03 -17.47 -4.12 -168.74 -19.59 0 -169.03
4 16 -19.59 -4.12 -169.03 -19.59 0 -169.03 -20.63 0 -168.74 -20.63 -4.12 -168.74
5 24 -20.63 0 -168.74 -20.63 -4.12 -168.74 -19.59 -4.12 -169.03 -21.55 0 -168.18
4 16 -20.63 -4.12 -168.74 -20.63 0 -168.74 -21.55 0 -168.18 -21.55 -4.12 -168.18
5 24 -21.55 0 -168.18 -21.55 -4.12 -168.18 -20.63 -4.12 -168.74 -22.29 0 -167.39
4 16 -21.55 -4.12 -168.18 -21.55 0 -168.18 -22.29 0 -167.39 -22.29 -4.12 -167.39
5 24 -22.29 0 -167.39 -22.29 -4.12 -167.39 -21.55 -4.12 -168.18 -22.79 0 -166.43
4 16 -22.29 -4.12 -167.39 -22.29 0 -167.39 -22.79 0 -166.43 -22.79 -4.12 -166.43
5 24 -22.79 0 -166.43 -22.79 -4.12 -166.43 -22.29 -4.12 -167.39 -23.01 0 -165.37
4 16 -22.79 -4.12 -166.43 -22.79 0 -166.43 -23.01 0 -165.37 -23.01 -4.12 -165.37
5 24 -23.01 0 -165.37 -23.01 -4.12 -165.37 -22.79 -4.12 -166.43 -22.94 0 -164.29
4 16 -23.01 -4.12 -165.37 -23.01 0 -165.37 -22.94 0 -164.29 -22.94 -4.12 -164.29
5 24 -22.94 0 -164.29 -22.94 -4.12 -164.29 -23.01 -4.12 -165.37 -22.57 0 -163.27
4 16 -22.94 -4.12 -164.29 -22.94 0 -164.29 -22.57 0 -163.27 -22.57 -4.12 -163.27
5 24 -22.57 0 -163.27 -22.57 -4.12 -163.27 -22.94 -4.12 -164.29 -21.95 0 -162.39
4 16 -22.57 -4.12 -163.27 -22.57 0 -163.27 -21.95 0 -162.39 -21.95 -4.12 -162.39
5 24 -21.95 0 -162.39 -21.95 -4.12 -162.39 -22.57 -4.12 -163.27 -21.11 0 -161.71
4 16 -21.95 -4.12 -162.39 -21.95 0 -162.39 -21.11 0 -161.71 -21.11 -4.12 -161.71
5 24 -21.11 0 -161.71 -21.11 -4.12 -161.71 -21.95 -4.12 -162.39 -20.12 0 -161.28
4 16 -21.11 -4.12 -161.71 -21.11 0 -161.71 -20.12 0 -161.28 -20.12 -4.12 -161.28
5 24 -20.12 0 -161.28 -20.12 -4.12 -161.28 -21.11 -4.12 -161.71 -19.05 0 -161.13
4 16 -20.12 -4.12 -161.28 -20.12 0 -161.28 -19.05 0 -161.13 -19.05 -4.12 -161.13
5 24 -19.05 0 -161.13 -19.05 -4.12 -161.13 -20.12 -4.12 -161.28 -17.98 0 -161.28
4 16 -19.05 -4.12 -161.13 -19.05 0 -161.13 -17.98 0 -161.28 -17.98 -4.12 -161.28
5 24 -17.98 0 -161.28 -17.98 -4.12 -161.28 -19.05 -4.12 -161.13 -16.99 0 -161.71
4 16 -17.98 -4.12 -161.28 -17.98 0 -161.28 -16.99 0 -161.71 -16.99 -4.12 -161.71
5 24 -16.99 0 -161.71 -16.99 -4.12 -161.71 -17.98 -4.12 -161.28 -16.15 0 -162.39
4 16 -16.99 -4.12 -161.71 -16.99 0 -161.71 -16.15 0 -162.39 -16.15 -4.12 -162.39
5 24 -16.15 0 -162.39 -16.15 -4.12 -162.39 -16.99 -4.12 -161.71 -15.53 0 -163.27
4 16 -16.15 -4.12 -162.39 -16.15 0 -162.39 -15.53 0 -163.27 -15.53 -4.12 -163.27
5 24 -15.53 0 -163.27 -15.53 -4.12 -163.27 -16.15 -4.12 -162.39 -15.16 0 -164.29
4 16 -15.53 -4.12 -163.27 -15.53 0 -163.27 -15.16 0 -164.29 -15.16 -4.12 -164.29
5 24 -15.16 0 -164.29 -15.16 -4.12 -164.29 -15.53 -4.12 -163.27 -15.09 0 -165.37
4 16 -15.16 -4.12 -164.29 -15.16 0 -164.29 -15.09 0 -165.37 -15.09 -4.12 -165.37
5 24 -15.09 0 -165.37 -15.09 -4.12 -165.37 -15.16 -4.12 -164.29 -15.31 0 -166.43
4 16 -15.09 -4.12 -165.37 -15.09 0 -165.37 -15.31 0 -166.43 -15.31 -4.12 -166.43
5 24 -15.31 0 -166.43 -15.31 -4.12 -166.43 -15.09 -4.12 -165.37 -15.81 0 -167.39
4 16 -15.31 -4.12 -166.43 -15.31 0 -166.43 -15.81 0 -167.39 -15.81 -4.12 -167.39
5 24 -15.81 0 -167.39 -15.81 -4.12 -167.39 -15.31 -4.12 -166.43 -16.55 0 -168.18
4 16 -15.81 -4.12 -167.39 -15.81 0 -167.39 -16.55 0 -168.18 -16.55 -4.12 -168.18
5 24 -16.55 0 -168.18 -16.55 -4.12 -168.18 -15.81 -4.12 -167.39 -17.47 0 -168.74
4 16 -16.55 -4.12 -168.18 -16.55 0 -168.18 -17.47 0 -168.74 -17.47 -4.12 -168.74
5 24 -17.47 0 -168.74 -17.47 -4.12 -168.74 -16.55 -4.12 -168.18 -18.51 0 -169.03
4 16 -17.47 -4.12 -168.74 -17.47 0 -168.74 -18.51 0 -169.03 -18.51 -4.12 -169.03
4 16 0 0 0 -133.35 0 0 -133.35 -4.12 0 0 -4.12 0
2 24 -133.35 0 0 -133.35 -4.12 0
2 24 0 -4.12 0 0 0 0
4 16 0 0 0 0 -4.12 0 0 -4.12 -165.1 0 0 -165.1
2 24 0 -4.12 -165.1 0 0 -165.1
4 16 -133.35 0 0 -133.35 0 -165.1 -133.35 -4.12 -165.1 -133.35 -4.12 0
2 24 -133.35 0 -165.1 -133.35 -4.12 -165.1
4 16 -100.96 0 -165.1 -100.96 -4.12 -165.1 -133.35 -4.12 -165.1 -133.35 0 -165.1
2 24 -100.96 0 -165.1 -100.96 -4.12 -165.1
4 16 -100.96 0 -165.1 -94.61 0 -171.45 -94.61 -4.12 -171.45 -100.96 -4.12 -165.1
2 24 -94.61 0 -171.45 -94.61 -4.12 -171.45
4 16 -12.7 0 -171.45 -12.7 -4.12 -171.45 -94.61 -4.12 -171.45 -94.61 0 -171.45
2 24 -12.7 0 -171.45 -12.7 -4.12 -171.45
4 16 -6.35 0 -165.1 -6.35 -4.12 -165.1 -12.7 -4.12 -171.45 -12.7 0 -171.45
2 24 -6.35 0 -165.1 -6.35 -4.12 -165.1
4 16 0 0 -165.1 0 -4.12 -165.1 -6.35 -4.12 -165.1 -6.35 0 -165.1
