0 Bitbeam Axle mount small U  8 x  8
0 Name: bb-adp-sm2.dat
0 Author: Tomas Feltl (e-Mole.cz)
0 !LDRAW_ORG Unofficial_Part
0 !LICENSE Redistributable under CCAL version 2.0 : see CAreadme.txt

0 BFC CERTIFY CCW

0 // Created with stl2dat conversion tool
0 BFC INVERTNEXT
1 16 0 0 -20 -4.42 0 4.42 4.42 0 4.42 0 30 0 1-4cyli.dat
1 16 0 0 -20 -4.42 0 4.42 4.42 0 4.42 0 1 0 1-4edge.dat
1 16 0 0 10 -4.42 0 4.42 4.42 0 4.42 0 1 0 1-4edge.dat
0 BFC INVERTNEXT
1 16 0 0 -20 4.42 0 -4.42 -4.42 0 -4.42 0 30 0 1-4cyli.dat
1 16 0 0 -20 4.42 0 -4.42 -4.42 0 -4.42 0 1 0 1-4edge.dat
1 16 0 0 10 4.42 0 -4.42 -4.42 0 -4.42 0 1 0 1-4edge.dat

3 16 14.3566 3.811003 -1.703569 14.3566 4.125 -0.125 14.3566 7.125 -4.238621
2 24 14.3566 4.125 -0.125 14.3566 3.811003 -1.703569
4 16 14.3566 7.125 -4.238621 14.3566 4.125 -0.125 14.3566 3.811003 1.453569 14.3566 7.125 10
2 24 14.3566 3.811003 1.453569 14.3566 4.125 -0.125
2 24 14.3566 7.125 -4.238621 14.3566 7.125 10
3 16 14.3566 7.125 10 14.3566 3.811003 1.453569 14.3566 2.916815 2.791815
2 24 14.3566 2.916815 2.791815 14.3566 3.811003 1.453569
3 16 14.3566 7.125 10 14.3566 2.916815 2.791815 14.3566 1.578569 3.686003
2 24 14.3566 1.578569 3.686003 14.3566 2.916815 2.791815
3 16 14.3566 1.578569 3.686003 14.3566 0 4 14.3566 7.125 10
2 24 14.3566 0 4 14.3566 1.578569 3.686003
4 16 14.3566 7.125 10 14.3566 0 4 14.3566 -1.578569 3.686003 14.3566 -7.125 10
2 24 14.3566 -1.578569 3.686003 14.3566 0 4
2 24 14.3566 7.125 10 14.3566 -7.125 10
3 16 14.3566 -7.125 10 14.3566 -1.578569 3.686003 14.3566 -2.916815 2.791815
2 24 14.3566 -2.916815 2.791815 14.3566 -1.578569 3.686003
3 16 14.3566 -7.125 10 14.3566 -2.916815 2.791815 14.3566 -3.811003 1.453569
2 24 14.3566 -3.811003 1.453569 14.3566 -2.916815 2.791815
4 16 14.3566 -7.125 10 14.3566 -3.811003 1.453569 14.3566 -4.125 -0.125 14.3566 -7.125 -4.238621
2 24 14.3566 -4.125 -0.125 14.3566 -3.811003 1.453569
2 24 14.3566 -7.125 10 14.3566 -7.125 -4.238621
3 16 14.3566 -7.125 -4.238621 14.3566 -4.125 -0.125 14.3566 -3.811003 -1.703569
2 24 14.3566 -3.811003 -1.703569 14.3566 -4.125 -0.125
3 16 14.3566 -3.811003 -1.703569 14.3566 -2.916815 -3.041815 14.3566 -7.125 -4.238621
2 24 14.3566 -2.916815 -3.041815 14.3566 -3.811003 -1.703569
3 16 14.3566 -7.125 -4.238621 14.3566 -2.916815 -3.041815 14.3566 -1.578569 -3.936003
2 24 14.3566 -1.578569 -3.936003 14.3566 -2.916815 -3.041815
4 16 14.3566 -7.125 -4.238621 14.3566 -1.578569 -3.936003 14.3566 0 -4.25 14.3566 0 -8.352241
2 24 14.3566 0 -4.25 14.3566 -1.578569 -3.936003
2 24 14.3566 -7.125 -4.238621 14.3566 0 -8.352241
3 16 14.3566 0 -8.352241 14.3566 0 -4.25 14.3566 1.578569 -3.936003
2 24 14.3566 1.578569 -3.936003 14.3566 0 -4.25
4 16 14.3566 0 -8.352241 14.3566 1.578569 -3.936003 14.3566 2.916815 -3.041815 14.3566 7.125 -4.238621
2 24 14.3566 2.916815 -3.041815 14.3566 1.578569 -3.936003
2 24 14.3566 0 -8.352241 14.3566 7.125 -4.238621
3 16 14.3566 7.125 -4.238621 14.3566 2.916815 -3.041815 14.3566 3.811003 -1.703569
2 24 14.3566 3.811003 -1.703569 14.3566 2.916815 -3.041815

3 16 8.106602 1.578569 3.686003 8.106602 2.916815 2.791815 8.106602 7.125 10
2 24 8.106602 2.916815 2.791815 8.106602 1.578569 3.686003
3 16 8.106602 7.125 10 8.106602 2.916815 2.791815 8.106602 3.811003 1.453569
2 24 8.106602 3.811003 1.453569 8.106602 2.916815 2.791815
4 16 8.106602 7.125 10 8.106602 3.811003 1.453569 8.106602 4.125 -0.125 8.106602 7.125 -4.238621
2 24 8.106602 4.125 -0.125 8.106602 3.811003 1.453569
2 24 8.106602 7.125 10 8.106602 7.125 -4.238621
3 16 8.106602 7.125 -4.238621 8.106602 4.125 -0.125 8.106602 3.811003 -1.703569
2 24 8.106602 3.811003 -1.703569 8.106602 4.125 -0.125
3 16 8.106602 1.578569 3.686003 8.106602 7.125 10 8.106602 0 4
2 24 8.106602 1.578569 3.686003 8.106602 0 4
4 16 8.106602 0 4 8.106602 7.125 10 8.106602 -7.125 10 8.106602 -1.578569 3.686003
2 24 8.106602 -7.125 10 8.106602 7.125 10
2 24 8.106602 0 4 8.106602 -1.578569 3.686003
3 16 8.106602 -1.578569 3.686003 8.106602 -7.125 10 8.106602 -2.916815 2.791815
2 24 8.106602 -1.578569 3.686003 8.106602 -2.916815 2.791815
3 16 8.106602 -2.916815 2.791815 8.106602 -7.125 10 8.106602 -3.811003 1.453569
2 24 8.106602 -2.916815 2.791815 8.106602 -3.811003 1.453569
4 16 8.106602 -3.811003 1.453569 8.106602 -7.125 10 8.106602 -7.125 -4.238621 8.106602 -4.125 -0.125
2 24 8.106602 -7.125 -4.238621 8.106602 -7.125 10
2 24 8.106602 -3.811003 1.453569 8.106602 -4.125 -0.125
3 16 8.106602 -4.125 -0.125 8.106602 -7.125 -4.238621 8.106602 -3.811003 -1.703569
2 24 8.106602 -4.125 -0.125 8.106602 -3.811003 -1.703569
3 16 8.106602 1.578569 -3.936003 8.11 0 -4.25 8.106602 0 -8.352241
2 24 8.11 0 -4.25 8.106602 1.578569 -3.936003
3 16 8.106602 0 -8.352241 8.11 0 -4.25 8.106602 -1.578569 -3.936003
2 24 8.106602 -1.578569 -3.936003 8.11 0 -4.25
4 16 8.106602 0 -8.352241 8.106602 -1.578569 -3.936003 8.106602 -2.916815 -3.041815 8.106602 -7.125 -4.238621
2 24 8.106602 -2.916815 -3.041815 8.106602 -1.578569 -3.936003
2 24 8.106602 0 -8.352241 8.106602 -7.125 -4.238621
3 16 8.106602 -7.125 -4.238621 8.106602 -2.916815 -3.041815 8.106602 -3.811003 -1.703569
2 24 8.106602 -3.811003 -1.703569 8.106602 -2.916815 -3.041815
4 16 8.106602 0 -8.352241 8.106602 7.125 -4.238621 8.106602 2.916815 -3.041815 8.106602 1.578569 -3.936003
2 24 8.106602 0 -8.352241 8.106602 7.125 -4.238621
2 24 8.106602 1.578569 -3.936003 8.106602 2.916815 -3.041815
3 16 8.106602 3.811003 -1.703569 8.106602 2.916815 -3.041815 8.106602 7.125 -4.238621
2 24 8.106602 2.916815 -3.041815 8.106602 3.811003 -1.703569

4 16 -14.3566 3.811003 1.453569 -14.3566 4.125 -0.125 -14.3566 7.125 -4.238621 -14.3566 7.125 10
2 24 -14.3566 3.811003 1.453569 -14.3566 4.125 -0.125
2 24 -14.3566 7.125 10 -14.3566 7.125 -4.238621
3 16 -14.3566 7.125 -4.238621 -14.3566 4.125 -0.125 -14.3566 3.811003 -1.703569
2 24 -14.3566 4.125 -0.125 -14.3566 3.811003 -1.703569
3 16 -14.3566 7.125 -4.238621 -14.3566 3.811003 -1.703569 -14.3566 2.916815 -3.041815
2 24 -14.3566 3.811003 -1.703569 -14.3566 2.916815 -3.041815
3 16 -14.3566 2.916815 -3.041815 -14.3566 1.578569 -3.936003 -14.3566 7.125 -4.238621
2 24 -14.3566 2.916815 -3.041815 -14.3566 1.578569 -3.936003
4 16 -14.3566 7.125 -4.238621 -14.3566 1.578569 -3.936003 -14.3566 0 -4.25 -14.3566 0 -8.352241
2 24 -14.3566 1.578569 -3.936003 -14.3566 0 -4.25
2 24 -14.3566 7.125 -4.238621 -14.3566 0 -8.352241
3 16 -14.3566 0 -8.352241 -14.3566 0 -4.25 -14.3566 -1.578569 -3.936003
2 24 -14.3566 0 -4.25 -14.3566 -1.578569 -3.936003
4 16 -14.3566 0 -8.352241 -14.3566 -1.578569 -3.936003 -14.3566 -2.916815 -3.041815 -14.3566 -7.125 -4.238621
2 24 -14.3566 -1.578569 -3.936003 -14.3566 -2.916815 -3.041815
2 24 -14.3566 0 -8.352241 -14.3566 -7.125 -4.238621
3 16 -14.3566 -7.125 -4.238621 -14.3566 -2.916815 -3.041815 -14.3566 -3.811003 -1.703569
2 24 -14.3566 -2.916815 -3.041815 -14.3566 -3.811003 -1.703569
3 16 -14.3566 -3.811003 -1.703569 -14.3566 -4.125 -0.125 -14.3566 -7.125 -4.238621
2 24 -14.3566 -3.811003 -1.703569 -14.3566 -4.125 -0.125
4 16 -14.3566 -7.125 -4.238621 -14.3566 -4.125 -0.125 -14.3566 -3.811003 1.453569 -14.3566 -7.125 10
2 24 -14.3566 -4.125 -0.125 -14.3566 -3.811003 1.453569
2 24 -14.3566 -7.125 -4.238621 -14.3566 -7.125 10
3 16 -14.3566 -7.125 10 -14.3566 -3.811003 1.453569 -14.3566 -2.916815 2.791815
2 24 -14.3566 -3.811003 1.453569 -14.3566 -2.916815 2.791815
3 16 -14.3566 -7.125 10 -14.3566 -2.916815 2.791815 -14.3566 -1.578569 3.686003
2 24 -14.3566 -2.916815 2.791815 -14.3566 -1.578569 3.686003
3 16 -14.3566 -1.578569 3.686003 -14.3566 0 4 -14.3566 -7.125 10
2 24 -14.3566 -1.578569 3.686003 -14.3566 0 4
4 16 -14.3566 -7.125 10 -14.3566 0 4 -14.3566 1.578569 3.686003 -14.3566 7.125 10
2 24 -14.3566 0 4 -14.3566 1.578569 3.686003
2 24 -14.3566 -7.125 10 -14.3566 7.125 10
3 16 -14.3566 7.125 10 -14.3566 1.578569 3.686003 -14.3566 2.916815 2.791815
2 24 -14.3566 1.578569 3.686003 -14.3566 2.916815 2.791815
3 16 -14.3566 7.125 10 -14.3566 2.916815 2.791815 -14.3566 3.811003 1.453569
2 24 -14.3566 2.916815 2.791815 -14.3566 3.811003 1.453569

3 16 -8.106602 -1.578569 3.686003 -8.106602 -2.916815 2.791815 -8.106602 -7.125 10
2 24 -8.106602 -1.578569 3.686003 -8.106602 -2.916815 2.791815
3 16 -8.106602 -7.125 10 -8.106602 -2.916815 2.791815 -8.106602 -3.811003 1.453569
2 24 -8.106602 -2.916815 2.791815 -8.106602 -3.811003 1.453569
4 16 -8.106602 -7.125 10 -8.106602 -3.811003 1.453569 -8.106602 -4.125 -0.125 -8.106602 -7.125 -4.238621
2 24 -8.106602 -3.811003 1.453569 -8.106602 -4.125 -0.125
2 24 -8.106602 -7.125 10 -8.106602 -7.125 -4.238621
3 16 -8.106602 -7.125 -4.238621 -8.106602 -4.125 -0.125 -8.106602 -3.811003 -1.703569
2 24 -8.106602 -4.125 -0.125 -8.106602 -3.811003 -1.703569
3 16 -8.106602 -1.578569 3.686003 -8.106602 -7.125 10 -8.106602 0 4
2 24 -8.106602 0 4 -8.106602 -1.578569 3.686003
4 16 -8.106602 0 4 -8.106602 -7.125 10 -8.106602 7.125 10 -8.106602 1.578569 3.686003
2 24 -8.106602 7.125 10 -8.106602 -7.125 10
2 24 -8.106602 1.578569 3.686003 -8.106602 0 4
3 16 -8.106602 1.578569 3.686003 -8.106602 7.125 10 -8.106602 2.916815 2.791815
2 24 -8.106602 2.916815 2.791815 -8.106602 1.578569 3.686003
3 16 -8.106602 2.916815 2.791815 -8.106602 7.125 10 -8.106602 3.811003 1.453569
2 24 -8.106602 3.811003 1.453569 -8.106602 2.916815 2.791815
4 16 -8.106602 3.811003 1.453569 -8.106602 7.125 10 -8.106602 7.125 -4.238621 -8.106602 4.125 -0.125
2 24 -8.106602 7.125 -4.238621 -8.106602 7.125 10
2 24 -8.106602 4.125 -0.125 -8.106602 3.811003 1.453569
3 16 -8.106602 4.125 -0.125 -8.106602 7.125 -4.238621 -8.106602 3.811003 -1.703569
2 24 -8.106602 3.811003 -1.703569 -8.106602 4.125 -0.125
3 16 -8.106602 -1.578569 -3.936003 -8.11 0 -4.25 -8.106602 0 -8.352241
2 24 -8.106602 -1.578569 -3.936003 -8.11 0 -4.25
3 16 -8.106602 0 -8.352241 -8.11 0 -4.25 -8.106602 1.578569 -3.936003
2 24 -8.11 0 -4.25 -8.106602 1.578569 -3.936003
4 16 -8.106602 0 -8.352241 -8.106602 1.578569 -3.936003 -8.106602 2.916815 -3.041815 -8.106602 7.125 -4.238621
2 24 -8.106602 1.578569 -3.936003 -8.106602 2.916815 -3.041815
2 24 -8.106602 7.125 -4.238621 -8.106602 0 -8.352241
3 16 -8.106602 7.125 -4.238621 -8.106602 2.916815 -3.041815 -8.106602 3.811003 -1.703569
2 24 -8.106602 2.916815 -3.041815 -8.106602 3.811003 -1.703569
4 16 -8.106602 0 -8.352241 -8.106602 -7.125 -4.238621 -8.106602 -2.916815 -3.041815 -8.106602 -1.578569 -3.936003
2 24 -8.106602 0 -8.352241 -8.106602 -7.125 -4.238621
2 24 -8.106602 -2.916815 -3.041815 -8.106602 -1.578569 -3.936003
3 16 -8.106602 -3.811003 -1.703569 -8.106602 -2.916815 -3.041815 -8.106602 -7.125 -4.238621
2 24 -8.106602 -3.811003 -1.703569 -8.106602 -2.916815 -3.041815

3 16 -4.419417 -4.419417 10 -5.774247 -2.391771 10 -8.106602 -7.125 10
2 24 -4.419417 -4.419417 10 -5.774247 -2.391771 10
3 16 -8.106602 -7.125 10 -5.774247 -2.391771 10 -6.25 0 10
2 24 -5.774247 -2.391771 10 -6.25 0 10
3 16 -8.106602 -7.125 10 -6.25 0 10 -8.106602 7.125 10
3 16 -8.106602 7.125 10 -6.25 0 10 -5.774247 2.391771 10
2 24 -6.25 0 10 -5.774247 2.391771 10
3 16 -8.106602 7.125 10 -5.774247 2.391771 10 -4.419417 4.419417 10
2 24 -5.774247 2.391771 10 -4.419417 4.419417 10
4 16 -19.7176 0 10 -18.31969 -7.291954 10 -14.3566 -7.125 10 -14.3566 7.125 10
2 24 -19.7176 0 10 -18.31969 -7.291954 10
3 16 -14.3566 -7.125 10 -18.31969 -7.291954 10 -14.32418 -13.54996 10
2 24 -18.31969 -7.291954 10 -14.32418 -13.54996 10
3 16 -14.3566 -7.125 10 -14.32418 -13.54996 10 -8.106602 -7.125 10
2 24 -8.106602 -7.125 10 -14.3566 -7.125 10
4 16 -8.106602 -7.125 10 -14.32418 -13.54996 10 -8.297607 -17.88668 10 -6.934173 -14.97669 10
2 24 -14.32418 -13.54996 10 -8.297607 -17.88668 10
2 24 -6.934173 -14.97669 10 -8.297607 -17.88668 10
3 16 -8.106602 -7.125 10 -6.934173 -14.97669 10 -4.594024 -12.77426 10
2 24 -4.594024 -12.77426 10 -6.934173 -14.97669 10
4 16 -19.7176 0 10 -14.3566 7.125 10 -14.32418 13.54996 10 -18.31969 7.291954 10
2 24 -14.32418 13.54996 10 -18.31969 7.291954 10
2 24 -18.31969 7.291954 10 -19.7176 0 10
3 16 -14.32418 13.54996 10 -14.3566 7.125 10 -8.106602 7.125 10
2 24 -14.3566 7.125 10 -8.106602 7.125 10
4 16 -14.32418 13.54996 10 -8.106602 7.125 10 -6.934173 14.97669 10 -8.297607 17.88668 10
2 24 -8.297607 17.88668 10 -6.934173 14.97669 10
2 24 -8.297607 17.88668 10 -14.32418 13.54996 10
3 16 -6.934173 14.97669 10 -8.106602 7.125 10 -4.594024 12.77426 10
2 24 -6.934173 14.97669 10 -4.594024 12.77426 10
3 16 -4.419417 4.419417 10 -2.391771 5.774247 10 -8.106602 7.125 10
4 16 -8.106602 7.125 10 -2.391771 5.774247 10 -1.606783 11.58961 10 -4.594024 12.77426 10
2 24 -4.594024 12.77426 10 -1.606783 11.58961 10
4 16 -1.606783 11.58961 10 -2.391771 5.774247 10 0 6.25 10 1.606783 11.58961 10
2 24 -1.606783 11.58961 10 1.606783 11.58961 10
4 16 1.606783 11.58961 10 0 6.25 10 2.391771 5.774247 10 4.594024 12.77426 10
2 24 1.606783 11.58961 10 4.594024 12.77426 10
4 16 4.594024 12.77426 10 2.391771 5.774247 10 4.419417 4.419417 10 8.106602 7.125 10
3 16 4.594024 12.77426 10 8.106602 7.125 10 6.934173 14.97669 10
2 24 4.594024 12.77426 10 6.934173 14.97669 10
4 16 6.934173 14.97669 10 8.106602 7.125 10 14.3566 7.125 10 14.32418 13.54996 10
2 24 8.106602 7.125 10 14.3566 7.125 10
3 16 6.934173 14.97669 10 14.32418 13.54996 10 8.297607 17.88668 10
2 24 14.32418 13.54996 10 8.297607 17.88668 10
2 24 6.934173 14.97669 10 8.297607 17.88668 10
3 16 8.106602 7.125 10 4.419417 4.419417 10 5.774247 2.391771 10
2 24 4.419417 4.419417 10 5.774247 2.391771 10
3 16 8.106602 7.125 10 5.774247 2.391771 10 6.25 0 10
2 24 5.774247 2.391771 10 6.25 0 10
3 16 8.106602 7.125 10 6.25 0 10 8.106602 -7.125 10
3 16 8.106602 -7.125 10 6.25 0 10 5.774247 -2.391771 10
2 24 6.25 0 10 5.774247 -2.391771 10
3 16 8.106602 -7.125 10 5.774247 -2.391771 10 4.419417 -4.419417 10
2 24 5.774247 -2.391771 10 4.419417 -4.419417 10
3 16 4.419417 -4.419417 10 2.391771 -5.774247 10 8.106602 -7.125 10
4 16 8.106602 -7.125 10 2.391771 -5.774247 10 1.606783 -11.58961 10 4.594024 -12.77426 10
2 24 4.594024 -12.77426 10 1.606783 -11.58961 10
3 16 8.106602 -7.125 10 4.594024 -12.77426 10 6.934173 -14.97669 10
2 24 6.934173 -14.97669 10 4.594024 -12.77426 10
4 16 1.606783 -11.58961 10 2.391771 -5.774247 10 0 -6.25 10 -1.606783 -11.58961 10
2 24 1.606783 -11.58961 10 -1.606783 -11.58961 10
4 16 -1.606783 -11.58961 10 0 -6.25 10 -2.391771 -5.774247 10 -4.594024 -12.77426 10
2 24 -1.606783 -11.58961 10 -4.594024 -12.77426 10
4 16 -4.594024 -12.77426 10 -2.391771 -5.774247 10 -4.419417 -4.419417 10 -8.106602 -7.125 10
3 16 14.32418 -13.54996 10 18.31969 -7.291954 10 14.3566 -7.125 10
2 24 14.32418 -13.54996 10 18.31969 -7.291954 10
4 16 14.3566 -7.125 10 18.31969 -7.291954 10 19.7176 0 10 14.3566 7.125 10
2 24 18.31969 -7.291954 10 19.7176 0 10
4 16 14.3566 7.125 10 19.7176 0 10 18.31969 7.291954 10 14.32418 13.54996 10
2 24 19.7176 0 10 18.31969 7.291954 10
2 24 18.31969 7.291954 10 14.32418 13.54996 10
3 16 14.3566 -7.125 10 8.106602 -7.125 10 14.32418 -13.54996 10
2 24 14.3566 -7.125 10 8.106602 -7.125 10
4 16 14.32418 -13.54996 10 8.106602 -7.125 10 6.934173 -14.97669 10 8.297607 -17.88668 10
2 24 8.297607 -17.88668 10 6.934173 -14.97669 10
2 24 8.297607 -17.88668 10 14.32418 -13.54996 10

3 16 -4.419425 4.419425 -20 -5.774257 2.391776 -20 -10 10 -20
2 24 -4.419425 4.419425 -20 -5.774257 2.391776 -20
3 16 -10 10 -20 -5.774257 2.391776 -20 -6.250011 0 -20
2 24 -5.774257 2.391776 -20 -6.250011 0 -20
4 16 -10 10 -20 -6.250011 0 -20 -5.774257 -2.391776 -20 -10 -10 -20
2 24 -6.250011 0 -20 -5.774257 -2.391776 -20
2 24 -10 -10 -20 -10 10 -20
3 16 -10 -10 -20 -5.774257 -2.391776 -20 -4.419425 -4.419425 -20
2 24 -5.774257 -2.391776 -20 -4.419425 -4.419425 -20
3 16 4.419425 4.419425 -20 2.391776 5.774257 -20 10 10 -20
3 16 10 10 -20 2.391776 5.774257 -20 0 6.250011 -20
4 16 10 10 -20 0 6.250011 -20 -2.391776 5.774257 -20 -10 10 -20
2 24 10 10 -20 -10 10 -20
3 16 -10 10 -20 -2.391776 5.774257 -20 -4.419425 4.419425 -20
3 16 4.419425 -4.419425 -20 5.774257 -2.391776 -20 10 -10 -20
2 24 4.419425 -4.419425 -20 5.774257 -2.391776 -20
3 16 10 -10 -20 5.774257 -2.391776 -20 6.250011 0 -20
2 24 5.774257 -2.391776 -20 6.250011 0 -20
4 16 10 -10 -20 6.250011 0 -20 5.774257 2.391776 -20 10 10 -20
2 24 6.250011 0 -20 5.774257 2.391776 -20
2 24 10 -10 -20 10 10 -20
3 16 10 10 -20 5.774257 2.391776 -20 4.419425 4.419425 -20
2 24 5.774257 2.391776 -20 4.419425 4.419425 -20
3 16 -4.419425 -4.419425 -20 -2.391776 -5.774257 -20 -10 -10 -20
3 16 -10 -10 -20 -2.391776 -5.774257 -20 0 -6.250011 -20
4 16 -10 -10 -20 0 -6.250011 -20 2.391776 -5.774257 -20 10 -10 -20
2 24 -10 -10 -20 10 -10 -20
3 16 10 -10 -20 2.391776 -5.774257 -20 4.419425 -4.419425 -20

3 16 -14.32418 -13.54996 -10 -18.31969 -7.291954 -10 -10 -10 -10
2 24 -14.32418 -13.54996 -10 -18.31969 -7.291954 -10
4 16 -10 -10 -10 -18.31969 -7.291954 -10 -19.7176 0 -10 -10 10 -10
2 24 -18.31969 -7.291954 -10 -19.7176 0 -10
2 24 -10 10 -10 -10 -10 -10
4 16 -10 10 -10 -19.7176 0 -10 -18.31969 7.291954 -10 -14.32418 13.54996 -10
2 24 -19.7176 0 -10 -18.31969 7.291954 -10
2 24 -18.31969 7.291954 -10 -14.32418 13.54996 -10
3 16 4.594024 -12.77426 -10 1.606783 -11.58961 -10 10 -10 -10
2 24 4.594024 -12.77426 -10 1.606783 -11.58961 -10
4 16 10 -10 -10 1.606783 -11.58961 -10 -1.606783 -11.58961 -10 -10 -10 -10
2 24 1.606783 -11.58961 -10 -1.606783 -11.58961 -10
2 24 10 -10 -10 -10 -10 -10
3 16 -10 -10 -10 -1.606783 -11.58961 -10 -4.594024 -12.77426 -10
2 24 -1.606783 -11.58961 -10 -4.594024 -12.77426 -10
3 16 -10 -10 -10 -4.594024 -12.77426 -10 -6.934173 -14.97669 -10
2 24 -4.594024 -12.77426 -10 -6.934173 -14.97669 -10
3 16 14.32418 13.54996 -10 18.31969 7.291954 -10 10 10 -10
2 24 14.32418 13.54996 -10 18.31969 7.291954 -10
4 16 10 10 -10 18.31969 7.291954 -10 19.7176 0 -10 10 -10 -10
2 24 18.31969 7.291954 -10 19.7176 0 -10
2 24 10 10 -10 10 -10 -10
4 16 10 -10 -10 19.7176 0 -10 18.31969 -7.291954 -10 14.32418 -13.54996 -10
2 24 19.7176 0 -10 18.31969 -7.291954 -10
2 24 18.31969 -7.291954 -10 14.32418 -13.54996 -10
3 16 -4.594024 12.77426 -10 -1.606783 11.58961 -10 -10 10 -10
2 24 -4.594024 12.77426 -10 -1.606783 11.58961 -10
4 16 -10 10 -10 -1.606783 11.58961 -10 1.606783 11.58961 -10 10 10 -10
2 24 -1.606783 11.58961 -10 1.606783 11.58961 -10
2 24 -10 10 -10 10 10 -10
3 16 10 10 -10 1.606783 11.58961 -10 4.594024 12.77426 -10
2 24 1.606783 11.58961 -10 4.594024 12.77426 -10
3 16 10 10 -10 4.594024 12.77426 -10 6.934173 14.97669 -10
2 24 4.594024 12.77426 -10 6.934173 14.97669 -10
3 16 8.297607 -17.88668 -10 6.934173 -14.97669 -10 14.32418 -13.54996 -10
2 24 8.297607 -17.88668 -10 6.934173 -14.97669 -10
2 24 14.32418 -13.54996 -10 8.297607 -17.88668 -10
4 16 14.32418 -13.54996 -10 6.934173 -14.97669 -10 4.594024 -12.77426 -10 10 -10 -10
2 24 6.934173 -14.97669 -10 4.594024 -12.77426 -10
4 16 -8.297607 -17.88668 -10 -14.32418 -13.54996 -10 -10 -10 -10 -6.934173 -14.97669 -10
2 24 -8.297607 -17.88668 -10 -14.32418 -13.54996 -10
2 24 -6.934173 -14.97669 -10 -8.297607 -17.88668 -10
3 16 -8.297607 17.88668 -10 -6.934173 14.97669 -10 -14.32418 13.54996 -10
2 24 -8.297607 17.88668 -10 -6.934173 14.97669 -10
2 24 -14.32418 13.54996 -10 -8.297607 17.88668 -10
4 16 -14.32418 13.54996 -10 -6.934173 14.97669 -10 -4.594024 12.77426 -10 -10 10 -10
2 24 -6.934173 14.97669 -10 -4.594024 12.77426 -10
4 16 8.297607 17.88668 -10 14.32418 13.54996 -10 10 10 -10 6.934173 14.97669 -10
2 24 8.297607 17.88668 -10 14.32418 13.54996 -10
2 24 6.934173 14.97669 -10 8.297607 17.88668 -10

4 16 10 -10 -20 10 -10 -10 -10 -10 -10 -10 -10 -20
2 24 10 -10 -20 10 -10 -10
2 24 -10 -10 -10 -10 -10 -20
4 16 -10 10 -20 -10 10 -10 10 10 -10 10 10 -20
2 24 -10 10 -20 -10 10 -10
2 24 10 10 -10 10 10 -20
4 16 10 10 -20 10 10 -10 10 -10 -10 10 -10 -20
4 16 -8.297607 -17.88668 -10 -6.934173 -14.97669 -10 -6.934173 -14.97669 10 -8.297607 -17.88668 10
5 24 -6.934173 -14.97669 -10 -6.934173 -14.97669 10 -8.297607 -17.88668 10 -4.594024 -12.77426 -10
2 24 -8.297607 -17.88668 10 -8.297607 -17.88668 -10
4 16 -6.934173 -14.97669 -10 -4.594024 -12.77426 -10 -4.594024 -12.77426 10 -6.934173 -14.97669 10
5 24 -4.594024 -12.77426 -10 -4.594024 -12.77426 10 -6.934173 -14.97669 10 -1.606783 -11.58961 -10
4 16 -4.594024 -12.77426 -10 -1.606783 -11.58961 -10 -1.606783 -11.58961 10 -4.594024 -12.77426 10
5 24 -1.606783 -11.58961 -10 -1.606783 -11.58961 10 -4.594024 -12.77426 10 1.606783 -11.58961 -10
4 16 -1.606783 -11.58961 -10 1.606783 -11.58961 -10 1.606783 -11.58961 10 -1.606783 -11.58961 10
5 24 1.606783 -11.58961 -10 1.606783 -11.58961 10 -1.606783 -11.58961 10 4.594024 -12.77426 -10
4 16 1.606783 -11.58961 -10 4.594024 -12.77426 -10 4.594024 -12.77426 10 1.606783 -11.58961 10
5 24 4.594024 -12.77426 -10 4.594024 -12.77426 10 1.606783 -11.58961 10 6.934173 -14.97669 -10
4 16 4.594024 -12.77426 -10 6.934173 -14.97669 -10 6.934173 -14.97669 10 4.594024 -12.77426 10
5 24 6.934173 -14.97669 -10 6.934173 -14.97669 10 4.594024 -12.77426 10 8.297607 -17.88668 -10
4 16 6.934173 -14.97669 -10 8.297607 -17.88668 -10 8.297607 -17.88668 10 6.934173 -14.97669 10
2 24 8.297607 -17.88668 -10 8.297607 -17.88668 10
4 16 -8.297607 17.88668 10 -6.934173 14.97669 10 -6.934173 14.97669 -10 -8.297607 17.88668 -10
5 24 -6.934173 14.97669 10 -6.934173 14.97669 -10 -8.297607 17.88668 -10 -4.594024 12.77426 10
2 24 -8.297607 17.88668 -10 -8.297607 17.88668 10
4 16 -6.934173 14.97669 10 -4.594024 12.77426 10 -4.594024 12.77426 -10 -6.934173 14.97669 -10
5 24 -4.594024 12.77426 10 -4.594024 12.77426 -10 -6.934173 14.97669 -10 -1.606783 11.58961 10
4 16 -4.594024 12.77426 10 -1.606783 11.58961 10 -1.606783 11.58961 -10 -4.594024 12.77426 -10
5 24 -1.606783 11.58961 10 -1.606783 11.58961 -10 -4.594024 12.77426 -10 1.606783 11.58961 10
4 16 -1.606783 11.58961 10 1.606783 11.58961 10 1.606783 11.58961 -10 -1.606783 11.58961 -10
5 24 1.606783 11.58961 10 1.606783 11.58961 -10 -1.606783 11.58961 -10 4.594024 12.77426 10
4 16 1.606783 11.58961 10 4.594024 12.77426 10 4.594024 12.77426 -10 1.606783 11.58961 -10
5 24 4.594024 12.77426 10 4.594024 12.77426 -10 1.606783 11.58961 -10 6.934173 14.97669 10
4 16 4.594024 12.77426 10 6.934173 14.97669 10 6.934173 14.97669 -10 4.594024 12.77426 -10
5 24 6.934173 14.97669 10 6.934173 14.97669 -10 4.594024 12.77426 -10 8.297607 17.88668 10
4 16 6.934173 14.97669 10 8.297607 17.88668 10 8.297607 17.88668 -10 6.934173 14.97669 -10
2 24 8.297607 17.88668 10 8.297607 17.88668 -10
4 16 8.297607 -17.88668 -10 14.32418 -13.54996 -10 14.32418 -13.54996 10 8.297607 -17.88668 10
5 24 14.32418 -13.54996 -10 14.32418 -13.54996 10 8.297607 -17.88668 10 18.31969 -7.291954 -10
4 16 14.32418 -13.54996 -10 18.31969 -7.291954 -10 18.31969 -7.291954 10 14.32418 -13.54996 10
5 24 18.31969 -7.291954 -10 18.31969 -7.291954 10 14.32418 -13.54996 10 19.28 -4.12 -0.12
3 16 19.7 -0.79 -4.17 19.65413 -1.580747 -3.9351 19.7176 0 -10
2 24 19.7 -0.79 -4.17 19.65413 -1.580747 -3.9351
5 24 19.65413 -1.580747 -3.9351 19.7176 0 -10 19.7 -0.79 -4.17 19.50065 -2.916889 -3.041742
5 24 19.7176 0 -10 19.7 -0.79 -4.17 19.65413 -1.580747 -3.9351 19.72 0 -4.25
3 16 19.7176 0 -10 19.65413 -1.580747 -3.9351 19.50065 -2.916889 -3.041742
2 24 19.65413 -1.580747 -3.9351 19.50065 -2.916889 -3.041742
5 24 19.50065 -2.916889 -3.041742 19.7176 0 -10 19.65413 -1.580747 -3.9351 18.31969 -7.291954 -10
3 16 19.7176 0 -10 19.50065 -2.916889 -3.041742 18.31969 -7.291954 -10
5 24 19.50065 -2.916889 -3.041742 18.31969 -7.291954 -10 19.7176 0 -10 19.34597 -3.810141 -1.705649
3 16 18.31969 -7.291954 -10 19.50065 -2.916889 -3.041742 19.34597 -3.810141 -1.705649
2 24 19.50065 -2.916889 -3.041742 19.34597 -3.810141 -1.705649
5 24 19.34597 -3.810141 -1.705649 18.31969 -7.291954 -10 19.50065 -2.916889 -3.041742 19.3 -4.05 -0.92
3 16 18.31969 -7.291954 -10 19.34597 -3.810141 -1.705649 19.3 -4.05 -0.92
2 24 19.34597 -3.810141 -1.705649 19.3 -4.05 -0.92
5 24 19.3 -4.05 -0.92 18.31969 -7.291954 -10 19.34597 -3.810141 -1.705649 19.28 -4.12 -0.12
3 16 19.3 4.05 -0.92 19.34597 3.810141 -1.705649 18.31969 7.291954 -10
2 24 19.3 4.05 -0.92 19.34597 3.810141 -1.705649
5 24 19.34597 3.810141 -1.705649 18.31969 7.291954 -10 19.3 4.05 -0.92 19.50065 2.916889 -3.041742
5 24 18.31969 7.291954 -10 19.3 4.05 -0.92 19.34597 3.810141 -1.705649 19.28 4.13 -0.12
3 16 18.31969 7.291954 -10 19.34597 3.810141 -1.705649 19.50065 2.916889 -3.041742
2 24 19.34597 3.810141 -1.705649 19.50065 2.916889 -3.041742
5 24 19.50065 2.916889 -3.041742 18.31969 7.291954 -10 19.34597 3.810141 -1.705649 19.7176 0 -10
3 16 18.31969 7.291954 -10 19.50065 2.916889 -3.041742 19.7176 0 -10
5 24 19.50065 2.916889 -3.041742 19.7176 0 -10 18.31969 7.291954 -10 19.65413 1.580747 -3.9351
3 16 19.7176 0 -10 19.50065 2.916889 -3.041742 19.65413 1.580747 -3.9351
2 24 19.50065 2.916889 -3.041742 19.65413 1.580747 -3.9351
5 24 19.65413 1.580747 -3.9351 19.7176 0 -10 19.50065 2.916889 -3.041742 19.7 0.79 -4.17
3 16 19.7176 0 -10 19.65413 1.580747 -3.9351 19.7 0.79 -4.17
2 24 19.65413 1.580747 -3.9351 19.7 0.79 -4.17
5 24 19.7 0.79 -4.17 19.7176 0 -10 19.65413 1.580747 -3.9351 19.72 0 -4.25
4 16 8.297607 17.88668 -10 8.297607 17.88668 10 14.32418 13.54996 10 14.32418 13.54996 -10
5 24 14.32418 13.54996 10 14.32418 13.54996 -10 8.297607 17.88668 -10 18.31969 7.291954 10
4 16 14.32418 13.54996 -10 14.32418 13.54996 10 18.31969 7.291954 10 18.31969 7.291954 -10
5 24 18.31969 7.291954 10 18.31969 7.291954 -10 14.32418 13.54996 -10 19.28 4.13 -0.12
3 16 18.31969 7.291954 -10 18.31969 7.291954 10 19.28 4.13 -0.12
5 24 18.31969 7.291954 10 19.28 4.13 -0.12 18.31969 7.291954 -10 19.3 4.05 0.67
5 24 19.28 4.13 -0.12 18.31969 7.291954 -10 18.31969 7.291954 10 19.3 4.05 -0.92
3 16 18.31969 7.291954 -10 19.28 4.13 -0.12 19.3 4.05 -0.92
2 24 19.28 4.13 -0.12 19.3 4.05 -0.92
3 16 19.65413 1.580747 3.6851 19.50065 2.916889 2.791742 19.7176 0 10
2 24 19.65413 1.580747 3.6851 19.50065 2.916889 2.791742
5 24 19.50065 2.916889 2.791742 19.7176 0 10 19.65413 1.580747 3.6851 19.34597 3.810141 1.455649
5 24 19.7176 0 10 19.65413 1.580747 3.6851 19.50065 2.916889 2.791742 19.7 0.79 3.92
3 16 19.7176 0 10 19.50065 2.916889 2.791742 19.34597 3.810141 1.455649
2 24 19.50065 2.916889 2.791742 19.34597 3.810141 1.455649
5 24 19.34597 3.810141 1.455649 19.7176 0 10 19.50065 2.916889 2.791742 18.31969 7.291954 10
3 16 19.7176 0 10 19.34597 3.810141 1.455649 18.31969 7.291954 10
5 24 19.34597 3.810141 1.455649 18.31969 7.291954 10 19.7176 0 10 19.3 4.05 0.67
3 16 18.31969 7.291954 10 19.34597 3.810141 1.455649 19.3 4.05 0.67
2 24 19.34597 3.810141 1.455649 19.3 4.05 0.67
5 24 19.3 4.05 0.67 18.31969 7.291954 10 19.34597 3.810141 1.455649 19.28 4.13 -0.12
3 16 18.31969 7.291954 10 19.3 4.05 0.67 19.28 4.13 -0.12
2 24 19.3 4.05 0.67 19.28 4.13 -0.12
3 16 19.3 -4.05 0.67 19.34597 -3.810141 1.455649 18.31969 -7.291954 10
2 24 19.3 -4.05 0.67 19.34597 -3.810141 1.455649
5 24 19.34597 -3.810141 1.455649 18.31969 -7.291954 10 19.3 -4.05 0.67 19.50065 -2.916889 2.791742
5 24 18.31969 -7.291954 10 19.3 -4.05 0.67 19.34597 -3.810141 1.455649 19.28 -4.12 -0.12
3 16 18.31969 -7.291954 10 19.34597 -3.810141 1.455649 19.50065 -2.916889 2.791742
2 24 19.34597 -3.810141 1.455649 19.50065 -2.916889 2.791742
5 24 19.50065 -2.916889 2.791742 18.31969 -7.291954 10 19.34597 -3.810141 1.455649 19.7176 0 10
3 16 18.31969 -7.291954 10 19.50065 -2.916889 2.791742 19.7176 0 10
5 24 19.50065 -2.916889 2.791742 19.7176 0 10 18.31969 -7.291954 10 19.65413 -1.580747 3.6851
3 16 19.7176 0 10 19.50065 -2.916889 2.791742 19.65413 -1.580747 3.6851
2 24 19.50065 -2.916889 2.791742 19.65413 -1.580747 3.6851
5 24 19.65413 -1.580747 3.6851 19.7176 0 10 19.50065 -2.916889 2.791742 19.7 -0.79 3.92
3 16 19.7176 0 10 19.65413 -1.580747 3.6851 19.7 -0.79 3.92
2 24 19.65413 -1.580747 3.6851 19.7 -0.79 3.92
5 24 19.7 -0.79 3.92 19.7176 0 10 19.65413 -1.580747 3.6851 19.72 0 4
3 16 19.3 -4.05 0.67 18.31969 -7.291954 10 19.28 -4.12 -0.12
5 24 18.31969 -7.291954 10 19.28 -4.12 -0.12 19.3 -4.05 0.67 18.31969 -7.291954 -10
2 24 19.28 -4.12 -0.12 19.3 -4.05 0.67
3 16 19.28 -4.12 -0.12 18.31969 -7.291954 10 18.31969 -7.291954 -10
5 24 18.31969 -7.291954 -10 19.28 -4.12 -0.12 18.31969 -7.291954 10 19.3 -4.05 -0.92
3 16 19.28 -4.12 -0.12 18.31969 -7.291954 -10 19.3 -4.05 -0.92
2 24 19.3 -4.05 -0.92 19.28 -4.12 -0.12
3 16 19.7 -0.79 3.92 19.72 0 4 19.7176 0 10
2 24 19.7 -0.79 3.92 19.72 0 4
5 24 19.72 0 4 19.7176 0 10 19.7 -0.79 3.92 19.7 0.79 3.92
3 16 19.7176 0 10 19.72 0 4 19.7 0.79 3.92
2 24 19.72 0 4 19.7 0.79 3.92
5 24 19.7 0.79 3.92 19.7176 0 10 19.72 0 4 19.65413 1.580747 3.6851
3 16 19.7176 0 10 19.7 0.79 3.92 19.65413 1.580747 3.6851
2 24 19.7 0.79 3.92 19.65413 1.580747 3.6851
3 16 19.7 0.79 -4.17 19.72 0 -4.25 19.7176 0 -10
2 24 19.7 0.79 -4.17 19.72 0 -4.25
5 24 19.72 0 -4.25 19.7176 0 -10 19.7 0.79 -4.17 19.7 -0.79 -4.17
3 16 19.7176 0 -10 19.72 0 -4.25 19.7 -0.79 -4.17
2 24 19.72 0 -4.25 19.7 -0.79 -4.17
4 16 5.52169 2.92804 2.780545 4.95886 3.804236 1.469808 8.106602 3.811003 1.453569 8.106602 2.916815 2.791815
2 24 5.52169 2.92804 2.780545 4.95886 3.804236 1.469808
5 24 4.95886 3.804236 1.469808 8.106602 3.811003 1.453569 8.106602 2.916815 2.791815 4.77 4.04 0.69
5 24 8.106602 2.916815 2.791815 5.52169 2.92804 2.780545 4.95886 3.804236 1.469808 8.106602 1.578569 3.686003
3 16 8.106602 3.811003 1.453569 4.95886 3.804236 1.469808 4.77 4.04 0.69
2 24 4.95886 3.804236 1.469808 4.77 4.04 0.69
5 24 4.77 4.04 0.69 8.106602 3.811003 1.453569 4.95886 3.804236 1.469808 8.106602 4.125 -0.125
3 16 8.106602 3.811003 1.453569 4.77 4.04 0.69 8.106602 4.125 -0.125
5 24 4.77 4.04 0.69 8.106602 4.125 -0.125 8.106602 3.811003 1.453569 4.7 4.13 -0.12
3 16 8.106602 4.125 -0.125 4.77 4.04 0.69 4.7 4.13 -0.12
2 24 4.77 4.04 0.69 4.7 4.13 -0.12
5 24 4.7 4.13 -0.12 8.106602 4.125 -0.125 4.77 4.04 0.69 4.77 4.04 -0.94
3 16 8.106602 4.125 -0.125 4.7 4.13 -0.12 4.77 4.04 -0.94
2 24 4.7 4.13 -0.12 4.77 4.04 -0.94
5 24 4.77 4.04 -0.94 8.106602 4.125 -0.125 4.7 4.13 -0.12 8.106602 3.811003 -1.703569
4 16 5.52169 2.92804 2.780545 8.106602 2.916815 2.791815 8.106602 1.578569 3.686003 6.038835 1.610889 3.672454
5 24 8.106602 1.578569 3.686003 6.038835 1.610889 3.672454 5.52169 2.92804 2.780545 6.195283 0.8169446 3.917104
2 24 6.038835 1.610889 3.672454 5.52169 2.92804 2.780545
3 16 6.038835 1.610889 3.672454 8.106602 1.578569 3.686003 6.195283 0.8169446 3.917104
5 24 8.106602 1.578569 3.686003 6.195283 0.8169446 3.917104 6.038835 1.610889 3.672454 8.106602 0 4
2 24 6.195283 0.8169446 3.917104 6.038835 1.610889 3.672454
3 16 8.106602 1.578569 3.686003 8.106602 0 4 6.195283 0.8169446 3.917104
5 24 8.106602 0 4 6.195283 0.8169446 3.917104 8.106602 1.578569 3.686003 6.25 0 4
3 16 6.195283 0.8169446 3.917104 8.106602 0 4 6.25 0 4
5 24 8.106602 0 4 6.25 0 4 6.195283 0.8169446 3.917104 6.195283 -0.8169446 3.917104
2 24 6.25 0 4 6.195283 0.8169446 3.917104
3 16 6.25 0 4 8.106602 0 4 6.195283 -0.8169446 3.917104
5 24 8.106602 0 4 6.195283 -0.8169446 3.917104 6.25 0 4 8.106602 -1.578569 3.686003
2 24 6.195283 -0.8169446 3.917104 6.25 0 4
3 16 6.195283 -0.8169446 3.917104 8.106602 0 4 8.106602 -1.578569 3.686003
5 24 8.106602 -1.578569 3.686003 6.195283 -0.8169446 3.917104 8.106602 0 4 6.038835 -1.610889 3.672454
3 16 6.195283 -0.8169446 3.917104 8.106602 -1.578569 3.686003 6.038835 -1.610889 3.672454
5 24 8.106602 -1.578569 3.686003 6.038835 -1.610889 3.672454 6.195283 -0.8169446 3.917104 8.106602 -2.916815 2.791815
2 24 6.038835 -1.610889 3.672454 6.195283 -0.8169446 3.917104
4 16 6.038835 -1.610889 3.672454 8.106602 -1.578569 3.686003 8.106602 -2.916815 2.791815 5.52169 -2.92804 2.780545
2 24 8.106602 -2.916815 2.791815 5.52169 -2.92804 2.780545
2 24 5.52169 -2.92804 2.780545 6.038835 -1.610889 3.672454
4 16 5.52169 -2.92804 2.780545 8.106602 -2.916815 2.791815 8.106602 -3.811003 1.453569 4.95886 -3.804236 1.469808
5 24 8.106602 -3.811003 1.453569 4.95886 -3.804236 1.469808 5.52169 -2.92804 2.780545 4.77 -4.04 0.69
2 24 4.95886 -3.804236 1.469808 5.52169 -2.92804 2.780545
3 16 4.95886 -3.804236 1.469808 8.106602 -3.811003 1.453569 4.77 -4.04 0.69
5 24 8.106602 -3.811003 1.453569 4.77 -4.04 0.69 4.95886 -3.804236 1.469808 8.106602 -4.125 -0.125
2 24 4.77 -4.04 0.69 4.95886 -3.804236 1.469808
3 16 8.106602 -3.811003 1.453569 8.106602 -4.125 -0.125 4.77 -4.04 0.69
5 24 8.106602 -4.125 -0.125 4.77 -4.04 0.69 8.106602 -3.811003 1.453569 4.7 -4.12 -0.13
3 16 4.77 -4.04 0.69 8.106602 -4.125 -0.125 4.7 -4.12 -0.13
5 24 8.106602 -4.125 -0.125 4.7 -4.12 -0.13 4.77 -4.04 0.69 4.77 -4.04 -0.94
2 24 4.7 -4.12 -0.13 4.77 -4.04 0.69
3 16 4.7 -4.12 -0.13 8.106602 -4.125 -0.125 4.77 -4.04 -0.94
5 24 8.106602 -4.125 -0.125 4.77 -4.04 -0.94 4.7 -4.12 -0.13 8.106602 -3.811003 -1.703569
2 24 4.77 -4.04 -0.94 4.7 -4.12 -0.13
3 16 4.77 -4.04 -0.94 8.106602 -4.125 -0.125 8.106602 -3.811003 -1.703569
5 24 8.106602 -3.811003 -1.703569 4.77 -4.04 -0.94 8.106602 -4.125 -0.125 4.95886 -3.804236 -1.719808
3 16 4.77 -4.04 -0.94 8.106602 -3.811003 -1.703569 4.95886 -3.804236 -1.719808
5 24 8.106602 -3.811003 -1.703569 4.95886 -3.804236 -1.719808 4.77 -4.04 -0.94 8.106602 -2.916815 -3.041815
2 24 4.95886 -3.804236 -1.719808 4.77 -4.04 -0.94
4 16 4.95886 -3.804236 -1.719808 8.106602 -3.811003 -1.703569 8.106602 -2.916815 -3.041815 5.52169 -2.92804 -3.030545
5 24 8.106602 -2.916815 -3.041815 5.52169 -2.92804 -3.030545 4.95886 -3.804236 -1.719808 8.106602 -1.578569 -3.936003
2 24 5.52169 -2.92804 -3.030545 4.95886 -3.804236 -1.719808
4 16 5.52169 -2.92804 -3.030545 8.106602 -2.916815 -3.041815 8.106602 -1.578569 -3.936003 6.038835 -1.610889 -3.922454
5 24 8.106602 -1.578569 -3.936003 6.038835 -1.610889 -3.922454 5.52169 -2.92804 -3.030545 6.195283 -0.8169446 -4.167104
2 24 6.038835 -1.610889 -3.922454 5.52169 -2.92804 -3.030545
3 16 6.038835 -1.610889 -3.922454 8.106602 -1.578569 -3.936003 6.195283 -0.8169446 -4.167104
5 24 8.106602 -1.578569 -3.936003 6.195283 -0.8169446 -4.167104 6.038835 -1.610889 -3.922454 8.11 0 -4.25
2 24 6.195283 -0.8169446 -4.167104 6.038835 -1.610889 -3.922454
3 16 8.106602 -1.578569 -3.936003 8.11 0 -4.25 6.195283 -0.8169446 -4.167104
5 24 8.11 0 -4.25 6.195283 -0.8169446 -4.167104 8.106602 -1.578569 -3.936003 6.25 0 -4.25
3 16 6.195283 -0.8169446 -4.167104 8.11 0 -4.25 6.25 0 -4.25
5 24 8.11 0 -4.25 6.25 0 -4.25 6.195283 -0.8169446 -4.167104 6.195283 0.8169446 -4.167104
2 24 6.25 0 -4.25 6.195283 -0.8169446 -4.167104
3 16 6.25 0 -4.25 8.11 0 -4.25 6.195283 0.8169446 -4.167104
5 24 8.11 0 -4.25 6.195283 0.8169446 -4.167104 6.25 0 -4.25 8.106602 1.578569 -3.936003
2 24 6.195283 0.8169446 -4.167104 6.25 0 -4.25
3 16 6.195283 0.8169446 -4.167104 8.11 0 -4.25 8.106602 1.578569 -3.936003
5 24 8.106602 1.578569 -3.936003 6.195283 0.8169446 -4.167104 8.11 0 -4.25 6.038835 1.610889 -3.922454
3 16 6.195283 0.8169446 -4.167104 8.106602 1.578569 -3.936003 6.038835 1.610889 -3.922454
5 24 8.106602 1.578569 -3.936003 6.038835 1.610889 -3.922454 6.195283 0.8169446 -4.167104 8.106602 2.916815 -3.041815
2 24 6.038835 1.610889 -3.922454 6.195283 0.8169446 -4.167104
4 16 6.038835 1.610889 -3.922454 8.106602 1.578569 -3.936003 8.106602 2.916815 -3.041815 5.52169 2.92804 -3.030545
2 24 8.106602 2.916815 -3.041815 5.52169 2.92804 -3.030545
2 24 5.52169 2.92804 -3.030545 6.038835 1.610889 -3.922454
4 16 5.52169 2.92804 -3.030545 8.106602 2.916815 -3.041815 8.106602 3.811003 -1.703569 4.95886 3.804236 -1.719808
5 24 8.106602 3.811003 -1.703569 4.95886 3.804236 -1.719808 5.52169 2.92804 -3.030545 4.77 4.04 -0.94
2 24 4.95886 3.804236 -1.719808 5.52169 2.92804 -3.030545
3 16 4.95886 3.804236 -1.719808 8.106602 3.811003 -1.703569 4.77 4.04 -0.94
5 24 8.106602 3.811003 -1.703569 4.77 4.04 -0.94 4.95886 3.804236 -1.719808 8.106602 4.125 -0.125
2 24 4.77 4.04 -0.94 4.95886 3.804236 -1.719808
3 16 8.106602 3.811003 -1.703569 8.106602 4.125 -0.125 4.77 4.04 -0.94
3 16 -6.038835 -1.610889 -3.922454 -5.52169 -2.92804 -3.030545 -5.774257 -2.391776 -20
2 24 -6.038835 -1.610889 -3.922454 -5.52169 -2.92804 -3.030545
5 24 -5.52169 -2.92804 -3.030545 -5.774257 -2.391776 -20 -6.038835 -1.610889 -3.922454 -4.95886 -3.804236 -1.719808
5 24 -5.774257 -2.391776 -20 -6.038835 -1.610889 -3.922454 -5.52169 -2.92804 -3.030545 -6.250011 0 -20
3 16 -5.774257 -2.391776 -20 -5.52169 -2.92804 -3.030545 -4.95886 -3.804236 -1.719808
2 24 -5.52169 -2.92804 -3.030545 -4.95886 -3.804236 -1.719808
5 24 -4.95886 -3.804236 -1.719808 -5.774257 -2.391776 -20 -5.52169 -2.92804 -3.030545 -4.419425 -4.419425 -20
3 16 -5.774257 -2.391776 -20 -4.95886 -3.804236 -1.719808 -4.419425 -4.419425 -20
5 24 -4.95886 -3.804236 -1.719808 -4.419425 -4.419425 -20 -5.774257 -2.391776 -20 -4.77 -4.04 -0.94
3 16 -4.419425 -4.419425 -20 -4.95886 -3.804236 -1.719808 -4.77 -4.04 -0.94
2 24 -4.95886 -3.804236 -1.719808 -4.77 -4.04 -0.94
5 24 -4.77 -4.04 -0.94 -4.419425 -4.419425 -20 -4.95886 -3.804236 -1.719808 -4.7 -4.12 -0.13
3 16 -4.419425 -4.419425 -20 -4.77 -4.04 -0.94 -4.7 -4.12 -0.13
2 24 -4.77 -4.04 -0.94 -4.7 -4.12 -0.13
5 24 -4.7 -4.12 -0.13 -4.419425 -4.419425 -20 -4.77 -4.04 -0.94 -4.419417 -4.419417 10
4 16 -5.774257 -2.391776 -20 -6.250011 0 -20 -6.195283 -0.8169446 -4.167104 -6.038835 -1.610889 -3.922454
5 24 -6.250011 0 -20 -6.195283 -0.8169446 -4.167104 -6.038835 -1.610889 -3.922454 -6.25 0 -4.25
2 24 -6.195283 -0.8169446 -4.167104 -6.038835 -1.610889 -3.922454
3 16 -5.52169 2.92804 -3.030545 -6.038835 1.610889 -3.922454 -5.774257 2.391776 -20
2 24 -5.52169 2.92804 -3.030545 -6.038835 1.610889 -3.922454
5 24 -6.038835 1.610889 -3.922454 -5.774257 2.391776 -20 -5.52169 2.92804 -3.030545 -6.195283 0.8169446 -4.167104
5 24 -5.774257 2.391776 -20 -5.52169 2.92804 -3.030545 -6.038835 1.610889 -3.922454 -4.419425 4.419425 -20
4 16 -5.774257 2.391776 -20 -6.038835 1.610889 -3.922454 -6.195283 0.8169446 -4.167104 -6.250011 0 -20
2 24 -6.038835 1.610889 -3.922454 -6.195283 0.8169446 -4.167104
5 24 -6.195283 0.8169446 -4.167104 -6.250011 0 -20 -5.774257 2.391776 -20 -6.25 0 -4.25
3 16 -6.250011 0 -20 -6.195283 0.8169446 -4.167104 -6.25 0 -4.25
2 24 -6.195283 0.8169446 -4.167104 -6.25 0 -4.25
5 24 -6.25 0 -4.25 -6.250011 0 -20 -6.195283 0.8169446 -4.167104 -6.195283 -0.8169446 -4.167104
3 16 -6.250011 0 -20 -6.25 0 -4.25 -6.195283 -0.8169446 -4.167104
2 24 -6.25 0 -4.25 -6.195283 -0.8169446 -4.167104
3 16 -5.774257 2.391776 -20 -4.419425 4.419425 -20 -5.52169 2.92804 -3.030545
3 16 -5.52169 2.92804 -3.030545 -4.419425 4.419425 -20 -4.95886 3.804236 -1.719808
5 24 -4.419425 4.419425 -20 -4.95886 3.804236 -1.719808 -5.52169 2.92804 -3.030545 -4.77 4.04 -0.94
2 24 -4.95886 3.804236 -1.719808 -5.52169 2.92804 -3.030545
3 16 4.7 4.13 -0.12 4.419417 4.419417 10 4.419425 4.419425 -20
5 24 4.7 4.13 -0.12 4.419417 4.419417 10 4.419425 4.419425 -20 4.77 4.04 0.69
5 24 4.419417 4.419417 10 4.419425 4.419425 -20 4.7 4.13 -0.12 2.391771 5.774247 10
5 24 4.419425 4.419425 -20 4.7 4.13 -0.12 4.419417 4.419417 10 4.77 4.04 -0.94
3 16 -4.419425 4.419425 -20 -4.419417 4.419417 10 -4.7 4.13 -0.12
5 24 -4.419417 4.419417 10 -4.419425 4.419425 -20 -2.391776 5.774257 -20 -4.7 4.13 -0.12
5 24 -4.419417 4.419417 10 -4.7 4.13 -0.12 -4.419425 4.419425 -20 -4.77 4.04 0.69
5 24 -4.7 4.13 -0.12 -4.419425 4.419425 -20 -4.419417 4.419417 10 -4.77 4.04 -0.94
3 16 -4.419425 4.419425 -20 -4.7 4.13 -0.12 -4.77 4.04 -0.94
2 24 -4.7 4.13 -0.12 -4.77 4.04 -0.94
5 24 -4.77 4.04 -0.94 -4.419425 4.419425 -20 -4.7 4.13 -0.12 -4.95886 3.804236 -1.719808
3 16 6.038835 1.610889 -3.922454 5.52169 2.92804 -3.030545 5.774257 2.391776 -20
5 24 5.52169 2.92804 -3.030545 5.774257 2.391776 -20 6.038835 1.610889 -3.922454 4.95886 3.804236 -1.719808
5 24 5.774257 2.391776 -20 6.038835 1.610889 -3.922454 5.52169 2.92804 -3.030545 6.250011 0 -20
3 16 5.774257 2.391776 -20 5.52169 2.92804 -3.030545 4.95886 3.804236 -1.719808
5 24 4.95886 3.804236 -1.719808 5.774257 2.391776 -20 5.52169 2.92804 -3.030545 4.419425 4.419425 -20
3 16 5.774257 2.391776 -20 4.95886 3.804236 -1.719808 4.419425 4.419425 -20
5 24 4.95886 3.804236 -1.719808 4.419425 4.419425 -20 5.774257 2.391776 -20 4.77 4.04 -0.94
3 16 4.419425 4.419425 -20 4.95886 3.804236 -1.719808 4.77 4.04 -0.94
5 24 4.77 4.04 -0.94 4.419425 4.419425 -20 4.95886 3.804236 -1.719808 4.7 4.13 -0.12
3 16 4.419425 4.419425 -20 4.77 4.04 -0.94 4.7 4.13 -0.12
4 16 5.774257 2.391776 -20 6.250011 0 -20 6.195283 0.8169446 -4.167104 6.038835 1.610889 -3.922454
5 24 6.250011 0 -20 6.195283 0.8169446 -4.167104 6.038835 1.610889 -3.922454 6.25 0 -4.25
3 16 5.52169 -2.92804 -3.030545 6.038835 -1.610889 -3.922454 5.774257 -2.391776 -20
5 24 6.038835 -1.610889 -3.922454 5.774257 -2.391776 -20 5.52169 -2.92804 -3.030545 6.195283 -0.8169446 -4.167104
5 24 5.774257 -2.391776 -20 5.52169 -2.92804 -3.030545 6.038835 -1.610889 -3.922454 4.419425 -4.419425 -20
4 16 5.774257 -2.391776 -20 6.038835 -1.610889 -3.922454 6.195283 -0.8169446 -4.167104 6.250011 0 -20
5 24 6.195283 -0.8169446 -4.167104 6.250011 0 -20 5.774257 -2.391776 -20 6.25 0 -4.25
3 16 6.250011 0 -20 6.195283 -0.8169446 -4.167104 6.25 0 -4.25
5 24 6.25 0 -4.25 6.250011 0 -20 6.195283 -0.8169446 -4.167104 6.195283 0.8169446 -4.167104
3 16 6.250011 0 -20 6.25 0 -4.25 6.195283 0.8169446 -4.167104
3 16 5.774257 -2.391776 -20 4.419425 -4.419425 -20 5.52169 -2.92804 -3.030545
3 16 5.52169 -2.92804 -3.030545 4.419425 -4.419425 -20 4.95886 -3.804236 -1.719808
5 24 4.419425 -4.419425 -20 4.95886 -3.804236 -1.719808 5.52169 -2.92804 -3.030545 4.77 -4.04 -0.94
3 16 -4.7 -4.12 -0.13 -4.419417 -4.419417 10 -4.419425 -4.419425 -20
5 24 -4.7 -4.12 -0.13 -4.419417 -4.419417 10 -4.419425 -4.419425 -20 -4.77 -4.04 0.69
5 24 -4.419417 -4.419417 10 -4.419425 -4.419425 -20 -4.7 -4.12 -0.13 -2.391771 -5.774247 10
3 16 4.419425 -4.419425 -20 4.419417 -4.419417 10 4.7 -4.12 -0.13
5 24 4.419417 -4.419417 10 4.419425 -4.419425 -20 2.391776 -5.774257 -20 4.7 -4.12 -0.13
5 24 4.419417 -4.419417 10 4.7 -4.12 -0.13 4.419425 -4.419425 -20 4.77 -4.04 0.69
5 24 4.7 -4.12 -0.13 4.419425 -4.419425 -20 4.419417 -4.419417 10 4.77 -4.04 -0.94
3 16 4.419425 -4.419425 -20 4.7 -4.12 -0.13 4.77 -4.04 -0.94
5 24 4.77 -4.04 -0.94 4.419425 -4.419425 -20 4.7 -4.12 -0.13 4.95886 -3.804236 -1.719808
3 16 4.77 -4.04 -0.94 4.95886 -3.804236 -1.719808 4.419425 -4.419425 -20
3 16 4.7 4.13 -0.12 4.77 4.04 0.69 4.419417 4.419417 10
5 24 4.77 4.04 0.69 4.419417 4.419417 10 4.7 4.13 -0.12 4.95886 3.804236 1.469808
3 16 4.419417 4.419417 10 4.77 4.04 0.69 4.95886 3.804236 1.469808
5 24 4.95886 3.804236 1.469808 4.419417 4.419417 10 4.77 4.04 0.69 5.52169 2.92804 2.780545
4 16 4.419417 4.419417 10 4.95886 3.804236 1.469808 5.52169 2.92804 2.780545 5.774247 2.391771 10
5 24 5.52169 2.92804 2.780545 5.774247 2.391771 10 4.419417 4.419417 10 6.038835 1.610889 3.672454
3 16 5.774247 2.391771 10 5.52169 2.92804 2.780545 6.038835 1.610889 3.672454
5 24 6.038835 1.610889 3.672454 5.774247 2.391771 10 5.52169 2.92804 2.780545 6.195283 0.8169446 3.917104
4 16 5.774247 2.391771 10 6.038835 1.610889 3.672454 6.195283 0.8169446 3.917104 6.25 0 10
5 24 6.195283 0.8169446 3.917104 6.25 0 10 5.774247 2.391771 10 6.25 0 4
3 16 6.25 0 10 6.195283 0.8169446 3.917104 6.25 0 4
5 24 6.25 0 4 6.25 0 10 6.195283 0.8169446 3.917104 6.195283 -0.8169446 3.917104
3 16 6.25 0 10 6.25 0 4 6.195283 -0.8169446 3.917104
5 24 6.195283 -0.8169446 3.917104 6.25 0 10 6.25 0 4 6.038835 -1.610889 3.672454
4 16 6.25 0 10 6.195283 -0.8169446 3.917104 6.038835 -1.610889 3.672454 5.774247 -2.391771 10
5 24 6.038835 -1.610889 3.672454 5.774247 -2.391771 10 6.25 0 10 5.52169 -2.92804 2.780545
3 16 5.774247 -2.391771 10 6.038835 -1.610889 3.672454 5.52169 -2.92804 2.780545
5 24 5.52169 -2.92804 2.780545 5.774247 -2.391771 10 6.038835 -1.610889 3.672454 4.95886 -3.804236 1.469808
4 16 5.52169 -2.92804 2.780545 4.95886 -3.804236 1.469808 4.419417 -4.419417 10 5.774247 -2.391771 10
5 24 4.95886 -3.804236 1.469808 4.419417 -4.419417 10 5.774247 -2.391771 10 4.77 -4.04 0.69
3 16 4.95886 -3.804236 1.469808 4.77 -4.04 0.69 4.419417 -4.419417 10
5 24 4.77 -4.04 0.69 4.419417 -4.419417 10 4.95886 -3.804236 1.469808 4.7 -4.12 -0.13
3 16 4.419417 -4.419417 10 4.77 -4.04 0.69 4.7 -4.12 -0.13
3 16 -4.7 -4.12 -0.13 -4.77 -4.04 0.69 -4.419417 -4.419417 10
2 24 -4.7 -4.12 -0.13 -4.77 -4.04 0.69
5 24 -4.77 -4.04 0.69 -4.419417 -4.419417 10 -4.7 -4.12 -0.13 -4.95886 -3.804236 1.469808
3 16 -4.419417 -4.419417 10 -4.77 -4.04 0.69 -4.95886 -3.804236 1.469808
2 24 -4.77 -4.04 0.69 -4.95886 -3.804236 1.469808
5 24 -4.95886 -3.804236 1.469808 -4.419417 -4.419417 10 -4.77 -4.04 0.69 -5.52169 -2.92804 2.780545
4 16 -4.419417 -4.419417 10 -4.95886 -3.804236 1.469808 -5.52169 -2.92804 2.780545 -5.774247 -2.391771 10
2 24 -4.95886 -3.804236 1.469808 -5.52169 -2.92804 2.780545
5 24 -5.52169 -2.92804 2.780545 -5.774247 -2.391771 10 -4.419417 -4.419417 10 -6.038835 -1.610889 3.672454
3 16 -5.774247 -2.391771 10 -5.52169 -2.92804 2.780545 -6.038835 -1.610889 3.672454
2 24 -5.52169 -2.92804 2.780545 -6.038835 -1.610889 3.672454
5 24 -6.038835 -1.610889 3.672454 -5.774247 -2.391771 10 -5.52169 -2.92804 2.780545 -6.195283 -0.8169446 3.917104
4 16 -5.774247 -2.391771 10 -6.038835 -1.610889 3.672454 -6.195283 -0.8169446 3.917104 -6.25 0 10
2 24 -6.038835 -1.610889 3.672454 -6.195283 -0.8169446 3.917104
5 24 -6.195283 -0.8169446 3.917104 -6.25 0 10 -5.774247 -2.391771 10 -6.25 0 4
3 16 -6.25 0 10 -6.195283 -0.8169446 3.917104 -6.25 0 4
2 24 -6.195283 -0.8169446 3.917104 -6.25 0 4
5 24 -6.25 0 4 -6.25 0 10 -6.195283 -0.8169446 3.917104 -6.195283 0.8169446 3.917104
3 16 -6.25 0 10 -6.25 0 4 -6.195283 0.8169446 3.917104
2 24 -6.25 0 4 -6.195283 0.8169446 3.917104
5 24 -6.195283 0.8169446 3.917104 -6.25 0 10 -6.25 0 4 -6.038835 1.610889 3.672454
4 16 -6.25 0 10 -6.195283 0.8169446 3.917104 -6.038835 1.610889 3.672454 -5.774247 2.391771 10
2 24 -6.195283 0.8169446 3.917104 -6.038835 1.610889 3.672454
5 24 -6.038835 1.610889 3.672454 -5.774247 2.391771 10 -6.25 0 10 -5.52169 2.92804 2.780545
3 16 -5.774247 2.391771 10 -6.038835 1.610889 3.672454 -5.52169 2.92804 2.780545
2 24 -6.038835 1.610889 3.672454 -5.52169 2.92804 2.780545
5 24 -5.52169 2.92804 2.780545 -5.774247 2.391771 10 -6.038835 1.610889 3.672454 -4.95886 3.804236 1.469808
4 16 -5.52169 2.92804 2.780545 -4.95886 3.804236 1.469808 -4.419417 4.419417 10 -5.774247 2.391771 10
2 24 -5.52169 2.92804 2.780545 -4.95886 3.804236 1.469808
5 24 -4.95886 3.804236 1.469808 -4.419417 4.419417 10 -5.774247 2.391771 10 -4.77 4.04 0.69
3 16 -4.95886 3.804236 1.469808 -4.77 4.04 0.69 -4.419417 4.419417 10
2 24 -4.95886 3.804236 1.469808 -4.77 4.04 0.69
5 24 -4.77 4.04 0.69 -4.419417 4.419417 10 -4.95886 3.804236 1.469808 -4.7 4.13 -0.12
3 16 -4.419417 4.419417 10 -4.77 4.04 0.69 -4.7 4.13 -0.12
2 24 -4.77 4.04 0.69 -4.7 4.13 -0.12
3 16 -4.77 4.04 -0.94 -4.95886 3.804236 -1.719808 -4.419425 4.419425 -20
2 24 -4.77 4.04 -0.94 -4.95886 3.804236 -1.719808
4 16 -8.106602 -7.125 10 -8.106602 -7.125 -4.238621 -14.3566 -7.125 -4.238621 -14.3566 -7.125 10
2 24 -8.106602 -7.125 -4.238621 -14.3566 -7.125 -4.238621
4 16 -8.106602 7.125 -4.238621 -8.106602 7.125 10 -14.3566 7.125 10 -14.3566 7.125 -4.238621
2 24 -14.3566 7.125 -4.238621 -8.106602 7.125 -4.238621
3 16 19.3 -4.05 0.67 19.28 -4.12 -0.12 14.3566 -4.125 -0.125
5 24 19.28 -4.12 -0.12 14.3566 -4.125 -0.125 19.3 -4.05 0.67 19.3 -4.05 -0.92
5 24 14.3566 -4.125 -0.125 19.3 -4.05 0.67 19.28 -4.12 -0.12 14.3566 -3.811003 1.453569
3 16 14.3566 -4.125 -0.125 19.28 -4.12 -0.12 19.3 -4.05 -0.92
5 24 19.3 -4.05 -0.92 14.3566 -4.125 -0.125 19.28 -4.12 -0.12 14.3566 -3.811003 -1.703569
3 16 14.3566 -4.125 -0.125 19.3 -4.05 -0.92 14.3566 -3.811003 -1.703569
5 24 19.3 -4.05 -0.92 14.3566 -3.811003 -1.703569 14.3566 -4.125 -0.125 19.34597 -3.810141 -1.705649
3 16 14.3566 -3.811003 -1.703569 19.3 -4.05 -0.92 19.34597 -3.810141 -1.705649
5 24 19.34597 -3.810141 -1.705649 14.3566 -3.811003 -1.703569 19.3 -4.05 -0.92 19.50065 -2.916889 -3.041742
4 16 14.3566 -3.811003 -1.703569 19.34597 -3.810141 -1.705649 19.50065 -2.916889 -3.041742 14.3566 -2.916815 -3.041815
5 24 19.50065 -2.916889 -3.041742 14.3566 -2.916815 -3.041815 14.3566 -3.811003 -1.703569 19.65413 -1.580747 -3.9351
4 16 14.3566 -2.916815 -3.041815 19.50065 -2.916889 -3.041742 19.65413 -1.580747 -3.9351 14.3566 -1.578569 -3.936003
5 24 19.65413 -1.580747 -3.9351 14.3566 -1.578569 -3.936003 14.3566 -2.916815 -3.041815 19.7 -0.79 -4.17
3 16 14.3566 -1.578569 -3.936003 19.65413 -1.580747 -3.9351 19.7 -0.79 -4.17
5 24 19.7 -0.79 -4.17 14.3566 -1.578569 -3.936003 19.65413 -1.580747 -3.9351 14.3566 0 -4.25
3 16 14.3566 -1.578569 -3.936003 19.7 -0.79 -4.17 14.3566 0 -4.25
5 24 19.7 -0.79 -4.17 14.3566 0 -4.25 14.3566 -1.578569 -3.936003 19.72 0 -4.25
3 16 14.3566 0 -4.25 19.7 -0.79 -4.17 19.72 0 -4.25
5 24 19.72 0 -4.25 14.3566 0 -4.25 19.7 -0.79 -4.17 19.7 0.79 -4.17
3 16 14.3566 0 -4.25 19.72 0 -4.25 19.7 0.79 -4.17
5 24 19.7 0.79 -4.17 14.3566 0 -4.25 19.72 0 -4.25 14.3566 1.578569 -3.936003
3 16 14.3566 0 -4.25 19.7 0.79 -4.17 14.3566 1.578569 -3.936003
5 24 19.7 0.79 -4.17 14.3566 1.578569 -3.936003 14.3566 0 -4.25 19.65413 1.580747 -3.9351
3 16 14.3566 1.578569 -3.936003 19.7 0.79 -4.17 19.65413 1.580747 -3.9351
5 24 19.65413 1.580747 -3.9351 14.3566 1.578569 -3.936003 19.7 0.79 -4.17 19.50065 2.916889 -3.041742
4 16 14.3566 1.578569 -3.936003 19.65413 1.580747 -3.9351 19.50065 2.916889 -3.041742 14.3566 2.916815 -3.041815
5 24 19.50065 2.916889 -3.041742 14.3566 2.916815 -3.041815 14.3566 1.578569 -3.936003 19.34597 3.810141 -1.705649
4 16 14.3566 2.916815 -3.041815 19.50065 2.916889 -3.041742 19.34597 3.810141 -1.705649 14.3566 3.811003 -1.703569
5 24 19.34597 3.810141 -1.705649 14.3566 3.811003 -1.703569 14.3566 2.916815 -3.041815 19.3 4.05 -0.92
3 16 14.3566 3.811003 -1.703569 19.34597 3.810141 -1.705649 19.3 4.05 -0.92
5 24 19.3 4.05 -0.92 14.3566 3.811003 -1.703569 19.34597 3.810141 -1.705649 14.3566 4.125 -0.125
3 16 14.3566 3.811003 -1.703569 19.3 4.05 -0.92 14.3566 4.125 -0.125
5 24 19.3 4.05 -0.92 14.3566 4.125 -0.125 14.3566 3.811003 -1.703569 19.28 4.13 -0.12
3 16 14.3566 4.125 -0.125 19.3 4.05 -0.92 19.28 4.13 -0.12
5 24 19.28 4.13 -0.12 14.3566 4.125 -0.125 19.3 4.05 -0.92 19.3 4.05 0.67
3 16 14.3566 4.125 -0.125 19.28 4.13 -0.12 19.3 4.05 0.67
5 24 19.3 4.05 0.67 14.3566 4.125 -0.125 19.28 4.13 -0.12 14.3566 3.811003 1.453569
3 16 14.3566 4.125 -0.125 19.3 4.05 0.67 14.3566 3.811003 1.453569
5 24 19.3 4.05 0.67 14.3566 3.811003 1.453569 14.3566 4.125 -0.125 19.34597 3.810141 1.455649
3 16 14.3566 3.811003 1.453569 19.3 4.05 0.67 19.34597 3.810141 1.455649
5 24 19.34597 3.810141 1.455649 14.3566 3.811003 1.453569 19.3 4.05 0.67 19.50065 2.916889 2.791742
4 16 14.3566 3.811003 1.453569 19.34597 3.810141 1.455649 19.50065 2.916889 2.791742 14.3566 2.916815 2.791815
5 24 19.50065 2.916889 2.791742 14.3566 2.916815 2.791815 14.3566 3.811003 1.453569 19.65413 1.580747 3.6851
4 16 14.3566 2.916815 2.791815 19.50065 2.916889 2.791742 19.65413 1.580747 3.6851 14.3566 1.578569 3.686003
5 24 19.65413 1.580747 3.6851 14.3566 1.578569 3.686003 14.3566 2.916815 2.791815 19.7 0.79 3.92
3 16 14.3566 1.578569 3.686003 19.65413 1.580747 3.6851 19.7 0.79 3.92
5 24 19.7 0.79 3.92 14.3566 1.578569 3.686003 19.65413 1.580747 3.6851 14.3566 0 4
3 16 14.3566 1.578569 3.686003 19.7 0.79 3.92 14.3566 0 4
5 24 19.7 0.79 3.92 14.3566 0 4 14.3566 1.578569 3.686003 19.72 0 4
3 16 14.3566 0 4 19.7 0.79 3.92 19.72 0 4
5 24 19.72 0 4 14.3566 0 4 19.7 0.79 3.92 19.7 -0.79 3.92
3 16 14.3566 0 4 19.72 0 4 19.7 -0.79 3.92
5 24 19.7 -0.79 3.92 14.3566 0 4 19.72 0 4 14.3566 -1.578569 3.686003
3 16 14.3566 0 4 19.7 -0.79 3.92 14.3566 -1.578569 3.686003
5 24 19.7 -0.79 3.92 14.3566 -1.578569 3.686003 14.3566 0 4 19.65413 -1.580747 3.6851
3 16 14.3566 -1.578569 3.686003 19.7 -0.79 3.92 19.65413 -1.580747 3.6851
5 24 19.65413 -1.580747 3.6851 14.3566 -1.578569 3.686003 19.7 -0.79 3.92 19.50065 -2.916889 2.791742
4 16 14.3566 -1.578569 3.686003 19.65413 -1.580747 3.6851 19.50065 -2.916889 2.791742 14.3566 -2.916815 2.791815
5 24 19.50065 -2.916889 2.791742 14.3566 -2.916815 2.791815 14.3566 -1.578569 3.686003 19.34597 -3.810141 1.455649
4 16 14.3566 -2.916815 2.791815 19.50065 -2.916889 2.791742 19.34597 -3.810141 1.455649 14.3566 -3.811003 1.453569
5 24 19.34597 -3.810141 1.455649 14.3566 -3.811003 1.453569 14.3566 -2.916815 2.791815 19.3 -4.05 0.67
3 16 14.3566 -3.811003 1.453569 19.34597 -3.810141 1.455649 19.3 -4.05 0.67
5 24 19.3 -4.05 0.67 14.3566 -3.811003 1.453569 19.34597 -3.810141 1.455649 14.3566 -4.125 -0.125
3 16 14.3566 -3.811003 1.453569 19.3 -4.05 0.67 14.3566 -4.125 -0.125
4 16 -14.3566 0 -8.352241 -14.3566 -7.125 -4.238621 -8.106602 -7.125 -4.238621 -8.106602 0 -8.352241
2 24 -8.106602 0 -8.352241 -14.3566 0 -8.352241
4 16 -14.3566 7.125 -4.238621 -14.3566 0 -8.352241 -8.106602 0 -8.352241 -8.106602 7.125 -4.238621
4 16 14.3566 -7.125 10 14.3566 -7.125 -4.238621 8.106602 -7.125 -4.238621 8.106602 -7.125 10
2 24 14.3566 -7.125 -4.238621 8.106602 -7.125 -4.238621
4 16 -5.52169 2.92804 -3.030545 -4.95886 3.804236 -1.719808 -8.106602 3.811003 -1.703569 -8.106602 2.916815 -3.041815
5 24 -4.95886 3.804236 -1.719808 -8.106602 3.811003 -1.703569 -8.106602 2.916815 -3.041815 -4.77 4.04 -0.94
5 24 -8.106602 2.916815 -3.041815 -5.52169 2.92804 -3.030545 -4.95886 3.804236 -1.719808 -8.106602 1.578569 -3.936003
3 16 -8.106602 3.811003 -1.703569 -4.95886 3.804236 -1.719808 -4.77 4.04 -0.94
5 24 -4.77 4.04 -0.94 -8.106602 3.811003 -1.703569 -4.95886 3.804236 -1.719808 -8.106602 4.125 -0.125
3 16 -8.106602 3.811003 -1.703569 -4.77 4.04 -0.94 -8.106602 4.125 -0.125
5 24 -4.77 4.04 -0.94 -8.106602 4.125 -0.125 -8.106602 3.811003 -1.703569 -4.7 4.13 -0.12
3 16 -8.106602 4.125 -0.125 -4.77 4.04 -0.94 -4.7 4.13 -0.12
5 24 -4.7 4.13 -0.12 -8.106602 4.125 -0.125 -4.77 4.04 -0.94 -4.77 4.04 0.69
3 16 -8.106602 4.125 -0.125 -4.7 4.13 -0.12 -4.77 4.04 0.69
5 24 -4.77 4.04 0.69 -8.106602 4.125 -0.125 -4.7 4.13 -0.12 -8.106602 3.811003 1.453569
4 16 -5.52169 2.92804 -3.030545 -8.106602 2.916815 -3.041815 -8.106602 1.578569 -3.936003 -6.038835 1.610889 -3.922454
5 24 -8.106602 1.578569 -3.936003 -6.038835 1.610889 -3.922454 -5.52169 2.92804 -3.030545 -6.195283 0.8169446 -4.167104
3 16 -6.038835 1.610889 -3.922454 -8.106602 1.578569 -3.936003 -6.195283 0.8169446 -4.167104
5 24 -8.106602 1.578569 -3.936003 -6.195283 0.8169446 -4.167104 -6.038835 1.610889 -3.922454 -8.11 0 -4.25
3 16 -8.106602 1.578569 -3.936003 -8.11 0 -4.25 -6.195283 0.8169446 -4.167104
5 24 -8.11 0 -4.25 -6.195283 0.8169446 -4.167104 -8.106602 1.578569 -3.936003 -6.25 0 -4.25
3 16 -6.195283 0.8169446 -4.167104 -8.11 0 -4.25 -6.25 0 -4.25
5 24 -8.11 0 -4.25 -6.25 0 -4.25 -6.195283 0.8169446 -4.167104 -6.195283 -0.8169446 -4.167104
3 16 -6.25 0 -4.25 -8.11 0 -4.25 -6.195283 -0.8169446 -4.167104
5 24 -8.11 0 -4.25 -6.195283 -0.8169446 -4.167104 -6.25 0 -4.25 -8.106602 -1.578569 -3.936003
3 16 -6.195283 -0.8169446 -4.167104 -8.11 0 -4.25 -8.106602 -1.578569 -3.936003
5 24 -8.106602 -1.578569 -3.936003 -6.195283 -0.8169446 -4.167104 -8.11 0 -4.25 -6.038835 -1.610889 -3.922454
3 16 -6.195283 -0.8169446 -4.167104 -8.106602 -1.578569 -3.936003 -6.038835 -1.610889 -3.922454
5 24 -8.106602 -1.578569 -3.936003 -6.038835 -1.610889 -3.922454 -6.195283 -0.8169446 -4.167104 -8.106602 -2.916815 -3.041815
4 16 -6.038835 -1.610889 -3.922454 -8.106602 -1.578569 -3.936003 -8.106602 -2.916815 -3.041815 -5.52169 -2.92804 -3.030545
2 24 -8.106602 -2.916815 -3.041815 -5.52169 -2.92804 -3.030545
4 16 -5.52169 -2.92804 -3.030545 -8.106602 -2.916815 -3.041815 -8.106602 -3.811003 -1.703569 -4.95886 -3.804236 -1.719808
5 24 -8.106602 -3.811003 -1.703569 -4.95886 -3.804236 -1.719808 -5.52169 -2.92804 -3.030545 -4.77 -4.04 -0.94
3 16 -4.95886 -3.804236 -1.719808 -8.106602 -3.811003 -1.703569 -4.77 -4.04 -0.94
5 24 -8.106602 -3.811003 -1.703569 -4.77 -4.04 -0.94 -4.95886 -3.804236 -1.719808 -8.106602 -4.125 -0.125
3 16 -8.106602 -3.811003 -1.703569 -8.106602 -4.125 -0.125 -4.77 -4.04 -0.94
5 24 -8.106602 -4.125 -0.125 -4.77 -4.04 -0.94 -8.106602 -3.811003 -1.703569 -4.7 -4.12 -0.13
3 16 -4.77 -4.04 -0.94 -8.106602 -4.125 -0.125 -4.7 -4.12 -0.13
5 24 -8.106602 -4.125 -0.125 -4.7 -4.12 -0.13 -4.77 -4.04 -0.94 -4.77 -4.04 0.69
3 16 -4.7 -4.12 -0.13 -8.106602 -4.125 -0.125 -4.77 -4.04 0.69
5 24 -8.106602 -4.125 -0.125 -4.77 -4.04 0.69 -4.7 -4.12 -0.13 -8.106602 -3.811003 1.453569
3 16 -4.77 -4.04 0.69 -8.106602 -4.125 -0.125 -8.106602 -3.811003 1.453569
5 24 -8.106602 -3.811003 1.453569 -4.77 -4.04 0.69 -8.106602 -4.125 -0.125 -4.95886 -3.804236 1.469808
3 16 -4.77 -4.04 0.69 -8.106602 -3.811003 1.453569 -4.95886 -3.804236 1.469808
5 24 -8.106602 -3.811003 1.453569 -4.95886 -3.804236 1.469808 -4.77 -4.04 0.69 -8.106602 -2.916815 2.791815
4 16 -4.95886 -3.804236 1.469808 -8.106602 -3.811003 1.453569 -8.106602 -2.916815 2.791815 -5.52169 -2.92804 2.780545
5 24 -8.106602 -2.916815 2.791815 -5.52169 -2.92804 2.780545 -4.95886 -3.804236 1.469808 -8.106602 -1.578569 3.686003
4 16 -5.52169 -2.92804 2.780545 -8.106602 -2.916815 2.791815 -8.106602 -1.578569 3.686003 -6.038835 -1.610889 3.672454
5 24 -8.106602 -1.578569 3.686003 -6.038835 -1.610889 3.672454 -5.52169 -2.92804 2.780545 -6.195283 -0.8169446 3.917104
3 16 -6.038835 -1.610889 3.672454 -8.106602 -1.578569 3.686003 -6.195283 -0.8169446 3.917104
5 24 -8.106602 -1.578569 3.686003 -6.195283 -0.8169446 3.917104 -6.038835 -1.610889 3.672454 -8.106602 0 4
3 16 -8.106602 -1.578569 3.686003 -8.106602 0 4 -6.195283 -0.8169446 3.917104
5 24 -8.106602 0 4 -6.195283 -0.8169446 3.917104 -8.106602 -1.578569 3.686003 -6.25 0 4
3 16 -6.195283 -0.8169446 3.917104 -8.106602 0 4 -6.25 0 4
5 24 -8.106602 0 4 -6.25 0 4 -6.195283 -0.8169446 3.917104 -6.195283 0.8169446 3.917104
3 16 -6.25 0 4 -8.106602 0 4 -6.195283 0.8169446 3.917104
5 24 -8.106602 0 4 -6.195283 0.8169446 3.917104 -6.25 0 4 -8.106602 1.578569 3.686003
3 16 -6.195283 0.8169446 3.917104 -8.106602 0 4 -8.106602 1.578569 3.686003
5 24 -8.106602 1.578569 3.686003 -6.195283 0.8169446 3.917104 -8.106602 0 4 -6.038835 1.610889 3.672454
3 16 -6.195283 0.8169446 3.917104 -8.106602 1.578569 3.686003 -6.038835 1.610889 3.672454
5 24 -8.106602 1.578569 3.686003 -6.038835 1.610889 3.672454 -6.195283 0.8169446 3.917104 -8.106602 2.916815 2.791815
4 16 -6.038835 1.610889 3.672454 -8.106602 1.578569 3.686003 -8.106602 2.916815 2.791815 -5.52169 2.92804 2.780545
2 24 -8.106602 2.916815 2.791815 -5.52169 2.92804 2.780545
4 16 -5.52169 2.92804 2.780545 -8.106602 2.916815 2.791815 -8.106602 3.811003 1.453569 -4.95886 3.804236 1.469808
5 24 -8.106602 3.811003 1.453569 -4.95886 3.804236 1.469808 -5.52169 2.92804 2.780545 -4.77 4.04 0.69
3 16 -4.95886 3.804236 1.469808 -8.106602 3.811003 1.453569 -4.77 4.04 0.69
5 24 -8.106602 3.811003 1.453569 -4.77 4.04 0.69 -4.95886 3.804236 1.469808 -8.106602 4.125 -0.125
3 16 -8.106602 3.811003 1.453569 -8.106602 4.125 -0.125 -4.77 4.04 0.69
4 16 14.3566 -7.125 -4.238621 14.3566 0 -8.352241 8.106602 0 -8.352241 8.106602 -7.125 -4.238621
2 24 14.3566 0 -8.352241 8.106602 0 -8.352241
3 16 -19.7 0.79 3.92 -19.65413 1.580747 3.6851 -14.3566 1.578569 3.686003
2 24 -19.7 0.79 3.92 -19.65413 1.580747 3.6851
5 24 -19.65413 1.580747 3.6851 -14.3566 1.578569 3.686003 -19.7 0.79 3.92 -19.50065 2.916889 2.791742
5 24 -14.3566 1.578569 3.686003 -19.7 0.79 3.92 -19.65413 1.580747 3.6851 -14.3566 0 4
4 16 -14.3566 1.578569 3.686003 -19.65413 1.580747 3.6851 -19.50065 2.916889 2.791742 -14.3566 2.916815 2.791815
2 24 -19.65413 1.580747 3.6851 -19.50065 2.916889 2.791742
5 24 -19.50065 2.916889 2.791742 -14.3566 2.916815 2.791815 -14.3566 1.578569 3.686003 -19.34597 3.810141 1.455649
4 16 -14.3566 2.916815 2.791815 -19.50065 2.916889 2.791742 -19.34597 3.810141 1.455649 -14.3566 3.811003 1.453569
2 24 -19.50065 2.916889 2.791742 -19.34597 3.810141 1.455649
5 24 -19.34597 3.810141 1.455649 -14.3566 3.811003 1.453569 -14.3566 2.916815 2.791815 -19.3 4.05 0.67
3 16 -14.3566 3.811003 1.453569 -19.34597 3.810141 1.455649 -19.3 4.05 0.67
2 24 -19.34597 3.810141 1.455649 -19.3 4.05 0.67
5 24 -19.3 4.05 0.67 -14.3566 3.811003 1.453569 -19.34597 3.810141 1.455649 -14.3566 4.125 -0.125
3 16 -14.3566 3.811003 1.453569 -19.3 4.05 0.67 -14.3566 4.125 -0.125
5 24 -19.3 4.05 0.67 -14.3566 4.125 -0.125 -14.3566 3.811003 1.453569 -19.28 4.13 -0.12
3 16 -14.3566 4.125 -0.125 -19.3 4.05 0.67 -19.28 4.13 -0.12
2 24 -19.3 4.05 0.67 -19.28 4.13 -0.12
5 24 -19.28 4.13 -0.12 -14.3566 4.125 -0.125 -19.3 4.05 0.67 -19.3 4.05 -0.92
3 16 -14.3566 4.125 -0.125 -19.28 4.13 -0.12 -19.3 4.05 -0.92
2 24 -19.28 4.13 -0.12 -19.3 4.05 -0.92
5 24 -19.3 4.05 -0.92 -14.3566 4.125 -0.125 -19.28 4.13 -0.12 -14.3566 3.811003 -1.703569
3 16 -14.3566 1.578569 3.686003 -14.3566 0 4 -19.7 0.79 3.92
5 24 -14.3566 0 4 -19.7 0.79 3.92 -14.3566 1.578569 3.686003 -19.72 0 4
3 16 -19.7 0.79 3.92 -14.3566 0 4 -19.72 0 4
5 24 -14.3566 0 4 -19.72 0 4 -19.7 0.79 3.92 -19.7 -0.79 3.92
2 24 -19.72 0 4 -19.7 0.79 3.92
3 16 -19.72 0 4 -14.3566 0 4 -19.7 -0.79 3.92
5 24 -14.3566 0 4 -19.7 -0.79 3.92 -19.72 0 4 -14.3566 -1.578569 3.686003
2 24 -19.7 -0.79 3.92 -19.72 0 4
3 16 -19.7 -0.79 3.92 -14.3566 0 4 -14.3566 -1.578569 3.686003
5 24 -14.3566 -1.578569 3.686003 -19.7 -0.79 3.92 -14.3566 0 4 -19.65413 -1.580747 3.6851
3 16 -19.7 -0.79 3.92 -14.3566 -1.578569 3.686003 -19.65413 -1.580747 3.6851
5 24 -14.3566 -1.578569 3.686003 -19.65413 -1.580747 3.6851 -19.7 -0.79 3.92 -14.3566 -2.916815 2.791815
2 24 -19.65413 -1.580747 3.6851 -19.7 -0.79 3.92
4 16 -19.65413 -1.580747 3.6851 -14.3566 -1.578569 3.686003 -14.3566 -2.916815 2.791815 -19.50065 -2.916889 2.791742
2 24 -14.3566 -2.916815 2.791815 -19.50065 -2.916889 2.791742
2 24 -19.50065 -2.916889 2.791742 -19.65413 -1.580747 3.6851
4 16 -19.50065 -2.916889 2.791742 -14.3566 -2.916815 2.791815 -14.3566 -3.811003 1.453569 -19.34597 -3.810141 1.455649
5 24 -14.3566 -3.811003 1.453569 -19.34597 -3.810141 1.455649 -19.50065 -2.916889 2.791742 -19.3 -4.05 0.67
2 24 -19.34597 -3.810141 1.455649 -19.50065 -2.916889 2.791742
3 16 -19.34597 -3.810141 1.455649 -14.3566 -3.811003 1.453569 -19.3 -4.05 0.67
5 24 -14.3566 -3.811003 1.453569 -19.3 -4.05 0.67 -19.34597 -3.810141 1.455649 -14.3566 -4.125 -0.125
2 24 -19.3 -4.05 0.67 -19.34597 -3.810141 1.455649
3 16 -14.3566 -3.811003 1.453569 -14.3566 -4.125 -0.125 -19.3 -4.05 0.67
5 24 -14.3566 -4.125 -0.125 -19.3 -4.05 0.67 -14.3566 -3.811003 1.453569 -19.28 -4.12 -0.13
3 16 -19.3 -4.05 0.67 -14.3566 -4.125 -0.125 -19.28 -4.12 -0.13
5 24 -14.3566 -4.125 -0.125 -19.28 -4.12 -0.13 -19.3 -4.05 0.67 -19.3 -4.05 -0.92
2 24 -19.28 -4.12 -0.13 -19.3 -4.05 0.67
3 16 -19.28 -4.12 -0.13 -14.3566 -4.125 -0.125 -19.3 -4.05 -0.92
5 24 -14.3566 -4.125 -0.125 -19.3 -4.05 -0.92 -19.28 -4.12 -0.13 -14.3566 -3.811003 -1.703569
2 24 -19.3 -4.05 -0.92 -19.28 -4.12 -0.13
3 16 -19.3 -4.05 -0.92 -14.3566 -4.125 -0.125 -14.3566 -3.811003 -1.703569
5 24 -14.3566 -3.811003 -1.703569 -19.3 -4.05 -0.92 -14.3566 -4.125 -0.125 -19.34597 -3.810141 -1.705649
3 16 -19.3 -4.05 -0.92 -14.3566 -3.811003 -1.703569 -19.34597 -3.810141 -1.705649
5 24 -14.3566 -3.811003 -1.703569 -19.34597 -3.810141 -1.705649 -19.3 -4.05 -0.92 -14.3566 -2.916815 -3.041815
2 24 -19.34597 -3.810141 -1.705649 -19.3 -4.05 -0.92
4 16 -19.34597 -3.810141 -1.705649 -14.3566 -3.811003 -1.703569 -14.3566 -2.916815 -3.041815 -19.50065 -2.916889 -3.041742
2 24 -14.3566 -2.916815 -3.041815 -19.50065 -2.916889 -3.041742
2 24 -19.50065 -2.916889 -3.041742 -19.34597 -3.810141 -1.705649
4 16 -19.50065 -2.916889 -3.041742 -14.3566 -2.916815 -3.041815 -14.3566 -1.578569 -3.936003 -19.65413 -1.580747 -3.9351
5 24 -14.3566 -1.578569 -3.936003 -19.65413 -1.580747 -3.9351 -19.50065 -2.916889 -3.041742 -19.7 -0.79 -4.17
2 24 -19.65413 -1.580747 -3.9351 -19.50065 -2.916889 -3.041742
3 16 -19.65413 -1.580747 -3.9351 -14.3566 -1.578569 -3.936003 -19.7 -0.79 -4.17
5 24 -14.3566 -1.578569 -3.936003 -19.7 -0.79 -4.17 -19.65413 -1.580747 -3.9351 -14.3566 0 -4.25
2 24 -19.7 -0.79 -4.17 -19.65413 -1.580747 -3.9351
3 16 -14.3566 -1.578569 -3.936003 -14.3566 0 -4.25 -19.7 -0.79 -4.17
5 24 -14.3566 0 -4.25 -19.7 -0.79 -4.17 -14.3566 -1.578569 -3.936003 -19.72 0 -4.25
3 16 -19.7 -0.79 -4.17 -14.3566 0 -4.25 -19.72 0 -4.25
5 24 -14.3566 0 -4.25 -19.72 0 -4.25 -19.7 -0.79 -4.17 -19.7 0.79 -4.17
2 24 -19.72 0 -4.25 -19.7 -0.79 -4.17
3 16 -19.72 0 -4.25 -14.3566 0 -4.25 -19.7 0.79 -4.17
5 24 -14.3566 0 -4.25 -19.7 0.79 -4.17 -19.72 0 -4.25 -14.3566 1.578569 -3.936003
2 24 -19.7 0.79 -4.17 -19.72 0 -4.25
3 16 -19.7 0.79 -4.17 -14.3566 0 -4.25 -14.3566 1.578569 -3.936003
5 24 -14.3566 1.578569 -3.936003 -19.7 0.79 -4.17 -14.3566 0 -4.25 -19.65413 1.580747 -3.9351
3 16 -19.7 0.79 -4.17 -14.3566 1.578569 -3.936003 -19.65413 1.580747 -3.9351
5 24 -14.3566 1.578569 -3.936003 -19.65413 1.580747 -3.9351 -19.7 0.79 -4.17 -14.3566 2.916815 -3.041815
2 24 -19.65413 1.580747 -3.9351 -19.7 0.79 -4.17
4 16 -19.65413 1.580747 -3.9351 -14.3566 1.578569 -3.936003 -14.3566 2.916815 -3.041815 -19.50065 2.916889 -3.041742
2 24 -14.3566 2.916815 -3.041815 -19.50065 2.916889 -3.041742
2 24 -19.50065 2.916889 -3.041742 -19.65413 1.580747 -3.9351
4 16 -19.50065 2.916889 -3.041742 -14.3566 2.916815 -3.041815 -14.3566 3.811003 -1.703569 -19.34597 3.810141 -1.705649
5 24 -14.3566 3.811003 -1.703569 -19.34597 3.810141 -1.705649 -19.50065 2.916889 -3.041742 -19.3 4.05 -0.92
2 24 -19.34597 3.810141 -1.705649 -19.50065 2.916889 -3.041742
3 16 -19.34597 3.810141 -1.705649 -14.3566 3.811003 -1.703569 -19.3 4.05 -0.92
5 24 -14.3566 3.811003 -1.703569 -19.3 4.05 -0.92 -19.34597 3.810141 -1.705649 -14.3566 4.125 -0.125
2 24 -19.3 4.05 -0.92 -19.34597 3.810141 -1.705649
3 16 -14.3566 3.811003 -1.703569 -14.3566 4.125 -0.125 -19.3 4.05 -0.92
4 16 8.106602 7.125 10 8.106602 7.125 -4.238621 14.3566 7.125 -4.238621 14.3566 7.125 10
2 24 8.106602 7.125 -4.238621 14.3566 7.125 -4.238621
4 16 14.3566 0 -8.352241 14.3566 7.125 -4.238621 8.106602 7.125 -4.238621 8.106602 0 -8.352241
4 16 -10 -10 -20 -10 -10 -10 -10 10 -10 -10 10 -20
4 16 -8.297607 -17.88668 10 -14.32418 -13.54996 10 -14.32418 -13.54996 -10 -8.297607 -17.88668 -10
5 24 -14.32418 -13.54996 10 -14.32418 -13.54996 -10 -8.297607 -17.88668 -10 -18.31969 -7.291954 10
4 16 -14.32418 -13.54996 10 -18.31969 -7.291954 10 -18.31969 -7.291954 -10 -14.32418 -13.54996 -10
5 24 -18.31969 -7.291954 10 -18.31969 -7.291954 -10 -14.32418 -13.54996 -10 -19.28 -4.12 -0.13
3 16 -19.65413 -1.580747 3.6851 -19.50065 -2.916889 2.791742 -19.7176 0 10
5 24 -19.50065 -2.916889 2.791742 -19.7176 0 10 -19.65413 -1.580747 3.6851 -19.34597 -3.810141 1.455649
5 24 -19.7176 0 10 -19.65413 -1.580747 3.6851 -19.50065 -2.916889 2.791742 -19.7 -0.79 3.92
3 16 -19.7176 0 10 -19.50065 -2.916889 2.791742 -19.34597 -3.810141 1.455649
5 24 -19.34597 -3.810141 1.455649 -19.7176 0 10 -19.50065 -2.916889 2.791742 -18.31969 -7.291954 10
3 16 -19.7176 0 10 -19.34597 -3.810141 1.455649 -18.31969 -7.291954 10
5 24 -19.34597 -3.810141 1.455649 -18.31969 -7.291954 10 -19.7176 0 10 -19.3 -4.05 0.67
3 16 -18.31969 -7.291954 10 -19.34597 -3.810141 1.455649 -19.3 -4.05 0.67
5 24 -19.3 -4.05 0.67 -18.31969 -7.291954 10 -19.34597 -3.810141 1.455649 -19.28 -4.12 -0.13
3 16 -18.31969 -7.291954 10 -19.3 -4.05 0.67 -19.28 -4.12 -0.13
5 24 -19.28 -4.12 -0.13 -18.31969 -7.291954 10 -19.3 -4.05 0.67 -18.31969 -7.291954 -10
3 16 -19.3 4.05 0.67 -19.34597 3.810141 1.455649 -18.31969 7.291954 10
5 24 -19.34597 3.810141 1.455649 -18.31969 7.291954 10 -19.3 4.05 0.67 -19.50065 2.916889 2.791742
5 24 -18.31969 7.291954 10 -19.3 4.05 0.67 -19.34597 3.810141 1.455649 -19.28 4.13 -0.12
3 16 -18.31969 7.291954 10 -19.34597 3.810141 1.455649 -19.50065 2.916889 2.791742
5 24 -19.50065 2.916889 2.791742 -18.31969 7.291954 10 -19.34597 3.810141 1.455649 -19.7176 0 10
3 16 -18.31969 7.291954 10 -19.50065 2.916889 2.791742 -19.7176 0 10
5 24 -19.50065 2.916889 2.791742 -19.7176 0 10 -18.31969 7.291954 10 -19.65413 1.580747 3.6851
3 16 -19.7176 0 10 -19.50065 2.916889 2.791742 -19.65413 1.580747 3.6851
5 24 -19.65413 1.580747 3.6851 -19.7176 0 10 -19.50065 2.916889 2.791742 -19.7 0.79 3.92
3 16 -19.7176 0 10 -19.65413 1.580747 3.6851 -19.7 0.79 3.92
5 24 -19.7 0.79 3.92 -19.7176 0 10 -19.65413 1.580747 3.6851 -19.72 0 4
4 16 -8.297607 17.88668 -10 -14.32418 13.54996 -10 -14.32418 13.54996 10 -8.297607 17.88668 10
5 24 -14.32418 13.54996 -10 -14.32418 13.54996 10 -8.297607 17.88668 10 -18.31969 7.291954 -10
4 16 -14.32418 13.54996 10 -14.32418 13.54996 -10 -18.31969 7.291954 -10 -18.31969 7.291954 10
5 24 -18.31969 7.291954 -10 -18.31969 7.291954 10 -14.32418 13.54996 10 -19.28 4.13 -0.12
3 16 -18.31969 7.291954 10 -18.31969 7.291954 -10 -19.28 4.13 -0.12
5 24 -18.31969 7.291954 -10 -19.28 4.13 -0.12 -18.31969 7.291954 10 -19.3 4.05 -0.92
5 24 -19.28 4.13 -0.12 -18.31969 7.291954 10 -18.31969 7.291954 -10 -19.3 4.05 0.67
3 16 -18.31969 7.291954 10 -19.28 4.13 -0.12 -19.3 4.05 0.67
3 16 -19.65413 1.580747 -3.9351 -19.50065 2.916889 -3.041742 -19.7176 0 -10
5 24 -19.50065 2.916889 -3.041742 -19.7176 0 -10 -19.65413 1.580747 -3.9351 -19.34597 3.810141 -1.705649
5 24 -19.7176 0 -10 -19.65413 1.580747 -3.9351 -19.50065 2.916889 -3.041742 -19.7 0.79 -4.17
3 16 -19.7176 0 -10 -19.50065 2.916889 -3.041742 -19.34597 3.810141 -1.705649
5 24 -19.34597 3.810141 -1.705649 -19.7176 0 -10 -19.50065 2.916889 -3.041742 -18.31969 7.291954 -10
3 16 -19.7176 0 -10 -19.34597 3.810141 -1.705649 -18.31969 7.291954 -10
5 24 -19.34597 3.810141 -1.705649 -18.31969 7.291954 -10 -19.7176 0 -10 -19.3 4.05 -0.92
3 16 -18.31969 7.291954 -10 -19.34597 3.810141 -1.705649 -19.3 4.05 -0.92
5 24 -19.3 4.05 -0.92 -18.31969 7.291954 -10 -19.34597 3.810141 -1.705649 -19.28 4.13 -0.12
3 16 -18.31969 7.291954 -10 -19.3 4.05 -0.92 -19.28 4.13 -0.12
3 16 -19.3 -4.05 -0.92 -19.34597 -3.810141 -1.705649 -18.31969 -7.291954 -10
5 24 -19.34597 -3.810141 -1.705649 -18.31969 -7.291954 -10 -19.3 -4.05 -0.92 -19.50065 -2.916889 -3.041742
5 24 -18.31969 -7.291954 -10 -19.3 -4.05 -0.92 -19.34597 -3.810141 -1.705649 -19.28 -4.12 -0.13
3 16 -18.31969 -7.291954 -10 -19.34597 -3.810141 -1.705649 -19.50065 -2.916889 -3.041742
5 24 -19.50065 -2.916889 -3.041742 -18.31969 -7.291954 -10 -19.34597 -3.810141 -1.705649 -19.7176 0 -10
3 16 -18.31969 -7.291954 -10 -19.50065 -2.916889 -3.041742 -19.7176 0 -10
5 24 -19.50065 -2.916889 -3.041742 -19.7176 0 -10 -18.31969 -7.291954 -10 -19.65413 -1.580747 -3.9351
3 16 -19.7176 0 -10 -19.50065 -2.916889 -3.041742 -19.65413 -1.580747 -3.9351
5 24 -19.65413 -1.580747 -3.9351 -19.7176 0 -10 -19.50065 -2.916889 -3.041742 -19.7 -0.79 -4.17
3 16 -19.7176 0 -10 -19.65413 -1.580747 -3.9351 -19.7 -0.79 -4.17
5 24 -19.7 -0.79 -4.17 -19.7176 0 -10 -19.65413 -1.580747 -3.9351 -19.72 0 -4.25
3 16 -18.31969 -7.291954 10 -19.28 -4.12 -0.13 -18.31969 -7.291954 -10
5 24 -19.28 -4.12 -0.13 -18.31969 -7.291954 -10 -18.31969 -7.291954 10 -19.3 -4.05 -0.92
3 16 -18.31969 -7.291954 -10 -19.28 -4.12 -0.13 -19.3 -4.05 -0.92
3 16 -19.7 -0.79 -4.17 -19.72 0 -4.25 -19.7176 0 -10
5 24 -19.72 0 -4.25 -19.7176 0 -10 -19.7 -0.79 -4.17 -19.7 0.79 -4.17
3 16 -19.7176 0 -10 -19.72 0 -4.25 -19.7 0.79 -4.17
5 24 -19.7 0.79 -4.17 -19.7176 0 -10 -19.72 0 -4.25 -19.65413 1.580747 -3.9351
3 16 -19.7176 0 -10 -19.7 0.79 -4.17 -19.65413 1.580747 -3.9351
3 16 -19.7 0.79 3.92 -19.72 0 4 -19.7176 0 10
5 24 -19.72 0 4 -19.7176 0 10 -19.7 0.79 3.92 -19.7 -0.79 3.92
3 16 -19.7176 0 10 -19.72 0 4 -19.7 -0.79 3.92
5 24 -19.7 -0.79 3.92 -19.7176 0 10 -19.72 0 4 -19.65413 -1.580747 3.6851
3 16 -19.7176 0 10 -19.7 -0.79 3.92 -19.65413 -1.580747 3.6851
