0 Bitbeam Axle 106
0 Name: bb-ax-106.dat
0 Author: Tomas Feltl (e-Mole.cz)
0 !LDRAW_ORG Unofficial_Part
0 !LICENSE Redistributable under CCAL version 2.0 : see CAreadme.txt

0 ROTATION CENTER 0 0 0 1 "Custom" 
0 ROTATION CONFIG 0 0
0 BFC CERTIFY CCW

0 // Created with stl2dat conversion tool

4 16 124 -5.54 2.27 124 -6 -0.02 124 -5.54 -2.32 124 -4.24 4.22
2 24 124 -5.54 2.27 124 -6 -0.02
2 24 124 -6 -0.02 124 -5.54 -2.32
2 24 124 -4.24 4.22 124 -5.54 2.27
4 9 124 -4.24 4.22 124 -5.54 -2.32 124 -4.24 -4.27 124 -2.3 5.52
2 24 124 -5.54 -2.32 124 -4.24 -4.27
2 24 124 -2.3 5.52 124 -4.24 4.22
4 9 124 -2.3 5.52 124 -4.24 -4.27 124 -2.3 -5.57 124 0 5.98
2 24 124 -4.24 -4.27 124 -2.3 -5.57
2 24 124 0 5.98 124 -2.3 5.52
4 9 124 0 5.98 124 -2.3 -5.57 124 0 -6.02 124 2.3 5.52
2 24 124 -2.3 -5.57 124 0 -6.02
2 24 124 2.3 5.52 124 0 5.98
4 9 124 2.3 5.52 124 0 -6.02 124 2.3 -5.57 124 4.24 4.22
2 24 124 0 -6.02 124 2.3 -5.57
2 24 124 4.24 4.22 124 2.3 5.52
4 9 124 4.24 4.22 124 2.3 -5.57 124 4.24 -4.27 124 5.54 2.27
2 24 124 2.3 -5.57 124 4.24 -4.27
2 24 124 5.54 2.27 124 4.24 4.22
4 9 124 5.54 2.27 124 4.24 -4.27 124 5.54 -2.32 124 6 -0.02
2 24 124 4.24 -4.27 124 5.54 -2.32
2 24 124 5.54 -2.32 124 6 -0.02
2 24 124 6 -0.02 124 5.54 2.27

4 9 -141 5.62 2.07 -141 6 -0.25 -141 5.45 -2.52 -141 4.4 4.06
2 24 -141 5.62 2.07 -141 6 -0.25
2 24 -141 6 -0.25 -141 5.45 -2.52
2 24 -141 4.4 4.06 -141 5.62 2.07
4 9 -141 4.4 4.06 -141 5.45 -2.52 -141 4.08 -4.42 -141 2.5 5.43
2 24 -141 5.45 -2.52 -141 4.08 -4.42
2 24 -141 2.5 5.43 -141 4.4 4.06
4 9 -141 2.5 5.43 -141 4.08 -4.42 -141 2.09 -5.65 -141 0.22 5.97
2 24 -141 4.08 -4.42 -141 2.09 -5.65
2 24 -141 0.22 5.97 -141 2.5 5.43
4 9 -141 0.22 5.97 -141 2.09 -5.65 -141 -0.22 -6.02 -141 -2.09 5.6
2 24 -141 2.09 -5.65 -141 -0.22 -6.02
2 24 -141 -2.09 5.6 -141 0.22 5.97
4 9 -141 -2.09 5.6 -141 -0.22 -6.02 -141 -2.5 -5.48 -141 -4.08 4.37
2 24 -141 -0.22 -6.02 -141 -2.5 -5.48
2 24 -141 -4.08 4.37 -141 -2.09 5.6
4 9 -141 -4.08 4.37 -141 -2.5 -5.48 -141 -4.4 -4.11 -141 -5.45 2.48
2 24 -141 -2.5 -5.48 -141 -4.4 -4.11
2 24 -141 -5.45 2.48 -141 -4.08 4.37
4 9 -141 -5.45 2.48 -141 -4.4 -4.11 -141 -5.62 -2.11 -141 -6 0.2
2 24 -141 -4.4 -4.11 -141 -5.62 -2.11
2 24 -141 -5.62 -2.11 -141 -6 0.2
2 24 -141 -6 0.2 -141 -5.45 2.48

3 9 -141 0.22 5.97 124 2.3 5.52 -141 2.5 5.43
5 24 -141 0.22 5.97 124 2.3 5.52 -141 2.5 5.43 124 0 5.98
5 24 124 2.3 5.52 -141 2.5 5.43 -141 0.22 5.97 124 4.24 4.22
3 9 -141 2.5 5.43 124 2.3 5.52 124 4.24 4.22
5 24 124 4.24 4.22 -141 2.5 5.43 124 2.3 5.52 -141 4.4 4.06
3 9 -141 2.5 5.43 124 4.24 4.22 -141 4.4 4.06
5 24 124 4.24 4.22 -141 4.4 4.06 -141 2.5 5.43 124 5.54 2.27
3 9 -141 4.4 4.06 124 4.24 4.22 124 5.54 2.27
5 24 124 5.54 2.27 -141 4.4 4.06 124 4.24 4.22 -141 5.62 2.07
3 9 -141 4.4 4.06 124 5.54 2.27 -141 5.62 2.07
5 24 124 5.54 2.27 -141 5.62 2.07 -141 4.4 4.06 124 6 -0.02
3 9 -141 5.62 2.07 124 5.54 2.27 124 6 -0.02
5 24 124 6 -0.02 -141 5.62 2.07 124 5.54 2.27 -141 6 -0.25
3 9 -141 5.62 2.07 124 6 -0.02 -141 6 -0.25
5 24 124 6 -0.02 -141 6 -0.25 -141 5.62 2.07 124 5.54 -2.32
3 9 -141 6 -0.25 124 6 -0.02 124 5.54 -2.32
5 24 124 5.54 -2.32 -141 6 -0.25 124 6 -0.02 -141 5.45 -2.52
3 9 -141 6 -0.25 124 5.54 -2.32 -141 5.45 -2.52
5 24 124 5.54 -2.32 -141 5.45 -2.52 -141 6 -0.25 124 4.24 -4.27
3 9 -141 5.45 -2.52 124 5.54 -2.32 124 4.24 -4.27
5 24 124 4.24 -4.27 -141 5.45 -2.52 124 5.54 -2.32 -141 4.08 -4.42
3 9 -141 5.45 -2.52 124 4.24 -4.27 -141 4.08 -4.42
5 24 124 4.24 -4.27 -141 4.08 -4.42 -141 5.45 -2.52 124 2.3 -5.57
3 9 -141 4.08 -4.42 124 4.24 -4.27 124 2.3 -5.57
5 24 124 2.3 -5.57 -141 4.08 -4.42 124 4.24 -4.27 -141 2.09 -5.65
3 9 -141 4.08 -4.42 124 2.3 -5.57 -141 2.09 -5.65
5 24 124 2.3 -5.57 -141 2.09 -5.65 -141 4.08 -4.42 124 0 -6.02
3 9 -141 2.09 -5.65 124 2.3 -5.57 124 0 -6.02
5 24 124 0 -6.02 -141 2.09 -5.65 124 2.3 -5.57 -141 -0.22 -6.02
3 9 -141 2.09 -5.65 124 0 -6.02 -141 -0.22 -6.02
5 24 124 0 -6.02 -141 -0.22 -6.02 -141 2.09 -5.65 124 -2.3 -5.57
3 9 -141 -0.22 -6.02 124 0 -6.02 124 -2.3 -5.57
5 24 124 -2.3 -5.57 -141 -0.22 -6.02 124 0 -6.02 -141 -2.5 -5.48
3 9 -141 -0.22 -6.02 124 -2.3 -5.57 -141 -2.5 -5.48
5 24 124 -2.3 -5.57 -141 -2.5 -5.48 -141 -0.22 -6.02 124 -4.24 -4.27
3 9 -141 -2.5 -5.48 124 -2.3 -5.57 124 -4.24 -4.27
5 24 124 -4.24 -4.27 -141 -2.5 -5.48 124 -2.3 -5.57 -141 -4.4 -4.11
3 9 -141 -2.5 -5.48 124 -4.24 -4.27 -141 -4.4 -4.11
5 24 124 -4.24 -4.27 -141 -4.4 -4.11 -141 -2.5 -5.48 124 -5.54 -2.32
3 9 -141 -4.4 -4.11 124 -4.24 -4.27 124 -5.54 -2.32
5 24 124 -5.54 -2.32 -141 -4.4 -4.11 124 -4.24 -4.27 -141 -5.62 -2.11
3 9 -141 -4.4 -4.11 124 -5.54 -2.32 -141 -5.62 -2.11
5 24 124 -5.54 -2.32 -141 -5.62 -2.11 -141 -4.4 -4.11 124 -6 -0.02
3 9 -141 -5.62 -2.11 124 -5.54 -2.32 124 -6 -0.02
5 24 124 -6 -0.02 -141 -5.62 -2.11 124 -5.54 -2.32 -141 -6 0.2
3 9 -141 -5.62 -2.11 124 -6 -0.02 -141 -6 0.2
5 24 124 -6 -0.02 -141 -6 0.2 -141 -5.62 -2.11 124 -5.54 2.27
3 9 -141 -6 0.2 124 -6 -0.02 124 -5.54 2.27
5 24 124 -5.54 2.27 -141 -6 0.2 124 -6 -0.02 -141 -5.45 2.48
3 9 -141 -6 0.2 124 -5.54 2.27 -141 -5.45 2.48
5 24 124 -5.54 2.27 -141 -5.45 2.48 -141 -6 0.2 124 -4.24 4.22
3 9 -141 -5.45 2.48 124 -5.54 2.27 124 -4.24 4.22
5 24 124 -4.24 4.22 -141 -5.45 2.48 124 -5.54 2.27 -141 -4.08 4.37
3 9 -141 -5.45 2.48 124 -4.24 4.22 -141 -4.08 4.37
5 24 124 -4.24 4.22 -141 -4.08 4.37 -141 -5.45 2.48 124 -2.3 5.52
3 9 -141 -4.08 4.37 124 -4.24 4.22 124 -2.3 5.52
5 24 124 -2.3 5.52 -141 -4.08 4.37 124 -4.24 4.22 -141 -2.09 5.6
3 9 -141 -4.08 4.37 124 -2.3 5.52 -141 -2.09 5.6
5 24 124 -2.3 5.52 -141 -2.09 5.6 -141 -4.08 4.37 124 0 5.98
3 9 -141 -2.09 5.6 124 -2.3 5.52 124 0 5.98
5 24 124 0 5.98 -141 -2.09 5.6 124 -2.3 5.52 -141 0.22 5.97
3 9 -141 -2.09 5.6 124 0 5.98 -141 0.22 5.97
5 24 124 0 5.98 -141 0.22 5.97 -141 -2.09 5.6 124 2.3 5.52
3 9 -141 0.22 5.97 124 0 5.98 124 2.3 5.52
0
