0 Bitbeam Stepper 28BYJ flange 10 x  8
0 Name: bb-adp-stp-10x8.dat
0 Author: Tomas Feltl (e-Mole.cz)
0 !LDRAW_ORG Unofficial_Part
0 !LICENSE Redistributable under CCAL version 2.0 : see CAreadme.txt

0 ROTATION CENTER 0 0 0 1 "Custom" 
0 ROTATION CONFIG 0 0
0 BFC CERTIFY CCW

0 // Created with stl2dat conversion tool

4 16 -4.38005 -3.72518 7.875 -5.17328 -3.72518 7.875 -5.93849 -2.3182 7.875 -5.22115 -2.40859 7.875
2 24 -5.17328 -3.72518 7.875 -4.38005 -3.72518 7.875
2 24 -5.93849 -2.3182 7.875 -5.17328 -3.72518 7.875
2 24 -4.38005 -3.72518 7.875 -5.22115 -2.40859 7.875
4 16 -5.22115 -2.40859 7.875 -5.93849 -2.3182 7.875 -6.32888 -0.764907 7.875 -5.6768 -0.914173 7.875
2 24 -6.32888 -0.764907 7.875 -5.93849 -2.3182 7.875
2 24 -5.22115 -2.40859 7.875 -5.6768 -0.914173 7.875
4 16 -5.6768 -0.914173 7.875 -6.32888 -0.764907 7.875 -6.3198 0.836669 7.875 -5.71334 0.64773 7.875
2 24 -6.3198 0.836669 7.875 -6.32888 -0.764907 7.875
2 24 -5.6768 -0.914173 7.875 -5.71334 0.64773 7.875
4 16 -5.71334 0.64773 7.875 -6.3198 0.836669 7.875 -5.91182 2.38544 7.875 -5.32808 2.16181 7.875
2 24 -5.91182 2.38544 7.875 -6.3198 0.836669 7.875
2 24 -5.71334 0.64773 7.875 -5.32808 2.16181 7.875
4 16 -5.32808 2.16181 7.875 -5.91182 2.38544 7.875 -5.1307 3.78364 7.875 -4.54947 3.5163 7.875
2 24 -5.1307 3.78364 7.875 -5.91182 2.38544 7.875
2 24 -5.32808 2.16181 7.875 -4.54947 3.5163 7.875
3 16 -4.332 3.782 7.875 -4.41 3.69 7.87 -5.1307 3.78364 7.875
2 24 -4.41 3.69 7.87 -4.332 3.782 7.875
2 24 -4.332 3.782 7.875 -5.1307 3.78364 7.875
3 16 -5.1307 3.78364 7.875 -4.41 3.69 7.87 -4.48 3.61 7.87
2 24 -4.48 3.61 7.87 -4.41 3.69 7.87
3 16 -5.1307 3.78364 7.875 -4.48 3.61 7.87 -4.54947 3.5163 7.875
2 24 -4.54947 3.5163 7.875 -4.48 3.61 7.87

4 16 4.38018 -3.72518 7.875 5.21807 -2.41555 7.875 5.93615 -2.32453 7.875 5.17341 -3.72518 7.875
2 24 5.21807 -2.41555 7.875 4.38018 -3.72518 7.875
2 24 5.17341 -3.72518 7.875 5.93615 -2.32453 7.875
2 24 4.38018 -3.72518 7.875 5.17341 -3.72518 7.875
4 16 5.21807 -2.41555 7.875 5.67447 -0.929314 7.875 6.32736 -0.778394 7.875 5.93615 -2.32453 7.875
2 24 5.67447 -0.929314 7.875 5.21807 -2.41555 7.875
2 24 5.93615 -2.32453 7.875 6.32736 -0.778394 7.875
4 16 5.67447 -0.929314 7.875 5.71601 0.624862 7.875 6.32257 0.816461 7.875 6.32736 -0.778394 7.875
2 24 5.71601 0.624862 7.875 5.67447 -0.929314 7.875
2 24 6.32736 -0.778394 7.875 6.32257 0.816461 7.875
4 16 5.71601 0.624862 7.875 5.33967 2.13336 7.875 5.92207 2.36022 7.875 6.32257 0.816461 7.875
2 24 5.33967 2.13336 7.875 5.71601 0.624862 7.875
2 24 6.32257 0.816461 7.875 5.92207 2.36022 7.875
4 16 5.92207 2.36022 7.875 5.33967 2.13336 7.875 4.57295 3.48588 7.875 5.15092 3.75625 7.875
2 24 4.57295 3.48588 7.875 5.33967 2.13336 7.875
2 24 5.92207 2.36022 7.875 5.15092 3.75625 7.875
3 16 5.15092 3.75625 7.875 4.57295 3.48588 7.875 4.5 3.58 7.87
2 24 4.5 3.58 7.87 4.57295 3.48588 7.875
3 16 4.5 3.58 7.87 4.43 3.67 7.87 5.15092 3.75625 7.875
2 24 4.43 3.67 7.87 4.5 3.58 7.87
3 16 5.15092 3.75625 7.875 4.43 3.67 7.87 4.352 3.758 7.875
2 24 4.352 3.758 7.875 4.43 3.67 7.87
2 24 5.15092 3.75625 7.875 4.352 3.758 7.875

4 16 4.38018 -3.72518 7.875 -4.38005 -3.72518 7.875 -3.33428 -4.68449 7.875 3.33441 -4.68449 7.875
2 24 -4.38005 -3.72518 7.875 4.38018 -3.72518 7.875
2 24 -3.33428 -4.68449 7.875 -4.38005 -3.72518 7.875
2 24 4.38018 -3.72518 7.875 3.33441 -4.68449 7.875
4 16 3.33441 -4.68449 7.875 -3.33428 -4.68449 7.875 -2.0854 -5.35846 7.875 2.08553 -5.35846 7.875
2 24 -2.0854 -5.35846 7.875 -3.33428 -4.68449 7.875
2 24 3.33441 -4.68449 7.875 2.08553 -5.35846 7.875
4 16 2.08553 -5.35846 7.875 -2.0854 -5.35846 7.875 -0.709498 -5.70603 7.875 0.709629 -5.70603 7.875
2 24 -0.709498 -5.70603 7.875 -2.0854 -5.35846 7.875
2 24 0.709629 -5.70603 7.875 -0.709498 -5.70603 7.875
2 24 2.08553 -5.35846 7.875 0.709629 -5.70603 7.875

4 16 4.352 3.758 7.875 3.313 4.7 7.875 -3.287 4.718 7.875 -4.332 3.782 7.875
2 24 3.313 4.7 7.875 4.352 3.758 7.875
2 24 -4.332 3.782 7.875 -3.287 4.718 7.875
2 24 4.352 3.758 7.875 -4.332 3.782 7.875
4 16 3.313 4.7 7.875 2.076 5.362 7.875 -2.048 5.373 7.875 -3.287 4.718 7.875
2 24 2.076 5.362 7.875 3.313 4.7 7.875
2 24 -3.287 4.718 7.875 -2.048 5.373 7.875
4 16 2.076 5.362 7.875 0.716 5.705 7.875 -0.686 5.709 7.875 -2.048 5.373 7.875
2 24 0.716 5.705 7.875 2.076 5.362 7.875
2 24 -0.686 5.709 7.875 0.716 5.705 7.875
2 24 -2.048 5.373 7.875 -0.686 5.709 7.875

3 16 12.5 -10 2.12 12.5 -9.99 2.12 12.5001 -9.99997 12.125
2 24 12.5 -9.99 2.12 12.5 -10 2.12
2 24 12.5 -10 2.12 12.5001 -9.99997 12.125
3 16 12.5001 -9.99997 12.125 12.5 -9.99 2.12 12.5001 -4.51924 -0.583153
2 24 12.5001 -4.51924 -0.583153 12.5 -9.99 2.12
4 16 12.5001 -9.99997 12.125 12.5001 -4.51924 -0.583153 12.5001 -2.20719 -1.18164 12.5001 0 -1.375
2 24 12.5001 -2.20719 -1.18164 12.5001 -4.51924 -0.583153
2 24 12.5001 0 -1.375 12.5001 -2.20719 -1.18164
4 16 12.5001 -9.99997 12.125 12.5001 0 -1.375 12.5001 2.20719 -1.18164 12.5001 10 12.125
2 24 12.5001 2.20719 -1.18164 12.5001 0 -1.375
2 24 12.5001 -9.99997 12.125 12.5001 10 12.125
4 16 12.5001 10 12.125 12.5001 2.20719 -1.18164 12.5001 4.51924 -0.583153 12.5001 9.98753 2.125
2 24 12.5001 4.51924 -0.583153 12.5001 2.20719 -1.18164
2 24 12.5001 9.98753 2.125 12.5001 4.51924 -0.583153
3 16 12.5001 9.98753 2.125 12.5 10 2.12 12.5001 10 12.125
2 24 12.5 10 2.12 12.5001 9.98753 2.125
2 24 12.5001 10 12.125 12.5 10 2.12

4 16 7.50015 -9.99997 1.625 -7.50015 -9.99997 1.625 -4.70734 -11.5798 1.625 4.70734 -11.5798 1.625
2 24 -7.50015 -9.99997 1.625 7.50015 -9.99997 1.625
2 24 -4.70734 -11.5798 1.625 -7.50015 -9.99997 1.625
2 24 7.50015 -9.99997 1.625 4.70734 -11.5798 1.625
4 16 4.70734 -11.5798 1.625 -4.70734 -11.5798 1.625 -1.60435 -12.3967 1.625 1.60435 -12.3967 1.625
2 24 -1.60435 -12.3967 1.625 -4.70734 -11.5798 1.625
2 24 1.60435 -12.3967 1.625 -1.60435 -12.3967 1.625
2 24 4.70734 -11.5798 1.625 1.60435 -12.3967 1.625

4 16 -7.5001 10 1.625 7.5001 10 1.625 4.7073 11.5799 1.625 -4.7073 11.5799 1.625
2 24 7.5001 10 1.625 -7.5001 10 1.625
2 24 4.7073 11.5799 1.625 7.5001 10 1.625
2 24 -7.5001 10 1.625 -4.7073 11.5799 1.625
4 16 -4.7073 11.5799 1.625 4.7073 11.5799 1.625 1.60434 12.3967 1.625 -1.60434 12.3967 1.625
2 24 1.60434 12.3967 1.625 4.7073 11.5799 1.625
2 24 -1.60434 12.3967 1.625 1.60434 12.3967 1.625
2 24 -4.7073 11.5799 1.625 -1.60434 12.3967 1.625

3 16 -12.5 10 2.12 -12.4901 10 2.125 -12.5 9.99 2.12
2 24 -12.4901 10 2.125 -12.5 10 2.12
2 24 -12.5 9.99 2.12 -12.4901 10 2.125
3 16 -12.5 10 2.12 -12.5 9.99 2.12 -12.4999 9.98769 2.125
2 24 -12.4999 9.98769 2.125 -12.5 9.99 2.12
2 24 -12.4999 9.98769 2.125 -12.5 10 2.12

3 16 12.5001 9.98753 2.125 12.5 9.99 2.12 12.5 10 2.12
2 24 12.5 9.99 2.12 12.5001 9.98753 2.125
3 16 12.5 10 2.12 12.5 9.99 2.12 12.4901 10 2.125
2 24 12.4901 10 2.125 12.5 9.99 2.12
2 24 12.5 10 2.12 12.4901 10 2.125

3 16 12.4901 -9.99997 2.125 12.49 -10 2.12 12.5 -10 2.12
2 24 12.49 -10 2.12 12.4901 -9.99997 2.125
2 24 12.4901 -9.99997 2.125 12.5 -10 2.12
3 16 12.5 -10 2.12 12.49 -10 2.12 12.5 -9.99 2.12
2 24 12.5 -9.99 2.12 12.49 -10 2.12

3 16 -12.4999 -9.98769 2.125 -12.5 -9.99 2.12 -12.5 -10 2.12
2 24 -12.5 -9.99 2.12 -12.4999 -9.98769 2.125
2 24 -12.5 -10 2.12 -12.4999 -9.98769 2.125
3 16 -12.5 -10 2.12 -12.5 -9.99 2.12 -12.4901 -9.99997 2.125
2 24 -12.4901 -9.99997 2.125 -12.5 -9.99 2.12
2 24 -12.5 -10 2.12 -12.4901 -9.99997 2.125

3 16 -9.58742 8.02078 -1.375 -12.4999 9.98769 2.125 -12.5 9.99 2.12
5 24 -12.4999 9.98769 2.125 -9.58742 8.02078 -1.375 -11.17 5.62 -1.38 -12.5 9.99 2.12
3 16 -9.58742 8.02078 -1.375 -12.5 9.99 2.12 -12.4901 10 2.125
5 24 -12.4901 10 2.125 -9.58742 8.02078 -1.375 -12.5 9.99 2.12 -9.84069 10 0.154881

3 16 -12.4999 0.0596319 2.125 -12.5001 0.0198773 2.125 -12.4999 -0.0596319 2.125
2 24 -12.5001 0.0198773 2.125 -12.4999 0.0596319 2.125
2 24 -12.4999 -0.0596319 2.125 -12.4999 0.0596319 2.125
3 16 -12.4999 -0.0596319 2.125 -12.5001 0.0198773 2.125 -12.5 -0.02 2.12
2 24 -12.5 -0.02 2.12 -12.5001 0.0198773 2.125
2 24 -12.4999 -0.0596319 2.125 -12.5 -0.02 2.12

3 16 -12.4999 -9.98769 2.125 -9.58745 -8.02074 -1.375 -12.5 -9.99 2.12
5 24 -9.58745 -8.02074 -1.375 -12.4999 -9.98769 2.125 -11.17 -5.62 -1.38 -12.5 -9.99 2.12
3 16 -12.5 -9.99 2.12 -9.58745 -8.02074 -1.375 -12.4901 -9.99997 2.125
5 24 -9.58745 -8.02074 -1.375 -12.4901 -9.99997 2.125 -12.5 -9.99 2.12 -9.84074 -9.99997 0.154883

3 16 12.5001 9.98753 2.125 9.6 8.01 -1.38 12.5 9.99 2.12
5 24 9.6 8.01 -1.38 12.5001 9.98753 2.125 11.18 5.59 -1.38 12.5 9.99 2.12
3 16 12.5 9.99 2.12 9.6 8.01 -1.38 12.4901 10 2.125
5 24 9.6 8.01 -1.38 12.4901 10 2.125 12.5 9.99 2.12 9.84069 10 0.154881

3 16 12.49 -10 2.12 12.4901 -9.99997 2.125 9.6 -8.01 -1.38
5 24 12.4901 -9.99997 2.125 9.6 -8.01 -1.38 12.49 -10 2.12 9.84 -10 0.15
3 16 9.6 -8.01 -1.38 12.5 -9.99 2.12 12.49 -10 2.12
5 24 12.5 -9.99 2.12 9.6 -8.01 -1.38 11.18 -5.59 -1.38 12.49 -10 2.12

3 16 -12.5 -10 2.12 -12.4901 -9.99997 2.125 -12.4999 -9.99997 12.125
2 24 -12.4999 -9.99997 12.125 -12.5 -10 2.12
4 16 -12.4999 -9.99997 12.125 -12.4901 -9.99997 2.125 -9.84074 -9.99997 0.154883 -7.50015 -9.99997 1.625
2 24 -12.4901 -9.99997 2.125 -9.84074 -9.99997 0.154883
3 16 -12.4999 -9.99997 12.125 -7.50015 -9.99997 1.625 7.50015 -9.99997 1.625
3 16 -7.50015 -9.99997 1.625 -9.84074 -9.99997 0.154883 -7.50015 -9.99997 -1.375
2 24 -9.84074 -9.99997 0.154883 -7.50015 -9.99997 -1.375
2 24 -7.50015 -9.99997 1.625 -7.50015 -9.99997 -1.375
3 16 7.50015 -9.99997 -1.375 9.84 -10 0.15 7.50015 -9.99997 1.625
2 24 7.50015 -9.99997 -1.375 9.84 -10 0.15
2 24 7.50015 -9.99997 -1.375 7.50015 -9.99997 1.625
3 16 7.50015 -9.99997 1.625 9.84 -10 0.15 12.4901 -9.99997 2.125
2 24 9.84 -10 0.15 12.4901 -9.99997 2.125
4 16 7.50015 -9.99997 1.625 12.4901 -9.99997 2.125 12.5001 -9.99997 12.125 -12.4999 -9.99997 12.125
2 24 -12.4999 -9.99997 12.125 12.5001 -9.99997 12.125
3 16 12.5001 -9.99997 12.125 12.4901 -9.99997 2.125 12.5 -10 2.12

3 16 12.5 10 2.12 12.4901 10 2.125 12.5001 10 12.125
4 16 12.5001 10 12.125 12.4901 10 2.125 9.84069 10 0.154881 7.5001 10 1.625
2 24 12.4901 10 2.125 9.84069 10 0.154881
4 16 12.5001 10 12.125 7.5001 10 1.625 -7.5001 10 1.625 -12.4999 10 12.125
2 24 12.5001 10 12.125 -12.4999 10 12.125
4 16 -12.4999 10 12.125 -7.5001 10 1.625 -9.84069 10 0.154881 -12.4901 10 2.125
2 24 -9.84069 10 0.154881 -12.4901 10 2.125
3 16 7.5001 10 1.625 9.84069 10 0.154881 7.5 10 -1.38
2 24 9.84069 10 0.154881 7.5 10 -1.38
2 24 7.5001 10 1.625 7.5 10 -1.38
3 16 -7.5001 10 1.625 -7.5001 10 -1.375 -9.84069 10 0.154881
2 24 -7.5001 10 -1.375 -7.5001 10 1.625
2 24 -7.5001 10 -1.375 -9.84069 10 0.154881
3 16 -12.4901 10 2.125 -12.5 10 2.12 -12.4999 10 12.125
2 24 -12.5 10 2.12 -12.4999 10 12.125

3 16 -2.95 -5.65 -9.12 -1.37 -6.23 -9.12 -1.37 -6.23 -9.12
2 24 -2.95 -5.65 -9.12 -1.37 -6.23 -9.12
2 24 -2.95 -5.65 -9.12 -1.37 -6.23 -9.12
3 16 -1.37 -6.23 -9.12 -1.37 -6.23 -9.12 -1.37 -6.23 -9.12
2 24 -1.37 -6.23 -9.12 -1.37 -6.23 -9.12
2 24 -1.37 -6.23 -9.12 -1.37 -6.23 -9.12

3 16 -4.32 -4.69 -9.12 -2.95 -5.65 -9.12 -2.95 -5.65 -9.12
2 24 -4.32 -4.69 -9.12 -2.95 -5.65 -9.12
2 24 -4.32 -4.69 -9.12 -2.95 -5.65 -9.12
3 16 -2.95 -5.65 -9.12 -2.95 -5.65 -9.12 -2.95 -5.65 -9.12
2 24 -2.95 -5.65 -9.12 -2.95 -5.65 -9.12
2 24 -2.95 -5.65 -9.12 -2.95 -5.65 -9.12

3 16 -5.39 -3.4 -9.12 -4.32 -4.69 -9.12 -4.32 -4.69 -9.12
2 24 -5.39 -3.4 -9.12 -4.32 -4.69 -9.12
2 24 -5.39 -3.4 -9.12 -4.32 -4.69 -9.12
3 16 -4.32 -4.69 -9.12 -4.32 -4.69 -9.12 -4.32 -4.69 -9.12
2 24 -4.32 -4.69 -9.12 -4.32 -4.69 -9.12
2 24 -4.32 -4.69 -9.12 -4.32 -4.69 -9.12

3 16 -6.09 -1.88 -9.12 -5.39 -3.4 -9.12 -5.39 -3.4 -9.12
2 24 -6.09 -1.88 -9.12 -5.39 -3.4 -9.12
2 24 -6.09 -1.88 -9.12 -5.39 -3.4 -9.12
3 16 -5.39 -3.4 -9.12 -5.39 -3.4 -9.12 -5.39 -3.4 -9.12
2 24 -5.39 -3.4 -9.12 -5.39 -3.4 -9.12
2 24 -5.39 -3.4 -9.12 -5.39 -3.4 -9.12

3 16 -6.37 -0.23 -9.12 -6.09 -1.88 -9.12 -6.09 -1.88 -9.12
2 24 -6.37 -0.23 -9.12 -6.09 -1.88 -9.12
2 24 -6.37 -0.23 -9.12 -6.09 -1.88 -9.12
3 16 -6.09 -1.88 -9.12 -6.09 -1.88 -9.12 -6.09 -1.88 -9.12
2 24 -6.09 -1.88 -9.12 -6.09 -1.88 -9.12
2 24 -6.09 -1.88 -9.12 -6.09 -1.88 -9.12

3 16 -6.37 -0.23 -9.12 -6.29 1.05 -9.12 -6.37 -0.23 -9.12
2 24 -6.29 1.05 -9.12 -6.37 -0.23 -9.12
2 24 -6.29 1.05 -9.12 -6.37 -0.23 -9.12
3 16 -6.37 -0.23 -9.12 -6.37 -0.23 -9.12 -6.37 -0.23 -9.12
2 24 -6.37 -0.23 -9.12 -6.37 -0.23 -9.12
2 24 -6.37 -0.23 -9.12 -6.37 -0.23 -9.12

3 16 -6.29 1.05 -9.12 -5.75 2.75 -9.12 -6.29 1.05 -9.12
2 24 -5.75 2.75 -9.12 -6.29 1.05 -9.12
2 24 -5.75 2.75 -9.12 -6.29 1.05 -9.12
3 16 -6.29 1.05 -9.12 -6.29 1.05 -9.12 -6.29 1.05 -9.12
2 24 -6.29 1.05 -9.12 -6.29 1.05 -9.12
2 24 -6.29 1.05 -9.12 -6.29 1.05 -9.12

3 16 1.298 6.242 -9.125 -1.26 6.25 -9.12 0.45 6.36 -9.12
2 24 -1.26 6.25 -9.12 1.298 6.242 -9.125
2 24 1.298 6.242 -9.125 0.45 6.36 -9.12
3 16 0.45 6.36 -9.12 -1.26 6.25 -9.12 -0.41 6.36 -9.12
2 24 -0.41 6.36 -9.12 -1.26 6.25 -9.12
2 24 0.45 6.36 -9.12 -0.41 6.36 -9.12

3 16 -1.37 -6.23 -9.12 -2.48008 -5.87276 -8.77258 1.37396 -6.22518 -9.125
2 24 -2.48008 -5.87276 -8.77258 -1.37 -6.23 -9.12
2 24 1.37396 -6.22518 -9.125 -1.37 -6.23 -9.12
4 16 1.37396 -6.22518 -9.125 -2.48008 -5.87276 -8.77258 -3.50408 -5.32554 -8.22536 -4.41185 -4.60168 -7.5015
2 24 -3.50408 -5.32554 -8.22536 -2.48008 -5.87276 -8.77258
2 24 -4.41185 -4.60168 -7.5015 -3.50408 -5.32554 -8.22536
3 16 -5.17328 -3.72518 -6.625 5.17336 -3.72518 -6.625 -4.41185 -4.60168 -7.5015
2 24 5.17336 -3.72518 -6.625 -5.17328 -3.72518 -6.625
2 24 -5.17328 -3.72518 -6.625 -4.41185 -4.60168 -7.5015
4 16 -4.41185 -4.60168 -7.5015 5.17336 -3.72518 -6.625 4.41195 -4.60167 -7.50149 1.37396 -6.22518 -9.125
2 24 4.41195 -4.60167 -7.50149 5.17336 -3.72518 -6.625
4 16 1.37396 -6.22518 -9.125 4.41195 -4.60167 -7.50149 3.50419 -5.32553 -8.22535 2.48021 -5.87275 -8.77257
2 24 3.50419 -5.32553 -8.22535 4.41195 -4.60167 -7.50149
2 24 2.48021 -5.87275 -8.77257 3.50419 -5.32553 -8.22535
2 24 2.48021 -5.87275 -8.77257 1.37396 -6.22518 -9.125

3 16 -1.54 6.19 -9.06 1.298 6.242 -9.125 -1.811 6.112 -8.988
2 24 -1.54 6.19 -9.06 -1.811 6.112 -8.988
4 16 -1.811 6.112 -8.988 1.298 6.242 -9.125 2.417 5.899 -8.785 -2.772 5.741 -8.613
2 24 2.417 5.899 -8.785 1.298 6.242 -9.125
2 24 -1.811 6.112 -8.988 -2.772 5.741 -8.613
4 16 -2.772 5.741 -8.613 2.417 5.899 -8.785 3.455 5.357 -8.247 -3.661 5.219 -8.089
2 24 3.455 5.357 -8.247 2.417 5.899 -8.785
2 24 -2.772 5.741 -8.613 -3.661 5.219 -8.089
4 16 -3.661 5.219 -8.089 3.455 5.357 -8.247 4.377 4.635 -7.527 -4.454 4.561 -7.429
2 24 4.377 4.635 -7.527 3.455 5.357 -8.247
2 24 -3.661 5.219 -8.089 -4.454 4.561 -7.429
4 16 -4.454 4.561 -7.429 4.377 4.635 -7.527 5.151 3.756 -6.65 -5.131 3.784 -6.65
2 24 5.151 3.756 -6.65 4.377 4.635 -7.527
2 24 -5.131 3.784 -6.65 5.151 3.756 -6.65
2 24 -4.454 4.561 -7.429 -5.131 3.784 -6.65
3 16 -1.54 6.19 -9.06 -1.26 6.25 -9.12 1.298 6.242 -9.125
2 24 -1.26 6.25 -9.12 -1.54 6.19 -9.06

3 16 -3.43 5.38 -9.12 -3.83 5.03 -9.12 -3.84489 5.08502 -12.125
2 24 -3.43 5.38 -9.12 -3.83 5.03 -9.12
5 24 -3.43 5.38 -9.12 -3.84489 5.08502 -12.125 -3.38 5.4 -9.12 -3.83 5.03 -9.12
3 16 -3.84489 5.08502 -12.125 -3.83 5.03 -9.12 -4.7 4.29 -9.12
2 24 -3.83 5.03 -9.12 -4.7 4.29 -9.12
5 24 -4.7 4.29 -9.12 -3.84489 5.08502 -12.125 -3.83 5.03 -9.12 -5.04126 3.90209 -12.125

3 16 -5.54 1.55 12.12 -12.4999 10 12.125 -5.74993 0 12.125
2 24 -5.54 1.55 12.12 -5.74993 0 12.125
4 16 -5.74993 0 12.125 -12.4999 10 12.125 -12.4999 -9.99997 12.125 -5.53671 -1.55131 12.125
2 24 -12.4999 10 12.125 -12.4999 -9.99997 12.125
2 24 -5.74993 0 12.125 -5.53671 -1.55131 12.125
3 16 -5.53671 -1.55131 12.125 -12.4999 -9.99997 12.125 -4.91 -2.99 12.12
2 24 -5.53671 -1.55131 12.125 -4.91 -2.99 12.12
3 16 -5.54 1.55 12.12 -4.91 2.99 12.12 -12.4999 10 12.125
2 24 -4.91 2.99 12.12 -5.54 1.55 12.12
3 16 -12.4999 10 12.125 -4.91 2.99 12.12 -3.92 4.2 12.12
2 24 -3.92 4.2 12.12 -4.91 2.99 12.12
3 16 -12.4999 10 12.125 -3.92 4.2 12.12 -2.65 5.11 12.12
2 24 -2.65 5.11 12.12 -3.92 4.2 12.12
3 16 -2.65 5.11 12.12 -1.16981 5.62975 12.125 -12.4999 10 12.125
2 24 -1.16981 5.62975 12.125 -2.65 5.11 12.12
4 16 -12.4999 10 12.125 -1.16981 5.62975 12.125 0.39246 5.73661 12.125 12.5001 10 12.125
2 24 0.39246 5.73661 12.125 -1.16981 5.62975 12.125
3 16 12.5001 10 12.125 0.39246 5.73661 12.125 1.93 5.42 12.12
2 24 1.93 5.42 12.12 0.39246 5.73661 12.125
3 16 12.5001 10 12.125 1.93 5.42 12.12 3.32 4.7 12.12
2 24 3.32 4.7 12.12 1.93 5.42 12.12
3 16 3.32 4.7 12.12 4.46 3.63 12.12 12.5001 10 12.125
2 24 4.46 3.63 12.12 3.32 4.7 12.12
3 16 12.5001 10 12.125 4.46 3.63 12.12 5.27 2.29 12.12
2 24 5.27 2.29 12.12 4.46 3.63 12.12
3 16 12.5001 10 12.125 5.27 2.29 12.12 5.7 0.78 12.12
2 24 5.7 0.78 12.12 5.27 2.29 12.12
3 16 5.7 0.78 12.12 5.69651 -0.782939 12.125 12.5001 10 12.125
2 24 5.69651 -0.782939 12.125 5.7 0.78 12.12
4 16 12.5001 10 12.125 5.69651 -0.782939 12.125 5.27403 -2.29079 12.125 12.5001 -9.99997 12.125
2 24 5.27403 -2.29079 12.125 5.69651 -0.782939 12.125
3 16 12.5001 -9.99997 12.125 5.27403 -2.29079 12.125 4.46041 -3.62874 12.125
2 24 4.46041 -3.62874 12.125 5.27403 -2.29079 12.125
3 16 12.5001 -9.99997 12.125 4.46041 -3.62874 12.125 3.31598 -4.69756 12.125
2 24 3.31598 -4.69756 12.125 4.46041 -3.62874 12.125
3 16 3.31598 -4.69756 12.125 1.93 -5.42 12.12 12.5001 -9.99997 12.125
2 24 1.93 -5.42 12.12 3.31598 -4.69756 12.125
3 16 12.5001 -9.99997 12.125 1.93 -5.42 12.12 0.39246 -5.73658 12.125
2 24 0.39246 -5.73658 12.125 1.93 -5.42 12.12
4 16 12.5001 -9.99997 12.125 0.39246 -5.73658 12.125 -1.16981 -5.62971 12.125 -12.4999 -9.99997 12.125
2 24 -1.16981 -5.62971 12.125 0.39246 -5.73658 12.125
3 16 -12.4999 -9.99997 12.125 -1.16981 -5.62971 12.125 -2.65 -5.11 12.12
2 24 -2.65 -5.11 12.12 -1.16981 -5.62971 12.125
3 16 -2.65 -5.11 12.12 -3.92 -4.2 12.12 -12.4999 -9.99997 12.125
2 24 -3.92 -4.2 12.12 -2.65 -5.11 12.12
3 16 -12.4999 -9.99997 12.125 -3.92 -4.2 12.12 -4.91 -2.99 12.12
2 24 -4.91 -2.99 12.12 -3.92 -4.2 12.12

3 16 -12.4999 -0.0596319 -1.375 -12.5 -0.02 2.12 -12.5001 0.0198773 2.125
4 16 -12.4999 -0.0596319 -1.375 -12.5001 0.0198773 2.125 -12.4999 0.0596319 2.125 -12.4999 0.0596319 -1.375
5 24 -12.4999 -0.0596319 -1.375 -12.4999 0.0596319 -1.375 -12.3836 1.70209 -12.125 -12.5001 0.0198773 2.125
3 16 -12.5 10 2.12 -12.4999 9.98769 2.125 -12.4999 10 12.125
4 16 -12.4999 10 12.125 -12.4999 9.98769 2.125 -12.4999 4.55203 -0.572094 -12.4999 0.0596319 2.125
2 24 -12.4999 4.55203 -0.572094 -12.4999 9.98769 2.125
4 16 -12.4999 10 12.125 -12.4999 0.0596319 2.125 -12.4999 -0.0596319 2.125 -12.4999 -9.99997 12.125
4 16 -12.4999 -9.99997 12.125 -12.4999 -0.0596319 2.125 -12.4999 -4.55203 -0.572094 -12.4999 -9.98769 2.125
2 24 -12.4999 -9.98769 2.125 -12.4999 -4.55203 -0.572094
4 16 -12.4999 0.0596319 2.125 -12.4999 4.55203 -0.572094 -12.4999 2.253 -1.17372 -12.4999 0.0596319 -1.375
2 24 -12.4999 2.253 -1.17372 -12.4999 4.55203 -0.572094
2 24 -12.4999 0.0596319 -1.375 -12.4999 2.253 -1.17372
4 16 -12.4999 -0.0596319 -1.375 -12.4999 -2.253 -1.17372 -12.4999 -4.55203 -0.572094 -12.4999 -0.0596319 2.125
2 24 -12.4999 -2.253 -1.17372 -12.4999 -0.0596319 -1.375
2 24 -12.4999 -4.55203 -0.572094 -12.4999 -2.253 -1.17372
3 16 -12.4999 -9.98769 2.125 -12.5 -10 2.12 -12.4999 -9.99997 12.125

3 16 5.15092 3.75625 -12.125 3.9888 4.97293 -12.125 5.15 3.76 -12.12
2 24 3.9888 4.97293 -12.125 5.15 3.76 -12.12
2 24 5.15 3.76 -12.12 5.15092 3.75625 -12.125
4 16 5.15092 3.75625 -12.125 3.9888 4.97293 -12.125 8.53196 9.1355 -12.125 10.6803 6.49483 -12.125
2 24 8.53196 9.1355 -12.125 10.6803 6.49483 -12.125
4 16 8.53196 9.1355 -12.125 3.9888 4.97293 -12.125 2.54894 5.84324 -12.125 5.75084 11.0986 -12.125
2 24 3.9888 4.97293 -12.125 2.54894 5.84324 -12.125
2 24 5.75084 11.0986 -12.125 8.53196 9.1355 -12.125
4 16 5.75084 11.0986 -12.125 2.54894 5.84324 -12.125 0.93155 6.30657 -12.125 2.54321 12.2386 -12.125
2 24 2.54894 5.84324 -12.125 0.93155 6.30657 -12.125
2 24 2.54321 12.2386 -12.125 5.75084 11.0986 -12.125
4 16 2.54321 12.2386 -12.125 0.93155 6.30657 -12.125 -0.750728 6.33064 -12.125 -0.853035 12.4709 -12.125
2 24 0.93155 6.30657 -12.125 -0.750728 6.33064 -12.125
2 24 -0.853035 12.4709 -12.125 2.54321 12.2386 -12.125
4 16 -0.853035 12.4709 -12.125 -0.750728 6.33064 -12.125 -2.38072 5.91378 -12.125 -4.18602 11.7783 -12.125
2 24 -0.750728 6.33064 -12.125 -2.38072 5.91378 -12.125
2 24 -4.18602 11.7783 -12.125 -0.853035 12.4709 -12.125
4 16 -4.18602 11.7783 -12.125 -2.38072 5.91378 -12.125 -3.84489 5.08502 -12.125 -7.20854 10.2122 -12.125
2 24 -2.38072 5.91378 -12.125 -3.84489 5.08502 -12.125
2 24 -7.20854 10.2122 -12.125 -4.18602 11.7783 -12.125
4 16 -7.20854 10.2122 -12.125 -3.84489 5.08502 -12.125 -5.04126 3.90209 -12.125 -9.69644 7.88864 -12.125
2 24 -3.84489 5.08502 -12.125 -5.04126 3.90209 -12.125
2 24 -9.69644 7.88864 -12.125 -7.20854 10.2122 -12.125
4 16 -9.69644 7.88864 -12.125 -5.04126 3.90209 -12.125 -5.88651 2.44738 -12.125 -11.4652 4.98004 -12.125
2 24 -5.04126 3.90209 -12.125 -5.88651 2.44738 -12.125
2 24 -11.4652 4.98004 -12.125 -9.69644 7.88864 -12.125
4 16 -11.4652 4.98004 -12.125 -5.88651 2.44738 -12.125 -6.32176 0.8222 -12.125 -12.3836 1.70209 -12.125
2 24 -5.88651 2.44738 -12.125 -6.32176 0.8222 -12.125
2 24 -12.3836 1.70209 -12.125 -11.4652 4.98004 -12.125
4 16 -12.3836 1.70209 -12.125 -6.32176 0.8222 -12.125 -6.31669 -0.860242 -12.125 -12.3836 -1.70209 -12.125
2 24 -6.32176 0.8222 -12.125 -6.31669 -0.860242 -12.125
2 24 -12.3836 -1.70209 -12.125 -12.3836 1.70209 -12.125
3 16 -12.3836 -1.70209 -12.125 -6.31669 -0.860242 -12.125 -5.87167 -2.48277 -12.125
2 24 -6.31669 -0.860242 -12.125 -5.87167 -2.48277 -12.125
4 16 -12.3836 -1.70209 -12.125 -5.87167 -2.48277 -12.125 -5.01768 -3.93237 -12.125 -11.4652 -4.98004 -12.125
2 24 -5.87167 -2.48277 -12.125 -5.01768 -3.93237 -12.125
2 24 -11.4652 -4.98004 -12.125 -12.3836 -1.70209 -12.125
4 16 -11.4652 -4.98004 -12.125 -5.01768 -3.93237 -12.125 -3.81421 -5.10808 -12.125 -9.69644 -7.88864 -12.125
2 24 -5.01768 -3.93237 -12.125 -3.81421 -5.10808 -12.125
2 24 -9.69644 -7.88864 -12.125 -11.4652 -4.98004 -12.125
4 16 -9.69644 -7.88864 -12.125 -3.81421 -5.10808 -12.125 -2.34507 -5.92801 -12.125 -7.20854 -10.2122 -12.125
2 24 -3.81421 -5.10808 -12.125 -2.34507 -5.92801 -12.125
2 24 -7.20854 -10.2122 -12.125 -9.69644 -7.88864 -12.125
4 16 -7.20854 -10.2122 -12.125 -2.34507 -5.92801 -12.125 -0.712604 -6.33505 -12.125 -4.18602 -11.7783 -12.125
2 24 -2.34507 -5.92801 -12.125 -0.712604 -6.33505 -12.125
2 24 -4.18602 -11.7783 -12.125 -7.20854 -10.2122 -12.125
4 16 -4.18602 -11.7783 -12.125 -0.712604 -6.33505 -12.125 0.969498 -6.30085 -12.125 -0.853035 -12.4709 -12.125
2 24 -0.712604 -6.33505 -12.125 0.969498 -6.30085 -12.125
2 24 -0.853035 -12.4709 -12.125 -4.18602 -11.7783 -12.125
4 16 -0.853035 -12.4709 -12.125 0.969498 -6.30085 -12.125 2.58407 -5.82779 -12.125 2.54321 -12.2386 -12.125
2 24 0.969498 -6.30085 -12.125 2.58407 -5.82779 -12.125
2 24 2.54321 -12.2386 -12.125 -0.853035 -12.4709 -12.125
4 16 2.54321 -12.2386 -12.125 2.58407 -5.82779 -12.125 4.01867 -4.94883 -12.125 5.75084 -11.0986 -12.125
2 24 2.58407 -5.82779 -12.125 4.01867 -4.94883 -12.125
2 24 5.75084 -11.0986 -12.125 2.54321 -12.2386 -12.125
4 16 5.75084 -11.0986 -12.125 4.01867 -4.94883 -12.125 5.17341 -3.72518 -12.125 8.53196 -9.1355 -12.125
2 24 8.53196 -9.1355 -12.125 5.75084 -11.0986 -12.125
4 16 8.53196 -9.1355 -12.125 5.17341 -3.72518 -12.125 5.93615 -2.32453 -12.125 10.6803 -6.49483 -12.125
2 24 5.93615 -2.32453 -12.125 5.17341 -3.72518 -12.125
2 24 10.6803 -6.49483 -12.125 8.53196 -9.1355 -12.125
4 16 10.6803 -6.49483 -12.125 5.93615 -2.32453 -12.125 6.32736 -0.778394 -12.125 12.0365 -3.37248 -12.125
2 24 6.32736 -0.778394 -12.125 5.93615 -2.32453 -12.125
2 24 12.0365 -3.37248 -12.125 10.6803 -6.49483 -12.125
4 16 12.0365 -3.37248 -12.125 6.32736 -0.778394 -12.125 6.32257 0.816461 -12.125 12.5001 0 -12.125
2 24 6.32257 0.816461 -12.125 6.32736 -0.778394 -12.125
2 24 12.5001 0 -12.125 12.0365 -3.37248 -12.125
4 16 12.5001 0 -12.125 6.32257 0.816461 -12.125 5.92207 2.36022 -12.125 12.0365 3.37248 -12.125
2 24 5.92207 2.36022 -12.125 6.32257 0.816461 -12.125
2 24 12.0365 3.37248 -12.125 12.5001 0 -12.125
4 16 12.0365 3.37248 -12.125 5.92207 2.36022 -12.125 5.15092 3.75625 -12.125 10.6803 6.49483 -12.125
2 24 5.15092 3.75625 -12.125 5.92207 2.36022 -12.125
2 24 10.6803 6.49483 -12.125 12.0365 3.37248 -12.125
3 16 4.01867 -4.94883 -12.125 5.17341 -3.72518 -12.125 5.17341 -3.72518 -12.125
2 24 5.17341 -3.72518 -12.125 5.17341 -3.72518 -12.125

3 16 -3.83 5.03 -9.12 -3.38 5.4 -9.12 -3.661 5.219 -8.089
2 24 -3.83 5.03 -9.12 -3.38 5.4 -9.12
5 24 -3.83 5.03 -9.12 -3.661 5.219 -8.089 -4.454 4.561 -7.429 -3.38 5.4 -9.12
3 16 -3.661 5.219 -8.089 -3.38 5.4 -9.12 -3.34 5.43 -9.12
2 24 -3.38 5.4 -9.12 -3.34 5.43 -9.12
5 24 -3.34 5.43 -9.12 -3.661 5.219 -8.089 -3.38 5.4 -9.12 -2.772 5.741 -8.613

3 16 5.17341 -3.72518 -12.125 5.17336 -3.72518 -6.625 5.17341 -3.72518 -12.125
2 24 5.17336 -3.72518 -6.625 5.17341 -3.72518 -12.125
3 16 5.17341 -3.72518 -12.125 5.17336 -3.72518 -6.625 5.17341 -3.72518 7.875
2 24 5.17341 -3.72518 -12.125 5.17341 -3.72518 7.875
4 16 -5.17328 -3.72518 -6.625 -5.17328 -3.72518 7.875 -4.38005 -3.72518 7.875 5.17336 -3.72518 -6.625
2 24 -5.17328 -3.72518 -6.625 -5.17328 -3.72518 7.875
3 16 5.17336 -3.72518 -6.625 -4.38005 -3.72518 7.875 4.38018 -3.72518 7.875
3 16 5.17336 -3.72518 -6.625 4.38018 -3.72518 7.875 5.17341 -3.72518 7.875

3 16 -5.1307 3.78364 7.875 -5.131 3.784 -6.65 -4.332 3.782 7.875
2 24 -5.1307 3.78364 7.875 -5.131 3.784 -6.65
4 16 -4.332 3.782 7.875 -5.131 3.784 -6.65 5.151 3.756 -6.65 4.352 3.758 7.875
3 16 4.352 3.758 7.875 5.151 3.756 -6.65 5.15092 3.75625 7.875
3 16 5.15 3.76 -12.12 5.15092 3.75625 -12.125 5.151 3.756 -6.65
2 24 5.151 3.756 -6.65 5.15 3.76 -12.12
3 16 5.151 3.756 -6.65 5.15092 3.75625 -12.125 5.15092 3.75625 7.875
2 24 5.15092 3.75625 7.875 5.15092 3.75625 -12.125

4 16 5.15092 3.75625 -12.125 5.92207 2.36022 -12.125 5.92207 2.36022 7.875 5.15092 3.75625 7.875
5 24 5.92207 2.36022 -12.125 5.92207 2.36022 7.875 5.15092 3.75625 7.875 6.32257 0.816461 -12.125
4 16 5.92207 2.36022 -12.125 6.32257 0.816461 -12.125 6.32257 0.816461 7.875 5.92207 2.36022 7.875
5 24 6.32257 0.816461 -12.125 6.32257 0.816461 7.875 5.92207 2.36022 7.875 6.32736 -0.778394 -12.125
4 16 6.32257 0.816461 -12.125 6.32736 -0.778394 -12.125 6.32736 -0.778394 7.875 6.32257 0.816461 7.875
5 24 6.32736 -0.778394 -12.125 6.32736 -0.778394 7.875 6.32257 0.816461 7.875 5.93615 -2.32453 -12.125
4 16 6.32736 -0.778394 -12.125 5.93615 -2.32453 -12.125 5.93615 -2.32453 7.875 6.32736 -0.778394 7.875
5 24 5.93615 -2.32453 -12.125 5.93615 -2.32453 7.875 6.32736 -0.778394 7.875 5.17341 -3.72518 -12.125
4 16 5.93615 -2.32453 -12.125 5.17341 -3.72518 -12.125 5.17341 -3.72518 7.875 5.93615 -2.32453 7.875
3 16 5.21807 -2.41555 7.875 4.38018 -3.72518 7.875 4.46041 -3.62874 12.125
5 24 4.38018 -3.72518 7.875 4.46041 -3.62874 12.125 5.21807 -2.41555 7.875 3.33441 -4.68449 7.875
5 24 4.46041 -3.62874 12.125 5.21807 -2.41555 7.875 4.38018 -3.72518 7.875 5.27403 -2.29079 12.125
4 16 4.46041 -3.62874 12.125 4.38018 -3.72518 7.875 3.33441 -4.68449 7.875 3.31598 -4.69756 12.125
5 24 3.33441 -4.68449 7.875 3.31598 -4.69756 12.125 4.46041 -3.62874 12.125 2.08553 -5.35846 7.875
3 16 3.31598 -4.69756 12.125 3.33441 -4.68449 7.875 2.08553 -5.35846 7.875
5 24 2.08553 -5.35846 7.875 3.31598 -4.69756 12.125 3.33441 -4.68449 7.875 1.93 -5.42 12.12
3 16 3.31598 -4.69756 12.125 2.08553 -5.35846 7.875 1.93 -5.42 12.12
5 24 2.08553 -5.35846 7.875 1.93 -5.42 12.12 3.31598 -4.69756 12.125 0.709629 -5.70603 7.875
3 16 1.93 -5.42 12.12 2.08553 -5.35846 7.875 0.709629 -5.70603 7.875
5 24 0.709629 -5.70603 7.875 1.93 -5.42 12.12 2.08553 -5.35846 7.875 0.39246 -5.73658 12.125
3 16 1.93 -5.42 12.12 0.709629 -5.70603 7.875 0.39246 -5.73658 12.125
5 24 0.709629 -5.70603 7.875 0.39246 -5.73658 12.125 1.93 -5.42 12.12 -0.709498 -5.70603 7.875
3 16 0.39246 -5.73658 12.125 0.709629 -5.70603 7.875 -0.709498 -5.70603 7.875
5 24 -0.709498 -5.70603 7.875 0.39246 -5.73658 12.125 0.709629 -5.70603 7.875 -1.16981 -5.62971 12.125
3 16 0.39246 -5.73658 12.125 -0.709498 -5.70603 7.875 -1.16981 -5.62971 12.125
5 24 -0.709498 -5.70603 7.875 -1.16981 -5.62971 12.125 0.39246 -5.73658 12.125 -2.0854 -5.35846 7.875
3 16 -1.16981 -5.62971 12.125 -0.709498 -5.70603 7.875 -2.0854 -5.35846 7.875
5 24 -2.0854 -5.35846 7.875 -1.16981 -5.62971 12.125 -0.709498 -5.70603 7.875 -2.65 -5.11 12.12
3 16 -1.16981 -5.62971 12.125 -2.0854 -5.35846 7.875 -2.65 -5.11 12.12
5 24 -2.0854 -5.35846 7.875 -2.65 -5.11 12.12 -1.16981 -5.62971 12.125 -3.33428 -4.68449 7.875
3 16 -2.65 -5.11 12.12 -2.0854 -5.35846 7.875 -3.33428 -4.68449 7.875
5 24 -3.33428 -4.68449 7.875 -2.65 -5.11 12.12 -2.0854 -5.35846 7.875 -3.92 -4.2 12.12
3 16 -2.65 -5.11 12.12 -3.33428 -4.68449 7.875 -3.92 -4.2 12.12
5 24 -3.33428 -4.68449 7.875 -3.92 -4.2 12.12 -2.65 -5.11 12.12 -4.38005 -3.72518 7.875
3 16 -3.92 -4.2 12.12 -3.33428 -4.68449 7.875 -4.38005 -3.72518 7.875
5 24 -4.38005 -3.72518 7.875 -3.92 -4.2 12.12 -3.33428 -4.68449 7.875 -4.91 -2.99 12.12
3 16 -3.92 -4.2 12.12 -4.38005 -3.72518 7.875 -4.91 -2.99 12.12
5 24 -4.38005 -3.72518 7.875 -4.91 -2.99 12.12 -3.92 -4.2 12.12 -5.22115 -2.40859 7.875
3 16 -4.91 -2.99 12.12 -4.38005 -3.72518 7.875 -5.22115 -2.40859 7.875
5 24 -5.22115 -2.40859 7.875 -4.91 -2.99 12.12 -4.38005 -3.72518 7.875 -5.53671 -1.55131 12.125
3 16 -4.91 -2.99 12.12 -5.22115 -2.40859 7.875 -5.53671 -1.55131 12.125
5 24 -5.22115 -2.40859 7.875 -5.53671 -1.55131 12.125 -4.91 -2.99 12.12 -5.6768 -0.914173 7.875
3 16 -5.53671 -1.55131 12.125 -5.22115 -2.40859 7.875 -5.6768 -0.914173 7.875
5 24 -5.6768 -0.914173 7.875 -5.53671 -1.55131 12.125 -5.22115 -2.40859 7.875 -5.74993 0 12.125
3 16 -5.53671 -1.55131 12.125 -5.6768 -0.914173 7.875 -5.74993 0 12.125
5 24 -5.6768 -0.914173 7.875 -5.74993 0 12.125 -5.53671 -1.55131 12.125 -5.71334 0.64773 7.875
3 16 -5.74993 0 12.125 -5.6768 -0.914173 7.875 -5.71334 0.64773 7.875
5 24 -5.71334 0.64773 7.875 -5.74993 0 12.125 -5.6768 -0.914173 7.875 -5.54 1.55 12.12
3 16 -5.74993 0 12.125 -5.71334 0.64773 7.875 -5.54 1.55 12.12
5 24 -5.71334 0.64773 7.875 -5.54 1.55 12.12 -5.74993 0 12.125 -5.32808 2.16181 7.875
3 16 -5.54 1.55 12.12 -5.71334 0.64773 7.875 -5.32808 2.16181 7.875
5 24 -5.32808 2.16181 7.875 -5.54 1.55 12.12 -5.71334 0.64773 7.875 -4.91 2.99 12.12
3 16 -5.54 1.55 12.12 -5.32808 2.16181 7.875 -4.91 2.99 12.12
5 24 -5.32808 2.16181 7.875 -4.91 2.99 12.12 -5.54 1.55 12.12 -4.54947 3.5163 7.875
3 16 -4.91 2.99 12.12 -5.32808 2.16181 7.875 -4.54947 3.5163 7.875
5 24 -4.54947 3.5163 7.875 -4.91 2.99 12.12 -5.32808 2.16181 7.875 -4.48 3.61 7.87
3 16 -4.91 2.99 12.12 -4.54947 3.5163 7.875 -4.48 3.61 7.87
5 24 -4.48 3.61 7.87 -4.91 2.99 12.12 -4.54947 3.5163 7.875 -4.41 3.69 7.87
3 16 4.46041 -3.62874 12.125 5.27403 -2.29079 12.125 5.21807 -2.41555 7.875
5 24 5.27403 -2.29079 12.125 5.21807 -2.41555 7.875 4.46041 -3.62874 12.125 5.67447 -0.929314 7.875
3 16 5.21807 -2.41555 7.875 5.27403 -2.29079 12.125 5.67447 -0.929314 7.875
5 24 5.27403 -2.29079 12.125 5.67447 -0.929314 7.875 5.21807 -2.41555 7.875 5.69651 -0.782939 12.125
3 16 5.27403 -2.29079 12.125 5.69651 -0.782939 12.125 5.67447 -0.929314 7.875
5 24 5.69651 -0.782939 12.125 5.67447 -0.929314 7.875 5.27403 -2.29079 12.125 5.71601 0.624862 7.875
3 16 5.67447 -0.929314 7.875 5.69651 -0.782939 12.125 5.71601 0.624862 7.875
5 24 5.69651 -0.782939 12.125 5.71601 0.624862 7.875 5.67447 -0.929314 7.875 5.7 0.78 12.12
3 16 5.69651 -0.782939 12.125 5.7 0.78 12.12 5.71601 0.624862 7.875
5 24 5.7 0.78 12.12 5.71601 0.624862 7.875 5.69651 -0.782939 12.125 5.33967 2.13336 7.875
3 16 5.71601 0.624862 7.875 5.7 0.78 12.12 5.33967 2.13336 7.875
5 24 5.7 0.78 12.12 5.33967 2.13336 7.875 5.71601 0.624862 7.875 5.27 2.29 12.12
3 16 5.7 0.78 12.12 5.27 2.29 12.12 5.33967 2.13336 7.875
5 24 5.27 2.29 12.12 5.33967 2.13336 7.875 5.7 0.78 12.12 4.57295 3.48588 7.875
3 16 5.33967 2.13336 7.875 5.27 2.29 12.12 4.57295 3.48588 7.875
5 24 5.27 2.29 12.12 4.57295 3.48588 7.875 5.33967 2.13336 7.875 4.46 3.63 12.12
3 16 5.27 2.29 12.12 4.46 3.63 12.12 4.57295 3.48588 7.875
5 24 4.46 3.63 12.12 4.57295 3.48588 7.875 5.27 2.29 12.12 4.5 3.58 7.87
3 16 4.57295 3.48588 7.875 4.46 3.63 12.12 4.5 3.58 7.87
5 24 4.46 3.63 12.12 4.5 3.58 7.87 4.57295 3.48588 7.875 4.43 3.67 7.87
3 16 2.076 5.362 7.875 3.313 4.7 7.875 3.32 4.7 12.12
5 24 3.313 4.7 7.875 3.32 4.7 12.12 2.076 5.362 7.875 4.352 3.758 7.875
5 24 3.32 4.7 12.12 2.076 5.362 7.875 3.313 4.7 7.875 1.93 5.42 12.12
3 16 3.32 4.7 12.12 3.313 4.7 7.875 4.352 3.758 7.875
5 24 4.352 3.758 7.875 3.32 4.7 12.12 3.313 4.7 7.875 4.46 3.63 12.12
3 16 3.32 4.7 12.12 4.352 3.758 7.875 4.46 3.63 12.12
5 24 4.352 3.758 7.875 4.46 3.63 12.12 3.32 4.7 12.12 4.43 3.67 7.87
3 16 4.46 3.63 12.12 4.352 3.758 7.875 4.43 3.67 7.87
5 24 4.43 3.67 7.87 4.46 3.63 12.12 4.352 3.758 7.875 4.5 3.58 7.87
3 16 4.46 3.63 12.12 4.43 3.67 7.87 4.5 3.58 7.87
3 16 3.32 4.7 12.12 1.93 5.42 12.12 2.076 5.362 7.875
5 24 1.93 5.42 12.12 2.076 5.362 7.875 3.32 4.7 12.12 0.716 5.705 7.875
3 16 2.076 5.362 7.875 1.93 5.42 12.12 0.716 5.705 7.875
5 24 1.93 5.42 12.12 0.716 5.705 7.875 2.076 5.362 7.875 0.39246 5.73661 12.125
3 16 1.93 5.42 12.12 0.39246 5.73661 12.125 0.716 5.705 7.875
5 24 0.39246 5.73661 12.125 0.716 5.705 7.875 1.93 5.42 12.12 -0.686 5.709 7.875
3 16 0.716 5.705 7.875 0.39246 5.73661 12.125 -0.686 5.709 7.875
5 24 0.39246 5.73661 12.125 -0.686 5.709 7.875 0.716 5.705 7.875 -1.16981 5.62975 12.125
3 16 0.39246 5.73661 12.125 -1.16981 5.62975 12.125 -0.686 5.709 7.875
5 24 -1.16981 5.62975 12.125 -0.686 5.709 7.875 0.39246 5.73661 12.125 -2.048 5.373 7.875
3 16 -0.686 5.709 7.875 -1.16981 5.62975 12.125 -2.048 5.373 7.875
5 24 -1.16981 5.62975 12.125 -2.048 5.373 7.875 -0.686 5.709 7.875 -2.65 5.11 12.12
3 16 -1.16981 5.62975 12.125 -2.65 5.11 12.12 -2.048 5.373 7.875
5 24 -2.65 5.11 12.12 -2.048 5.373 7.875 -1.16981 5.62975 12.125 -3.287 4.718 7.875
3 16 -2.048 5.373 7.875 -2.65 5.11 12.12 -3.287 4.718 7.875
5 24 -2.65 5.11 12.12 -3.287 4.718 7.875 -2.048 5.373 7.875 -3.92 4.2 12.12
3 16 -2.65 5.11 12.12 -3.92 4.2 12.12 -3.287 4.718 7.875
5 24 -3.92 4.2 12.12 -3.287 4.718 7.875 -2.65 5.11 12.12 -4.332 3.782 7.875
3 16 -3.287 4.718 7.875 -3.92 4.2 12.12 -4.332 3.782 7.875
5 24 -3.92 4.2 12.12 -4.332 3.782 7.875 -3.287 4.718 7.875 -4.41 3.69 7.87
3 16 -4.332 3.782 7.875 -3.92 4.2 12.12 -4.41 3.69 7.87
5 24 -3.92 4.2 12.12 -4.41 3.69 7.87 -4.332 3.782 7.875 -4.91 2.99 12.12
4 16 -4.41 3.69 7.87 -3.92 4.2 12.12 -4.91 2.99 12.12 -4.48 3.61 7.87
3 16 -5.93849 -2.3182 7.875 -5.17328 -3.72518 7.875 -5.39 -3.4 -9.12
5 24 -5.17328 -3.72518 7.875 -5.39 -3.4 -9.12 -5.93849 -2.3182 7.875 -5.17328 -3.72518 -6.625
5 24 -5.39 -3.4 -9.12 -5.93849 -2.3182 7.875 -5.17328 -3.72518 7.875 -5.87167 -2.48277 -12.125
3 16 -5.39 -3.4 -9.12 -5.17328 -3.72518 7.875 -5.17328 -3.72518 -6.625
5 24 -5.17328 -3.72518 -6.625 -5.39 -3.4 -9.12 -5.17328 -3.72518 7.875 -4.99138 -3.9656 -9.125
3 16 -5.39 -3.4 -9.12 -5.17328 -3.72518 -6.625 -4.99138 -3.9656 -9.125
5 24 -5.17328 -3.72518 -6.625 -4.99138 -3.9656 -9.125 -5.39 -3.4 -9.12 -4.41185 -4.60168 -7.5015
3 16 -4.99138 -3.9656 -9.125 -5.17328 -3.72518 -6.625 -4.41185 -4.60168 -7.5015
5 24 -4.41185 -4.60168 -7.5015 -4.99138 -3.9656 -9.125 -5.17328 -3.72518 -6.625 -4.31958 -4.68841 -9.125
4 16 -4.99138 -3.9656 -9.125 -4.41185 -4.60168 -7.5015 -4.31958 -4.68841 -9.125 -5.01768 -3.93237 -12.125
5 24 -4.41185 -4.60168 -7.5015 -4.31958 -4.68841 -9.125 -5.01768 -3.93237 -12.125 -3.71 -5.19 -9.12
5 24 -4.31958 -4.68841 -9.125 -5.01768 -3.93237 -12.125 -4.99138 -3.9656 -9.125 -3.81421 -5.10808 -12.125
5 24 -4.99138 -3.9656 -9.125 -5.01768 -3.93237 -12.125 -5.39 -3.4 -9.12 -4.41185 -4.60168 -7.5015
3 16 -4.31958 -4.68841 -9.125 -4.41185 -4.60168 -7.5015 -3.71 -5.19 -9.12
5 24 -4.41185 -4.60168 -7.5015 -3.71 -5.19 -9.12 -4.31958 -4.68841 -9.125 -3.50408 -5.32554 -8.22536
3 16 -4.41185 -4.60168 -7.5015 -3.50408 -5.32554 -8.22536 -3.71 -5.19 -9.12
5 24 -3.50408 -5.32554 -8.22536 -3.71 -5.19 -9.12 -4.41185 -4.60168 -7.5015 -2.95 -5.65 -9.12
3 16 -3.71 -5.19 -9.12 -3.50408 -5.32554 -8.22536 -2.95 -5.65 -9.12
5 24 -3.50408 -5.32554 -8.22536 -2.95 -5.65 -9.12 -3.71 -5.19 -9.12 -2.48008 -5.87276 -8.77258
5 24 -2.95 -5.65 -9.12 -3.71 -5.19 -9.12 -3.50408 -5.32554 -8.22536 -3.81421 -5.10808 -12.125
3 16 -3.50408 -5.32554 -8.22536 -2.48008 -5.87276 -8.77258 -2.95 -5.65 -9.12
5 24 -2.48008 -5.87276 -8.77258 -2.95 -5.65 -9.12 -3.50408 -5.32554 -8.22536 -2.13 -6.01 -9.12
3 16 -2.95 -5.65 -9.12 -2.48008 -5.87276 -8.77258 -2.13 -6.01 -9.12
5 24 -2.48008 -5.87276 -8.77258 -2.13 -6.01 -9.12 -2.95 -5.65 -9.12 -1.37 -6.23 -9.12
5 24 -2.13 -6.01 -9.12 -2.95 -5.65 -9.12 -2.48008 -5.87276 -8.77258 -2.34507 -5.92801 -12.125
3 16 -2.48008 -5.87276 -8.77258 -1.37 -6.23 -9.12 -2.13 -6.01 -9.12
5 24 -1.37 -6.23 -9.12 -2.13 -6.01 -9.12 -2.48008 -5.87276 -8.77258 -2.34507 -5.92801 -12.125
3 16 -5.39 -3.4 -9.12 -5.87167 -2.48277 -12.125 -5.93849 -2.3182 7.875
5 24 -5.39 -3.4 -9.12 -5.87167 -2.48277 -12.125 -5.93849 -2.3182 7.875 -5.01768 -3.93237 -12.125
5 24 -5.87167 -2.48277 -12.125 -5.93849 -2.3182 7.875 -5.39 -3.4 -9.12 -6.092 -1.87811 -9.125
3 16 -5.93849 -2.3182 7.875 -5.87167 -2.48277 -12.125 -6.092 -1.87811 -9.125
5 24 -6.092 -1.87811 -9.125 -5.87167 -2.48277 -12.125 -6.31669 -0.860242 -12.125 -5.93849 -2.3182 7.875
5 24 -6.092 -1.87811 -9.125 -5.93849 -2.3182 7.875 -5.87167 -2.48277 -12.125 -6.32888 -0.764907 7.875
3 16 -5.93849 -2.3182 7.875 -6.092 -1.87811 -9.125 -6.32888 -0.764907 7.875
5 24 -6.092 -1.87811 -9.125 -6.32888 -0.764907 7.875 -5.93849 -2.3182 7.875 -6.33424 -0.71913 -9.125
3 16 -6.32888 -0.764907 7.875 -6.092 -1.87811 -9.125 -6.33424 -0.71913 -9.125
5 24 -6.33424 -0.71913 -9.125 -6.32888 -0.764907 7.875 -6.092 -1.87811 -9.125 -6.37 -0.23 -9.12
3 16 -6.32888 -0.764907 7.875 -6.33424 -0.71913 -9.125 -6.37 -0.23 -9.12
5 24 -6.37 -0.23 -9.12 -6.32888 -0.764907 7.875 -6.33424 -0.71913 -9.125 -6.37493 0 -9.125
3 16 -6.37 -0.23 -9.12 -6.37493 0 -9.125 -6.32888 -0.764907 7.875
5 24 -6.37 -0.23 -9.12 -6.37493 0 -9.125 -6.32888 -0.764907 7.875 -6.31669 -0.860242 -12.125
5 24 -6.37493 0 -9.125 -6.32888 -0.764907 7.875 -6.37 -0.23 -9.12 -6.3198 0.836669 7.875
3 16 -6.32888 -0.764907 7.875 -6.37493 0 -9.125 -6.3198 0.836669 7.875
5 24 -6.37493 0 -9.125 -6.3198 0.836669 7.875 -6.32888 -0.764907 7.875 -6.28718 1.05412 -9.125
3 16 -6.37493 0 -9.125 -6.28718 1.05412 -9.125 -6.3198 0.836669 7.875
5 24 -6.28718 1.05412 -9.125 -6.3198 0.836669 7.875 -6.37493 0 -9.125 -6.21 1.442 -9.125
3 16 -6.3198 0.836669 7.875 -6.28718 1.05412 -9.125 -6.21 1.442 -9.125
5 24 -6.21 1.442 -9.125 -6.3198 0.836669 7.875 -6.28718 1.05412 -9.125 -5.91182 2.38544 7.875
3 16 -6.3198 0.836669 7.875 -6.21 1.442 -9.125 -5.91182 2.38544 7.875
5 24 -6.21 1.442 -9.125 -5.91182 2.38544 7.875 -6.3198 0.836669 7.875 -5.75 2.75 -9.12
3 16 -5.91182 2.38544 7.875 -6.21 1.442 -9.125 -5.75 2.75 -9.12
5 24 -6.21 1.442 -9.125 -5.75 2.75 -9.12 -5.91182 2.38544 7.875 -5.88651 2.44738 -12.125
5 24 -5.75 2.75 -9.12 -5.91182 2.38544 7.875 -6.21 1.442 -9.125 -5.62 3.01 -9.12
3 16 -5.91182 2.38544 7.875 -5.75 2.75 -9.12 -5.62 3.01 -9.12
5 24 -5.62 3.01 -9.12 -5.91182 2.38544 7.875 -5.75 2.75 -9.12 -5.1307 3.78364 7.875
3 16 -4.64 4.37 -9.12 -4.454 4.561 -7.429 -4.7 4.29 -9.12
5 24 -4.64 4.37 -9.12 -4.454 4.561 -7.429 -4.7 4.29 -9.12 -3.83 5.03 -9.12
5 24 -4.454 4.561 -7.429 -4.7 4.29 -9.12 -4.64 4.37 -9.12 -5.131 3.784 -6.65
2 24 -4.7 4.29 -9.12 -4.64 4.37 -9.12
3 16 -4.7 4.29 -9.12 -4.454 4.561 -7.429 -5.131 3.784 -6.65
5 24 -5.131 3.784 -6.65 -4.7 4.29 -9.12 -4.454 4.561 -7.429 -5.62 3.01 -9.12
3 16 -4.7 4.29 -9.12 -5.131 3.784 -6.65 -5.62 3.01 -9.12
5 24 -5.131 3.784 -6.65 -5.62 3.01 -9.12 -4.7 4.29 -9.12 -5.1307 3.78364 7.875
2 24 -5.62 3.01 -9.12 -4.7 4.29 -9.12
3 16 -5.62 3.01 -9.12 -5.131 3.784 -6.65 -5.1307 3.78364 7.875
5 24 -5.1307 3.78364 7.875 -5.62 3.01 -9.12 -5.131 3.784 -6.65 -5.91182 2.38544 7.875
3 16 -5.62 3.01 -9.12 -5.1307 3.78364 7.875 -5.91182 2.38544 7.875
3 16 -4.64 4.37 -9.12 -3.83 5.03 -9.12 -4.454 4.561 -7.429
2 24 -4.64 4.37 -9.12 -3.83 5.03 -9.12
5 24 -3.83 5.03 -9.12 -4.454 4.561 -7.429 -4.64 4.37 -9.12 -3.661 5.219 -8.089
3 16 -4.454 4.561 -7.429 -3.83 5.03 -9.12 -3.661 5.219 -8.089
3 16 -3.661 5.219 -8.089 -3.34 5.43 -9.12 -2.772 5.741 -8.613
5 24 -3.34 5.43 -9.12 -2.772 5.741 -8.613 -3.661 5.219 -8.089 -1.81 6.11 -9.12
3 16 -2.772 5.741 -8.613 -3.34 5.43 -9.12 -1.81 6.11 -9.12
2 24 -3.34 5.43 -9.12 -1.81 6.11 -9.12
5 24 -1.81 6.11 -9.12 -2.772 5.741 -8.613 -3.34 5.43 -9.12 -1.811 6.112 -8.988
3 16 -2.772 5.741 -8.613 -1.81 6.11 -9.12 -1.811 6.112 -8.988
5 24 -1.81 6.11 -9.12 -1.811 6.112 -8.988 -2.772 5.741 -8.613 -1.54 6.19 -9.06
3 16 4.7073 11.5799 1.625 7.5001 10 1.625 5.75084 11.0986 -12.125
5 24 7.5001 10 1.625 5.75084 11.0986 -12.125 4.7073 11.5799 1.625 7.5 10 -1.38
5 24 5.75084 11.0986 -12.125 4.7073 11.5799 1.625 7.5001 10 1.625 2.54321 12.2386 -12.125
3 16 5.75084 11.0986 -12.125 7.5001 10 1.625 7.5 10 -1.38
5 24 7.5 10 -1.38 5.75084 11.0986 -12.125 7.5001 10 1.625 8.53196 9.1355 -12.125
3 16 5.75084 11.0986 -12.125 7.5 10 -1.38 8.53196 9.1355 -12.125
5 24 7.5 10 -1.38 8.53196 9.1355 -12.125 5.75084 11.0986 -12.125 9.6 8.01 -1.38
3 16 8.53196 9.1355 -12.125 7.5 10 -1.38 9.6 8.01 -1.38
2 24 7.5 10 -1.38 9.6 8.01 -1.38
5 24 9.6 8.01 -1.38 8.53196 9.1355 -12.125 7.5 10 -1.38 10.6803 6.49483 -12.125
3 16 8.53196 9.1355 -12.125 9.6 8.01 -1.38 10.6803 6.49483 -12.125
5 24 9.6 8.01 -1.38 10.6803 6.49483 -12.125 8.53196 9.1355 -12.125 11.18 5.59 -1.38
3 16 10.6803 6.49483 -12.125 9.6 8.01 -1.38 11.18 5.59 -1.38
2 24 9.6 8.01 -1.38 11.18 5.59 -1.38
5 24 11.18 5.59 -1.38 10.6803 6.49483 -12.125 9.6 8.01 -1.38 12.0365 3.37248 -12.125
3 16 10.6803 6.49483 -12.125 11.18 5.59 -1.38 12.0365 3.37248 -12.125
5 24 11.18 5.59 -1.38 12.0365 3.37248 -12.125 10.6803 6.49483 -12.125 12.17 2.87 -1.38
3 16 12.0365 3.37248 -12.125 11.18 5.59 -1.38 12.17 2.87 -1.38
2 24 11.18 5.59 -1.38 12.17 2.87 -1.38
5 24 12.17 2.87 -1.38 12.0365 3.37248 -12.125 11.18 5.59 -1.38 12.5001 0 -12.125
3 16 12.0365 3.37248 -12.125 12.17 2.87 -1.38 12.5001 0 -12.125
5 24 12.17 2.87 -1.38 12.5001 0 -12.125 12.0365 3.37248 -12.125 12.5001 0 -1.375
3 16 12.5001 0 -12.125 12.17 2.87 -1.38 12.5001 0 -1.375
2 24 12.17 2.87 -1.38 12.5001 0 -1.375
5 24 12.5001 0 -1.375 12.5001 0 -12.125 12.17 2.87 -1.38 12.17 -2.87 -1.38
3 16 12.5001 0 -12.125 12.5001 0 -1.375 12.17 -2.87 -1.38
2 24 12.5001 0 -1.375 12.17 -2.87 -1.38
5 24 12.17 -2.87 -1.38 12.5001 0 -12.125 12.5001 0 -1.375 12.0365 -3.37248 -12.125
3 16 5.75084 11.0986 -12.125 2.54321 12.2386 -12.125 4.7073 11.5799 1.625
5 24 2.54321 12.2386 -12.125 4.7073 11.5799 1.625 5.75084 11.0986 -12.125 1.60434 12.3967 1.625
3 16 4.7073 11.5799 1.625 2.54321 12.2386 -12.125 1.60434 12.3967 1.625
5 24 2.54321 12.2386 -12.125 1.60434 12.3967 1.625 4.7073 11.5799 1.625 -0.853035 12.4709 -12.125
3 16 2.54321 12.2386 -12.125 -0.853035 12.4709 -12.125 1.60434 12.3967 1.625
5 24 -0.853035 12.4709 -12.125 1.60434 12.3967 1.625 2.54321 12.2386 -12.125 -1.60434 12.3967 1.625
3 16 1.60434 12.3967 1.625 -0.853035 12.4709 -12.125 -1.60434 12.3967 1.625
5 24 -0.853035 12.4709 -12.125 -1.60434 12.3967 1.625 1.60434 12.3967 1.625 -4.18602 11.7783 -12.125
3 16 -0.853035 12.4709 -12.125 -4.18602 11.7783 -12.125 -1.60434 12.3967 1.625
5 24 -4.18602 11.7783 -12.125 -1.60434 12.3967 1.625 -0.853035 12.4709 -12.125 -4.7073 11.5799 1.625
3 16 -1.60434 12.3967 1.625 -4.18602 11.7783 -12.125 -4.7073 11.5799 1.625
5 24 -4.18602 11.7783 -12.125 -4.7073 11.5799 1.625 -1.60434 12.3967 1.625 -7.20854 10.2122 -12.125
3 16 -4.18602 11.7783 -12.125 -7.20854 10.2122 -12.125 -4.7073 11.5799 1.625
5 24 -7.20854 10.2122 -12.125 -4.7073 11.5799 1.625 -4.18602 11.7783 -12.125 -7.5001 10 1.625
3 16 -4.7073 11.5799 1.625 -7.20854 10.2122 -12.125 -7.5001 10 1.625
5 24 -7.20854 10.2122 -12.125 -7.5001 10 1.625 -4.7073 11.5799 1.625 -7.5001 10 -1.375
3 16 -7.5001 10 1.625 -7.20854 10.2122 -12.125 -7.5001 10 -1.375
5 24 -7.20854 10.2122 -12.125 -7.5001 10 -1.375 -7.5001 10 1.625 -9.69644 7.88864 -12.125
3 16 -7.5001 10 -1.375 -7.20854 10.2122 -12.125 -9.69644 7.88864 -12.125
3 16 -7.5001 10 -1.375 -9.69644 7.88864 -12.125 -9.58742 8.02078 -1.375
5 24 -9.69644 7.88864 -12.125 -9.58742 8.02078 -1.375 -7.5001 10 -1.375 -11.17 5.62 -1.38
2 24 -9.58742 8.02078 -1.375 -7.5001 10 -1.375
3 16 -9.58742 8.02078 -1.375 -9.69644 7.88864 -12.125 -11.17 5.62 -1.38
5 24 -9.69644 7.88864 -12.125 -11.17 5.62 -1.38 -9.58742 8.02078 -1.375 -11.4652 4.98004 -12.125
2 24 -11.17 5.62 -1.38 -9.58742 8.02078 -1.375
3 16 -9.69644 7.88864 -12.125 -11.4652 4.98004 -12.125 -11.17 5.62 -1.38
5 24 -11.4652 4.98004 -12.125 -11.17 5.62 -1.38 -9.69644 7.88864 -12.125 -12.16 2.92 -1.38
3 16 -11.17 5.62 -1.38 -11.4652 4.98004 -12.125 -12.16 2.92 -1.38
5 24 -11.4652 4.98004 -12.125 -12.16 2.92 -1.38 -11.17 5.62 -1.38 -12.3836 1.70209 -12.125
2 24 -12.16 2.92 -1.38 -11.17 5.62 -1.38
3 16 -11.4652 4.98004 -12.125 -12.3836 1.70209 -12.125 -12.16 2.92 -1.38
5 24 -12.3836 1.70209 -12.125 -12.16 2.92 -1.38 -11.4652 4.98004 -12.125 -12.4999 0.0596319 -1.375
3 16 -12.16 2.92 -1.38 -12.3836 1.70209 -12.125 -12.4999 0.0596319 -1.375
5 24 -12.3836 1.70209 -12.125 -12.4999 0.0596319 -1.375 -12.16 2.92 -1.38 -12.3836 -1.70209 -12.125
2 24 -12.4999 0.0596319 -1.375 -12.16 2.92 -1.38
4 16 -12.4999 0.0596319 -1.375 -12.3836 1.70209 -12.125 -12.3836 -1.70209 -12.125 -12.4999 -0.0596319 -1.375
5 24 -12.3836 -1.70209 -12.125 -12.4999 -0.0596319 -1.375 -12.4999 0.0596319 -1.375 -12.16 -2.92 -1.38
3 16 -12.4999 -0.0596319 -1.375 -12.3836 -1.70209 -12.125 -12.16 -2.92 -1.38
5 24 -12.3836 -1.70209 -12.125 -12.16 -2.92 -1.38 -12.4999 -0.0596319 -1.375 -11.4652 -4.98004 -12.125
2 24 -12.16 -2.92 -1.38 -12.4999 -0.0596319 -1.375
3 16 -12.16 -2.92 -1.38 -12.3836 -1.70209 -12.125 -11.4652 -4.98004 -12.125
5 24 -11.4652 -4.98004 -12.125 -12.16 -2.92 -1.38 -12.3836 -1.70209 -12.125 -11.17 -5.62 -1.38
3 16 -12.16 -2.92 -1.38 -11.4652 -4.98004 -12.125 -11.17 -5.62 -1.38
5 24 -11.4652 -4.98004 -12.125 -11.17 -5.62 -1.38 -12.16 -2.92 -1.38 -9.69644 -7.88864 -12.125
2 24 -11.17 -5.62 -1.38 -12.16 -2.92 -1.38
3 16 -11.17 -5.62 -1.38 -11.4652 -4.98004 -12.125 -9.69644 -7.88864 -12.125
5 24 -9.69644 -7.88864 -12.125 -11.17 -5.62 -1.38 -11.4652 -4.98004 -12.125 -9.58745 -8.02074 -1.375
3 16 -11.17 -5.62 -1.38 -9.69644 -7.88864 -12.125 -9.58745 -8.02074 -1.375
5 24 -9.69644 -7.88864 -12.125 -9.58745 -8.02074 -1.375 -11.17 -5.62 -1.38 -7.50015 -9.99997 -1.375
2 24 -9.58745 -8.02074 -1.375 -11.17 -5.62 -1.38
3 16 -9.58745 -8.02074 -1.375 -9.69644 -7.88864 -12.125 -7.50015 -9.99997 -1.375
2 24 -7.50015 -9.99997 -1.375 -9.58745 -8.02074 -1.375
3 16 -9.69644 -7.88864 -12.125 -7.20854 -10.2122 -12.125 -7.50015 -9.99997 -1.375
5 24 -7.20854 -10.2122 -12.125 -7.50015 -9.99997 -1.375 -9.69644 -7.88864 -12.125 -7.50015 -9.99997 1.625
3 16 -7.50015 -9.99997 -1.375 -7.20854 -10.2122 -12.125 -7.50015 -9.99997 1.625
5 24 -7.20854 -10.2122 -12.125 -7.50015 -9.99997 1.625 -7.50015 -9.99997 -1.375 -4.70734 -11.5798 1.625
3 16 -7.50015 -9.99997 1.625 -7.20854 -10.2122 -12.125 -4.70734 -11.5798 1.625
5 24 -7.20854 -10.2122 -12.125 -4.70734 -11.5798 1.625 -7.50015 -9.99997 1.625 -4.18602 -11.7783 -12.125
3 16 -4.70734 -11.5798 1.625 -7.20854 -10.2122 -12.125 -4.18602 -11.7783 -12.125
5 24 -4.18602 -11.7783 -12.125 -4.70734 -11.5798 1.625 -7.20854 -10.2122 -12.125 -1.60435 -12.3967 1.625
3 16 -4.70734 -11.5798 1.625 -4.18602 -11.7783 -12.125 -1.60435 -12.3967 1.625
5 24 -4.18602 -11.7783 -12.125 -1.60435 -12.3967 1.625 -4.70734 -11.5798 1.625 -0.853035 -12.4709 -12.125
3 16 -1.60435 -12.3967 1.625 -4.18602 -11.7783 -12.125 -0.853035 -12.4709 -12.125
5 24 -0.853035 -12.4709 -12.125 -1.60435 -12.3967 1.625 -4.18602 -11.7783 -12.125 1.60435 -12.3967 1.625
3 16 -1.60435 -12.3967 1.625 -0.853035 -12.4709 -12.125 1.60435 -12.3967 1.625
5 24 -0.853035 -12.4709 -12.125 1.60435 -12.3967 1.625 -1.60435 -12.3967 1.625 2.54321 -12.2386 -12.125
3 16 1.60435 -12.3967 1.625 -0.853035 -12.4709 -12.125 2.54321 -12.2386 -12.125
5 24 2.54321 -12.2386 -12.125 1.60435 -12.3967 1.625 -0.853035 -12.4709 -12.125 4.70734 -11.5798 1.625
3 16 1.60435 -12.3967 1.625 2.54321 -12.2386 -12.125 4.70734 -11.5798 1.625
5 24 2.54321 -12.2386 -12.125 4.70734 -11.5798 1.625 1.60435 -12.3967 1.625 5.75084 -11.0986 -12.125
3 16 4.70734 -11.5798 1.625 2.54321 -12.2386 -12.125 5.75084 -11.0986 -12.125
5 24 5.75084 -11.0986 -12.125 4.70734 -11.5798 1.625 2.54321 -12.2386 -12.125 7.50015 -9.99997 -1.375
3 16 4.70734 -11.5798 1.625 5.75084 -11.0986 -12.125 7.50015 -9.99997 -1.375
5 24 5.75084 -11.0986 -12.125 7.50015 -9.99997 -1.375 4.70734 -11.5798 1.625 8.53196 -9.1355 -12.125
3 16 7.50015 -9.99997 -1.375 5.75084 -11.0986 -12.125 8.53196 -9.1355 -12.125
5 24 8.53196 -9.1355 -12.125 7.50015 -9.99997 -1.375 5.75084 -11.0986 -12.125 9.6 -8.01 -1.38
3 16 7.50015 -9.99997 -1.375 8.53196 -9.1355 -12.125 9.6 -8.01 -1.38
5 24 8.53196 -9.1355 -12.125 9.6 -8.01 -1.38 7.50015 -9.99997 -1.375 10.6803 -6.49483 -12.125
2 24 9.6 -8.01 -1.38 7.50015 -9.99997 -1.375
3 16 9.6 -8.01 -1.38 8.53196 -9.1355 -12.125 10.6803 -6.49483 -12.125
5 24 10.6803 -6.49483 -12.125 9.6 -8.01 -1.38 8.53196 -9.1355 -12.125 11.18 -5.59 -1.38
3 16 9.6 -8.01 -1.38 10.6803 -6.49483 -12.125 11.18 -5.59 -1.38
5 24 10.6803 -6.49483 -12.125 11.18 -5.59 -1.38 9.6 -8.01 -1.38 12.0365 -3.37248 -12.125
2 24 11.18 -5.59 -1.38 9.6 -8.01 -1.38
3 16 11.18 -5.59 -1.38 10.6803 -6.49483 -12.125 12.0365 -3.37248 -12.125
5 24 12.0365 -3.37248 -12.125 11.18 -5.59 -1.38 10.6803 -6.49483 -12.125 12.17 -2.87 -1.38
3 16 11.18 -5.59 -1.38 12.0365 -3.37248 -12.125 12.17 -2.87 -1.38
5 24 12.0365 -3.37248 -12.125 12.17 -2.87 -1.38 11.18 -5.59 -1.38 12.5001 0 -12.125
2 24 12.17 -2.87 -1.38 11.18 -5.59 -1.38
3 16 12.17 -2.87 -1.38 12.0365 -3.37248 -12.125 12.5001 0 -12.125
3 16 7.50015 -9.99997 -1.375 7.50015 -9.99997 1.625 4.70734 -11.5798 1.625
3 16 -12.4999 -0.0596319 2.125 -12.5 -0.02 2.12 -12.4999 -0.0596319 -1.375
3 16 -3.43 5.38 -9.12 -3.84489 5.08502 -12.125 -3.38 5.4 -9.12
5 24 -3.84489 5.08502 -12.125 -3.38 5.4 -9.12 -3.43 5.38 -9.12 -2.38072 5.91378 -12.125
2 24 -3.38 5.4 -9.12 -3.43 5.38 -9.12
3 16 -3.38 5.4 -9.12 -3.84489 5.08502 -12.125 -2.38072 5.91378 -12.125
5 24 -2.38072 5.91378 -12.125 -3.38 5.4 -9.12 -3.84489 5.08502 -12.125 -1.81 6.11 -9.12
3 16 -3.38 5.4 -9.12 -2.38072 5.91378 -12.125 -1.81 6.11 -9.12
5 24 -2.38072 5.91378 -12.125 -1.81 6.11 -9.12 -3.38 5.4 -9.12 -1.54 6.19 -9.06
2 24 -1.81 6.11 -9.12 -3.38 5.4 -9.12
3 16 -1.81 6.11 -9.12 -2.38072 5.91378 -12.125 -1.54 6.19 -9.06
5 24 -2.38072 5.91378 -12.125 -1.54 6.19 -9.06 -1.81 6.11 -9.12 -0.750728 6.33064 -12.125
5 24 -1.54 6.19 -9.06 -1.81 6.11 -9.12 -2.38072 5.91378 -12.125 -1.811 6.112 -8.988
3 16 -1.81 6.11 -9.12 -1.54 6.19 -9.06 -1.811 6.112 -8.988
3 16 -3.84489 5.08502 -12.125 -4.7 4.29 -9.12 -5.04126 3.90209 -12.125
5 24 -4.7 4.29 -9.12 -5.04126 3.90209 -12.125 -3.84489 5.08502 -12.125 -4.77 4.22 -9.12
3 16 -5.04126 3.90209 -12.125 -4.7 4.29 -9.12 -4.77 4.22 -9.12
2 24 -4.7 4.29 -9.12 -4.77 4.22 -9.12
5 24 -4.77 4.22 -9.12 -5.04126 3.90209 -12.125 -4.7 4.29 -9.12 -5.62 3.01 -9.12
3 16 -5.04126 3.90209 -12.125 -4.77 4.22 -9.12 -5.62 3.01 -9.12
2 24 -4.77 4.22 -9.12 -5.62 3.01 -9.12
5 24 -5.62 3.01 -9.12 -5.04126 3.90209 -12.125 -4.77 4.22 -9.12 -5.88651 2.44738 -12.125
3 16 -5.04126 3.90209 -12.125 -5.62 3.01 -9.12 -5.88651 2.44738 -12.125
5 24 -5.62 3.01 -9.12 -5.88651 2.44738 -12.125 -5.04126 3.90209 -12.125 -5.75 2.75 -9.12
3 16 -5.88651 2.44738 -12.125 -5.62 3.01 -9.12 -5.75 2.75 -9.12
5 24 -5.75 2.75 -9.12 -5.88651 2.44738 -12.125 -5.62 3.01 -9.12 -6.21 1.442 -9.125
3 16 -5.88651 2.44738 -12.125 -5.75 2.75 -9.12 -6.21 1.442 -9.125
5 24 -6.21 1.442 -9.125 -5.88651 2.44738 -12.125 -5.75 2.75 -9.12 -6.32176 0.8222 -12.125
3 16 -5.88651 2.44738 -12.125 -6.21 1.442 -9.125 -6.32176 0.8222 -12.125
5 24 -6.21 1.442 -9.125 -6.32176 0.8222 -12.125 -5.88651 2.44738 -12.125 -6.28718 1.05412 -9.125
3 16 -6.32176 0.8222 -12.125 -6.21 1.442 -9.125 -6.28718 1.05412 -9.125
5 24 -6.28718 1.05412 -9.125 -6.32176 0.8222 -12.125 -6.21 1.442 -9.125 -6.37493 0 -9.125
3 16 -6.32176 0.8222 -12.125 -6.28718 1.05412 -9.125 -6.37493 0 -9.125
5 24 -6.37493 0 -9.125 -6.32176 0.8222 -12.125 -6.28718 1.05412 -9.125 -6.31669 -0.860242 -12.125
3 16 -6.32176 0.8222 -12.125 -6.37493 0 -9.125 -6.31669 -0.860242 -12.125
5 24 -6.37493 0 -9.125 -6.31669 -0.860242 -12.125 -6.32176 0.8222 -12.125 -6.37 -0.23 -9.12
3 16 -6.31669 -0.860242 -12.125 -6.37493 0 -9.125 -6.37 -0.23 -9.12
5 24 -6.37 -0.23 -9.12 -6.31669 -0.860242 -12.125 -6.37493 0 -9.125 -6.33424 -0.71913 -9.125
3 16 -6.31669 -0.860242 -12.125 -6.37 -0.23 -9.12 -6.33424 -0.71913 -9.125
5 24 -6.33424 -0.71913 -9.125 -6.31669 -0.860242 -12.125 -6.37 -0.23 -9.12 -6.092 -1.87811 -9.125
3 16 -6.33424 -0.71913 -9.125 -6.092 -1.87811 -9.125 -6.31669 -0.860242 -12.125
5 24 -6.092 -1.87811 -9.125 -6.31669 -0.860242 -12.125 -6.33424 -0.71913 -9.125 -5.87167 -2.48277 -12.125
3 16 -6.31669 -0.860242 -12.125 -6.092 -1.87811 -9.125 -5.87167 -2.48277 -12.125
3 16 -5.87167 -2.48277 -12.125 -5.39 -3.4 -9.12 -5.01768 -3.93237 -12.125
5 24 -5.39 -3.4 -9.12 -5.01768 -3.93237 -12.125 -5.87167 -2.48277 -12.125 -4.99138 -3.9656 -9.125
3 16 -5.01768 -3.93237 -12.125 -5.39 -3.4 -9.12 -4.99138 -3.9656 -9.125
3 16 -5.01768 -3.93237 -12.125 -4.31958 -4.68841 -9.125 -3.81421 -5.10808 -12.125
5 24 -4.31958 -4.68841 -9.125 -3.81421 -5.10808 -12.125 -5.01768 -3.93237 -12.125 -3.71 -5.19 -9.12
3 16 -3.81421 -5.10808 -12.125 -4.31958 -4.68841 -9.125 -3.71 -5.19 -9.12
5 24 -3.71 -5.19 -9.12 -3.81421 -5.10808 -12.125 -4.31958 -4.68841 -9.125 -2.95 -5.65 -9.12
3 16 -3.81421 -5.10808 -12.125 -3.71 -5.19 -9.12 -2.95 -5.65 -9.12
5 24 -2.95 -5.65 -9.12 -3.81421 -5.10808 -12.125 -3.71 -5.19 -9.12 -2.34507 -5.92801 -12.125
3 16 -3.81421 -5.10808 -12.125 -2.95 -5.65 -9.12 -2.34507 -5.92801 -12.125
5 24 -2.95 -5.65 -9.12 -2.34507 -5.92801 -12.125 -3.81421 -5.10808 -12.125 -2.13 -6.01 -9.12
3 16 -2.34507 -5.92801 -12.125 -2.95 -5.65 -9.12 -2.13 -6.01 -9.12
5 24 -2.13 -6.01 -9.12 -2.34507 -5.92801 -12.125 -2.95 -5.65 -9.12 -1.37 -6.23 -9.12
3 16 -2.34507 -5.92801 -12.125 -2.13 -6.01 -9.12 -1.37 -6.23 -9.12
5 24 -1.37 -6.23 -9.12 -2.34507 -5.92801 -12.125 -2.13 -6.01 -9.12 -0.712604 -6.33505 -12.125
3 16 -2.34507 -5.92801 -12.125 -1.37 -6.23 -9.12 -0.712604 -6.33505 -12.125
5 24 -1.37 -6.23 -9.12 -0.712604 -6.33505 -12.125 -2.34507 -5.92801 -12.125 -0.39 -6.36 -9.12
3 16 -0.712604 -6.33505 -12.125 -1.37 -6.23 -9.12 -0.39 -6.36 -9.12
2 24 -1.37 -6.23 -9.12 -0.39 -6.36 -9.12
5 24 -0.39 -6.36 -9.12 -0.712604 -6.33505 -12.125 -1.37 -6.23 -9.12 0.969498 -6.30085 -12.125
3 16 -0.712604 -6.33505 -12.125 -0.39 -6.36 -9.12 0.969498 -6.30085 -12.125
5 24 -0.39 -6.36 -9.12 0.969498 -6.30085 -12.125 -0.712604 -6.33505 -12.125 1.37396 -6.22518 -9.125
3 16 0.969498 -6.30085 -12.125 -0.39 -6.36 -9.12 1.37396 -6.22518 -9.125
2 24 -0.39 -6.36 -9.12 1.37396 -6.22518 -9.125
5 24 1.37396 -6.22518 -9.125 0.969498 -6.30085 -12.125 -0.39 -6.36 -9.12 2.58407 -5.82779 -12.125
3 16 0.969498 -6.30085 -12.125 1.37396 -6.22518 -9.125 2.58407 -5.82779 -12.125
5 24 1.37396 -6.22518 -9.125 2.58407 -5.82779 -12.125 0.969498 -6.30085 -12.125 2.48021 -5.87275 -8.77257
3 16 2.58407 -5.82779 -12.125 1.37396 -6.22518 -9.125 2.48021 -5.87275 -8.77257
5 24 2.48021 -5.87275 -8.77257 2.58407 -5.82779 -12.125 1.37396 -6.22518 -9.125 3.50419 -5.32553 -8.22535
3 16 2.58407 -5.82779 -12.125 2.48021 -5.87275 -8.77257 3.50419 -5.32553 -8.22535
5 24 3.50419 -5.32553 -8.22535 2.58407 -5.82779 -12.125 2.48021 -5.87275 -8.77257 4.01867 -4.94883 -12.125
3 16 2.58407 -5.82779 -12.125 3.50419 -5.32553 -8.22535 4.01867 -4.94883 -12.125
5 24 3.50419 -5.32553 -8.22535 4.01867 -4.94883 -12.125 2.58407 -5.82779 -12.125 4.41195 -4.60167 -7.50149
3 16 4.01867 -4.94883 -12.125 3.50419 -5.32553 -8.22535 4.41195 -4.60167 -7.50149
5 24 4.41195 -4.60167 -7.50149 4.01867 -4.94883 -12.125 3.50419 -5.32553 -8.22535 5.17341 -3.72518 -12.125
3 16 4.01867 -4.94883 -12.125 4.41195 -4.60167 -7.50149 5.17341 -3.72518 -12.125
5 24 4.41195 -4.60167 -7.50149 5.17341 -3.72518 -12.125 4.01867 -4.94883 -12.125 5.17336 -3.72518 -6.625
3 16 5.17341 -3.72518 -12.125 4.41195 -4.60167 -7.50149 5.17336 -3.72518 -6.625
3 16 -2.38072 5.91378 -12.125 -0.750728 6.33064 -12.125 -1.54 6.19 -9.06
5 24 -0.750728 6.33064 -12.125 -1.54 6.19 -9.06 -2.38072 5.91378 -12.125 -1.26 6.25 -9.12
3 16 -1.54 6.19 -9.06 -0.750728 6.33064 -12.125 -1.26 6.25 -9.12
5 24 -0.750728 6.33064 -12.125 -1.26 6.25 -9.12 -1.54 6.19 -9.06 -0.41 6.36 -9.12
3 16 3.455 5.357 -8.247 2.417 5.899 -8.785 2.54894 5.84324 -12.125
5 24 2.417 5.899 -8.785 2.54894 5.84324 -12.125 3.455 5.357 -8.247 1.298 6.242 -9.125
5 24 2.54894 5.84324 -12.125 3.455 5.357 -8.247 2.417 5.899 -8.785 3.9888 4.97293 -12.125
3 16 2.54894 5.84324 -12.125 2.417 5.899 -8.785 1.298 6.242 -9.125
5 24 1.298 6.242 -9.125 2.54894 5.84324 -12.125 2.417 5.899 -8.785 0.93155 6.30657 -12.125
3 16 2.54894 5.84324 -12.125 1.298 6.242 -9.125 0.93155 6.30657 -12.125
5 24 1.298 6.242 -9.125 0.93155 6.30657 -12.125 2.54894 5.84324 -12.125 0.45 6.36 -9.12
3 16 0.93155 6.30657 -12.125 1.298 6.242 -9.125 0.45 6.36 -9.12
5 24 0.45 6.36 -9.12 0.93155 6.30657 -12.125 1.298 6.242 -9.125 -0.750728 6.33064 -12.125
3 16 0.93155 6.30657 -12.125 0.45 6.36 -9.12 -0.750728 6.33064 -12.125
5 24 0.45 6.36 -9.12 -0.750728 6.33064 -12.125 0.93155 6.30657 -12.125 -0.41 6.36 -9.12
3 16 -0.750728 6.33064 -12.125 0.45 6.36 -9.12 -0.41 6.36 -9.12
5 24 -0.41 6.36 -9.12 -0.750728 6.33064 -12.125 0.45 6.36 -9.12 -1.26 6.25 -9.12
3 16 -0.750728 6.33064 -12.125 -0.41 6.36 -9.12 -1.26 6.25 -9.12
3 16 2.54894 5.84324 -12.125 3.9888 4.97293 -12.125 3.455 5.357 -8.247
5 24 3.9888 4.97293 -12.125 3.455 5.357 -8.247 2.54894 5.84324 -12.125 4.377 4.635 -7.527
3 16 3.455 5.357 -8.247 3.9888 4.97293 -12.125 4.377 4.635 -7.527
5 24 3.9888 4.97293 -12.125 4.377 4.635 -7.527 3.455 5.357 -8.247 5.15 3.76 -12.12
3 16 3.9888 4.97293 -12.125 5.15 3.76 -12.12 4.377 4.635 -7.527
5 24 5.15 3.76 -12.12 4.377 4.635 -7.527 3.9888 4.97293 -12.125 5.151 3.756 -6.65
3 16 4.377 4.635 -7.527 5.15 3.76 -12.12 5.151 3.756 -6.65
3 16 -1.81 6.11 -9.12 -3.34 5.43 -9.12 -3.38 5.4 -9.12
3 16 -3.38 5.4 -9.12 -3.83 5.03 -9.12 -3.43 5.38 -9.12
3 16 -3.83 5.03 -9.12 -4.64 4.37 -9.12 -4.7 4.29 -9.12
3 16 -4.7 4.29 -9.12 -5.62 3.01 -9.12 -4.77 4.22 -9.12
3 16 -5.75 2.75 -9.12 -5.75 2.75 -9.12 -6.29 1.05 -9.12
3 16 -6.29 1.05 -9.12 -6.29 1.05 -9.12 -6.37 -0.23 -9.12
3 16 -6.37 -0.23 -9.12 -6.37 -0.23 -9.12 -6.09 -1.88 -9.12
3 16 -6.09 -1.88 -9.12 -6.09 -1.88 -9.12 -5.39 -3.4 -9.12
3 16 -5.39 -3.4 -9.12 -5.39 -3.4 -9.12 -4.32 -4.69 -9.12
3 16 -4.32 -4.69 -9.12 -4.32 -4.69 -9.12 -2.95 -5.65 -9.12
3 16 -2.95 -5.65 -9.12 -2.95 -5.65 -9.12 -1.37 -6.23 -9.12
3 16 -1.37 -6.23 -9.12 -1.37 -6.23 -9.12 -0.39 -6.36 -9.12
2 24 -1.37 -6.23 -9.12 -0.39 -6.36 -9.12
3 16 -1.37 -6.23 -9.12 1.37396 -6.22518 -9.125 -0.39 -6.36 -9.12
3 16 9.6 -8.01 -1.38 12.4901 -9.99997 2.125 9.84 -10 0.15
5 24 9.84 -10 0.15 9.6 -8.01 -1.38 12.4901 -9.99997 2.125 7.50015 -9.99997 -1.375
3 16 9.6 -8.01 -1.38 9.84 -10 0.15 7.50015 -9.99997 -1.375
3 16 12.5001 0 -1.375 12.5001 -2.20719 -1.18164 12.17 -2.87 -1.38
5 24 12.5001 -2.20719 -1.18164 12.17 -2.87 -1.38 12.5001 0 -1.375 12.5001 -4.51924 -0.583153
3 16 12.17 -2.87 -1.38 12.5001 -2.20719 -1.18164 12.5001 -4.51924 -0.583153
5 24 12.5001 -4.51924 -0.583153 12.17 -2.87 -1.38 12.5001 -2.20719 -1.18164 11.18 -5.59 -1.38
3 16 12.17 -2.87 -1.38 12.5001 -4.51924 -0.583153 11.18 -5.59 -1.38
5 24 12.5001 -4.51924 -0.583153 11.18 -5.59 -1.38 12.17 -2.87 -1.38 12.5 -9.99 2.12
3 16 11.18 -5.59 -1.38 12.5001 -4.51924 -0.583153 12.5 -9.99 2.12
5 24 12.5 -9.99 2.12 11.18 -5.59 -1.38 12.5001 -4.51924 -0.583153 9.6 -8.01 -1.38
3 16 11.18 -5.59 -1.38 12.5 -9.99 2.12 9.6 -8.01 -1.38
3 16 12.5001 2.20719 -1.18164 12.17 2.87 -1.38 12.5001 4.51924 -0.583153
5 24 12.5001 2.20719 -1.18164 12.17 2.87 -1.38 12.5001 4.51924 -0.583153 12.5001 0 -1.375
5 24 12.17 2.87 -1.38 12.5001 4.51924 -0.583153 12.5001 2.20719 -1.18164 11.18 5.59 -1.38
3 16 12.5001 4.51924 -0.583153 12.17 2.87 -1.38 11.18 5.59 -1.38
5 24 11.18 5.59 -1.38 12.5001 4.51924 -0.583153 12.17 2.87 -1.38 12.5001 9.98753 2.125
3 16 12.5001 4.51924 -0.583153 11.18 5.59 -1.38 12.5001 9.98753 2.125
5 24 11.18 5.59 -1.38 12.5001 9.98753 2.125 12.5001 4.51924 -0.583153 9.6 8.01 -1.38
3 16 12.5001 9.98753 2.125 11.18 5.59 -1.38 9.6 8.01 -1.38
3 16 12.5001 2.20719 -1.18164 12.5001 0 -1.375 12.17 2.87 -1.38
3 16 7.5 10 -1.38 9.84069 10 0.154881 9.6 8.01 -1.38
5 24 9.84069 10 0.154881 9.6 8.01 -1.38 7.5 10 -1.38 12.4901 10 2.125
3 16 9.6 8.01 -1.38 9.84069 10 0.154881 12.4901 10 2.125
3 16 -12.4999 -2.253 -1.17372 -12.16 -2.92 -1.38 -12.4999 -4.55203 -0.572094
5 24 -12.4999 -2.253 -1.17372 -12.16 -2.92 -1.38 -12.4999 -4.55203 -0.572094 -12.4999 -0.0596319 -1.375
5 24 -12.16 -2.92 -1.38 -12.4999 -4.55203 -0.572094 -12.4999 -2.253 -1.17372 -11.17 -5.62 -1.38
3 16 -12.4999 -4.55203 -0.572094 -12.16 -2.92 -1.38 -11.17 -5.62 -1.38
5 24 -11.17 -5.62 -1.38 -12.4999 -4.55203 -0.572094 -12.16 -2.92 -1.38 -12.4999 -9.98769 2.125
3 16 -12.4999 -4.55203 -0.572094 -11.17 -5.62 -1.38 -12.4999 -9.98769 2.125
5 24 -11.17 -5.62 -1.38 -12.4999 -9.98769 2.125 -12.4999 -4.55203 -0.572094 -9.58745 -8.02074 -1.375
3 16 -12.4999 -9.98769 2.125 -11.17 -5.62 -1.38 -9.58745 -8.02074 -1.375
3 16 -12.4999 -2.253 -1.17372 -12.4999 -0.0596319 -1.375 -12.16 -2.92 -1.38
3 16 -7.50015 -9.99997 -1.375 -9.84074 -9.99997 0.154883 -9.58745 -8.02074 -1.375
5 24 -9.84074 -9.99997 0.154883 -9.58745 -8.02074 -1.375 -7.50015 -9.99997 -1.375 -12.4901 -9.99997 2.125
3 16 -9.58745 -8.02074 -1.375 -9.84074 -9.99997 0.154883 -12.4901 -9.99997 2.125
3 16 -12.4999 0.0596319 -1.375 -12.4999 2.253 -1.17372 -12.16 2.92 -1.38
5 24 -12.4999 2.253 -1.17372 -12.16 2.92 -1.38 -12.4999 0.0596319 -1.375 -12.4999 4.55203 -0.572094
3 16 -12.16 2.92 -1.38 -12.4999 2.253 -1.17372 -12.4999 4.55203 -0.572094
5 24 -12.4999 4.55203 -0.572094 -12.16 2.92 -1.38 -12.4999 2.253 -1.17372 -11.17 5.62 -1.38
3 16 -12.16 2.92 -1.38 -12.4999 4.55203 -0.572094 -11.17 5.62 -1.38
5 24 -12.4999 4.55203 -0.572094 -11.17 5.62 -1.38 -12.16 2.92 -1.38 -12.4999 9.98769 2.125
3 16 -11.17 5.62 -1.38 -12.4999 4.55203 -0.572094 -12.4999 9.98769 2.125
5 24 -12.4999 9.98769 2.125 -11.17 5.62 -1.38 -12.4999 4.55203 -0.572094 -9.58742 8.02078 -1.375
3 16 -11.17 5.62 -1.38 -12.4999 9.98769 2.125 -9.58742 8.02078 -1.375
3 16 -9.58742 8.02078 -1.375 -12.4901 10 2.125 -9.84069 10 0.154881
5 24 -9.84069 10 0.154881 -9.58742 8.02078 -1.375 -12.4901 10 2.125 -7.5001 10 -1.375
3 16 -9.58742 8.02078 -1.375 -9.84069 10 0.154881 -7.5001 10 -1.375
2 24 -12.4901 10 2.125 -12.4901 10 2.125
2 24 -12.4901 -9.99997 2.125 -12.4901 -9.99997 2.125
5 24 -12.4901 -9.99997 2.125 -9.58745 -8.02074 -1.375 -9.84074 -9.99997 0.154883 -12.4901 -9.99997 2.125
2 24 12.4901 10 2.125 12.4901 10 2.125
5 24 12.4901 10 2.125 9.6 8.01 -1.38 9.84069 10 0.154881 12.4901 10 2.125
2 24 12.49 -10 2.12 12.49 -10 2.12
2 24 -12.4901 10 2.125 -12.5 10 2.12
2 24 -1.37 -6.23 -9.12 -1.37 -6.23 -9.12
2 24 -2.95 -5.65 -9.12 -2.95 -5.65 -9.12
2 24 -4.32 -4.69 -9.12 -4.32 -4.69 -9.12
2 24 -5.39 -3.4 -9.12 -5.39 -3.4 -9.12
2 24 -6.09 -1.88 -9.12 -6.09 -1.88 -9.12
2 24 -6.37 -0.23 -9.12 -6.37 -0.23 -9.12
2 24 -6.29 1.05 -9.12 -6.29 1.05 -9.12
2 24 -5.75 2.75 -9.12 -5.75 2.75 -9.12
2 24 -5.75 2.75 -9.12 -5.75 2.75 -9.12
2 24 -5.62 3.01 -9.12 -5.62 3.01 -9.12
2 24 1.37396 -6.22518 -9.125 1.37396 -6.22518 -9.125
2 24 1.37396 -6.22518 -9.125 2.48021 -5.87275 -8.77257
5 24 -5.39 -3.4 -9.12 0 0 0 -5.87167 -2.48277 -12.125 -5.01768 -3.93237 -12.125
5 24 -5.87167 -2.48277 -12.125 -5.87167 -2.48277 -12.125 0 0 0 -5.39 -3.4 -9.12
0
