0 Bitbeam Beam hs 1 x  5
0 Name: bb-b-5x1-hs.dat
0 Author: Tomas Feltl (e-Mole.cz)
0 !LDRAW_ORG Unofficial_Part
0 !LICENSE Redistributable under CCAL version 2.0 : see CAreadme.txt

0 BFC CERTIFY CCW

0 // Created with stl2dat conversion tool
0 BFC INVERTNEXT
1 16 50 0 -10 -6.25 0 0 0 0 6.25 0 20 0 4-4cyli.dat
1 16 50 0 -10 -6.25 0 0 0 0 6.25 0 1 0 4-4edge.dat
1 16 50 0 10 -6.25 0 0 0 0 6.25 0 1 0 4-4edge.dat
0 BFC INVERTNEXT
1 16 30 0 -10 -6.25 0 0 0 0 6.25 0 20 0 4-4cyli.dat
1 16 30 0 -10 -6.25 0 0 0 0 6.25 0 1 0 4-4edge.dat
1 16 30 0 10 -6.25 0 0 0 0 6.25 0 1 0 4-4edge.dat

3 16 84.42 -4.42 -10 85.77 -2.39 -10 90 -10 -10
2 24 84.42 -4.42 -10 85.77 -2.39 -10
3 16 90 -10 -10 85.77 -2.39 -10 86.25 0 -10
2 24 85.77 -2.39 -10 86.25 0 -10
4 16 90 -10 -10 86.25 0 -10 85.77 2.39 -10 90 10 -10
2 24 86.25 0 -10 85.77 2.39 -10
2 24 90 -10 -10 90 10 -10
3 16 90 10 -10 85.77 2.39 -10 84.42 4.42 -10
2 24 85.77 2.39 -10 84.42 4.42 -10
3 16 27.61 -5.77 -10 30 -6.25 -10 -10 -10 -10
3 16 -10 -10 -10 30 -6.25 -10 50 -6.25 -10
3 16 -10 -10 -10 50 -6.25 -10 90 -10 -10
2 24 -10 -10 -10 90 -10 -10
3 16 90 -10 -10 50 -6.25 -10 52.39 -5.77 -10
4 16 90 -10 -10 52.39 -5.77 -10 77.61 -5.77 -10 80 -6.25 -10
2 24 77.61 -5.77 -10 80 -6.25 -10
4 16 77.61 -5.77 -10 52.39 -5.77 -10 54.42 -4.42 -10 75.58 -4.42 -10
2 24 75.58 -4.42 -10 77.61 -5.77 -10
3 16 -4.42 4.42 -10 -5.77 2.39 -10 -10 10 -10
2 24 -4.42 4.42 -10 -5.77 2.39 -10
3 16 -10 10 -10 -5.77 2.39 -10 -6.25 0 -10
2 24 -5.77 2.39 -10 -6.25 0 -10
4 16 -10 10 -10 -6.25 0 -10 -5.77 -2.39 -10 -10 -10 -10
2 24 -6.25 0 -10 -5.77 -2.39 -10
2 24 -10 10 -10 -10 -10 -10
3 16 -10 -10 -10 -5.77 -2.39 -10 -4.42 -4.42 -10
2 24 -5.77 -2.39 -10 -4.42 -4.42 -10
3 16 52.39 5.77 -10 50 6.25 -10 90 10 -10
3 16 90 10 -10 50 6.25 -10 30 6.25 -10
3 16 90 10 -10 30 6.25 -10 -10 10 -10
2 24 90 10 -10 -10 10 -10
3 16 -10 10 -10 30 6.25 -10 27.61 5.77 -10
4 16 -10 10 -10 27.61 5.77 -10 2.39 5.77 -10 0 6.25 -10
2 24 2.39 5.77 -10 0 6.25 -10
3 16 2.39 5.77 -10 27.61 5.77 -10 4.42 4.42 -10
2 24 4.42 4.42 -10 2.39 5.77 -10
3 16 -4.42 -4.42 -10 -2.39 -5.77 -10 -10 -10 -10
2 24 -4.42 -4.42 -10 -2.39 -5.77 -10
3 16 -10 -10 -10 -2.39 -5.77 -10 0 -6.25 -10
2 24 -2.39 -5.77 -10 0 -6.25 -10
3 16 -10 -10 -10 0 -6.25 -10 2.39 -5.77 -10
2 24 0 -6.25 -10 2.39 -5.77 -10
4 16 4.42 4.42 -10 27.61 5.77 -10 25.58 4.42 -10 5.77 2.39 -10
2 24 5.77 2.39 -10 4.42 4.42 -10
4 16 5.77 2.39 -10 25.58 4.42 -10 24.23 2.39 -10 6.25 0 -10
2 24 6.25 0 -10 5.77 2.39 -10
4 16 6.25 0 -10 24.23 2.39 -10 23.75 0 -10 5.77 -2.39 -10
2 24 5.77 -2.39 -10 6.25 0 -10
4 16 5.77 -2.39 -10 23.75 0 -10 24.23 -2.39 -10 4.42 -4.42 -10
2 24 4.42 -4.42 -10 5.77 -2.39 -10
4 16 4.42 -4.42 -10 24.23 -2.39 -10 25.58 -4.42 -10 2.39 -5.77 -10
2 24 2.39 -5.77 -10 4.42 -4.42 -10
4 16 2.39 -5.77 -10 25.58 -4.42 -10 27.61 -5.77 -10 -10 -10 -10
3 16 -10 10 -10 0 6.25 -10 -2.39 5.77 -10
2 24 0 6.25 -10 -2.39 5.77 -10
3 16 -10 10 -10 -2.39 5.77 -10 -4.42 4.42 -10
2 24 -2.39 5.77 -10 -4.42 4.42 -10
4 16 50 -6.25 -10 30 -6.25 -10 32.39 -5.77 -10 47.61 -5.77 -10
4 16 47.61 -5.77 -10 32.39 -5.77 -10 34.42 -4.42 -10 45.58 -4.42 -10
4 16 45.58 -4.42 -10 34.42 -4.42 -10 35.77 -2.39 -10 44.23 -2.39 -10
4 16 44.23 -2.39 -10 35.77 -2.39 -10 36.25 0 -10 43.75 0 -10
4 16 43.75 0 -10 36.25 0 -10 35.77 2.39 -10 44.23 2.39 -10
4 16 44.23 2.39 -10 35.77 2.39 -10 34.42 4.42 -10 45.58 4.42 -10
4 16 45.58 4.42 -10 34.42 4.42 -10 32.39 5.77 -10 47.61 5.77 -10
4 16 47.61 5.77 -10 32.39 5.77 -10 30 6.25 -10 50 6.25 -10
4 16 75.58 -4.42 -10 54.42 -4.42 -10 55.77 -2.39 -10 74.23 -2.39 -10
2 24 74.23 -2.39 -10 75.58 -4.42 -10
4 16 74.23 -2.39 -10 55.77 -2.39 -10 56.25 0 -10 73.75 0 -10
2 24 73.75 0 -10 74.23 -2.39 -10
4 16 73.75 0 -10 56.25 0 -10 55.77 2.39 -10 74.23 2.39 -10
2 24 74.23 2.39 -10 73.75 0 -10
4 16 74.23 2.39 -10 55.77 2.39 -10 54.42 4.42 -10 75.58 4.42 -10
2 24 75.58 4.42 -10 74.23 2.39 -10
4 16 75.58 4.42 -10 54.42 4.42 -10 52.39 5.77 -10 77.61 5.77 -10
2 24 77.61 5.77 -10 75.58 4.42 -10
4 16 77.61 5.77 -10 52.39 5.77 -10 90 10 -10 80 6.25 -10
2 24 80 6.25 -10 77.61 5.77 -10
3 16 80 6.25 -10 90 10 -10 82.39 5.77 -10
2 24 82.39 5.77 -10 80 6.25 -10
3 16 84.42 4.42 -10 82.39 5.77 -10 90 10 -10
2 24 84.42 4.42 -10 82.39 5.77 -10
3 16 90 -10 -10 80 -6.25 -10 82.39 -5.77 -10
2 24 80 -6.25 -10 82.39 -5.77 -10
3 16 90 -10 -10 82.39 -5.77 -10 84.42 -4.42 -10
2 24 82.39 -5.77 -10 84.42 -4.42 -10

3 16 85.77 10 2.39 90 10 10 86.25 10 0
2 24 86.25 10 0 85.77 10 2.39
4 16 86.25 10 0 90 10 10 90 10 -10 85.77 10 -2.39
2 24 90 10 -10 90 10 10
2 24 85.77 10 -2.39 86.25 10 0
3 16 85.77 10 -2.39 90 10 -10 84.42 10 -4.42
2 24 84.42 10 -4.42 85.77 10 -2.39
3 16 85.77 10 2.39 84.42 10 4.42 90 10 10
2 24 85.77 10 2.39 84.42 10 4.42
3 16 90 10 10 84.42 10 4.42 82.39 10 5.77
2 24 84.42 10 4.42 82.39 10 5.77
3 16 90 10 10 82.39 10 5.77 80 10 6.25
2 24 82.39 10 5.77 80 10 6.25
4 16 80 10 6.25 77.61 10 5.77 2.39 10 5.77 90 10 10
2 24 80 10 6.25 77.61 10 5.77
4 16 90 10 10 2.39 10 5.77 0 10 6.25 -10 10 10
2 24 2.39 10 5.77 0 10 6.25
2 24 90 10 10 -10 10 10
3 16 -10 10 10 0 10 6.25 -2.39 10 5.77
2 24 0 10 6.25 -2.39 10 5.77
4 16 2.39 10 5.77 77.61 10 5.77 75.58 10 4.42 4.42 10 4.42
2 24 77.61 10 5.77 75.58 10 4.42
2 24 4.42 10 4.42 2.39 10 5.77
4 16 4.42 10 4.42 75.58 10 4.42 74.23 10 2.39 5.77 10 2.39
2 24 75.58 10 4.42 74.23 10 2.39
2 24 5.77 10 2.39 4.42 10 4.42
4 16 5.77 10 2.39 74.23 10 2.39 73.75 10 0 6.25 10 0
2 24 74.23 10 2.39 73.75 10 0
2 24 6.25 10 0 5.77 10 2.39
4 16 6.25 10 0 73.75 10 0 74.23 10 -2.39 5.77 10 -2.39
2 24 73.75 10 0 74.23 10 -2.39
2 24 5.77 10 -2.39 6.25 10 0
4 16 5.77 10 -2.39 74.23 10 -2.39 75.58 10 -4.42 4.42 10 -4.42
2 24 74.23 10 -2.39 75.58 10 -4.42
2 24 4.42 10 -4.42 5.77 10 -2.39
4 16 4.42 10 -4.42 75.58 10 -4.42 77.61 10 -5.77 2.39 10 -5.77
2 24 75.58 10 -4.42 77.61 10 -5.77
2 24 2.39 10 -5.77 4.42 10 -4.42
4 16 2.39 10 -5.77 77.61 10 -5.77 -10 10 -10 0 10 -6.25
2 24 0 10 -6.25 2.39 10 -5.77
4 16 -10 10 -10 77.61 10 -5.77 80 10 -6.25 90 10 -10
2 24 77.61 10 -5.77 80 10 -6.25
3 16 90 10 -10 80 10 -6.25 82.39 10 -5.77
2 24 80 10 -6.25 82.39 10 -5.77
3 16 90 10 -10 82.39 10 -5.77 84.42 10 -4.42
2 24 82.39 10 -5.77 84.42 10 -4.42
3 16 -4.42 10 4.42 -5.77 10 2.39 -10 10 10
2 24 -4.42 10 4.42 -5.77 10 2.39
3 16 -10 10 10 -5.77 10 2.39 -6.25 10 0
2 24 -5.77 10 2.39 -6.25 10 0
4 16 -10 10 10 -6.25 10 0 -5.77 10 -2.39 -10 10 -10
2 24 -6.25 10 0 -5.77 10 -2.39
2 24 -10 10 -10 -10 10 10
3 16 -10 10 -10 -5.77 10 -2.39 -4.42 10 -4.42
2 24 -5.77 10 -2.39 -4.42 10 -4.42
3 16 -2.39 10 5.77 -4.42 10 4.42 -10 10 10
2 24 -2.39 10 5.77 -4.42 10 4.42
3 16 -4.42 10 -4.42 -2.39 10 -5.77 -10 10 -10
2 24 -4.42 10 -4.42 -2.39 10 -5.77
3 16 -10 10 -10 -2.39 10 -5.77 0 10 -6.25
2 24 -2.39 10 -5.77 0 10 -6.25

3 16 84.42 4.42 10 85.77 2.39 10 90 10 10
2 24 84.42 4.42 10 85.77 2.39 10
3 16 90 10 10 85.77 2.39 10 86.25 0 10
2 24 85.77 2.39 10 86.25 0 10
4 16 90 10 10 86.25 0 10 85.77 -2.39 10 90 -10 10
2 24 86.25 0 10 85.77 -2.39 10
2 24 90 10 10 90 -10 10
3 16 90 -10 10 85.77 -2.39 10 84.42 -4.42 10
2 24 85.77 -2.39 10 84.42 -4.42 10
3 16 27.61 5.77 10 30 6.25 10 -10 10 10
3 16 -10 10 10 30 6.25 10 50 6.25 10
3 16 -10 10 10 50 6.25 10 90 10 10
3 16 90 10 10 50 6.25 10 52.39 5.77 10
4 16 90 10 10 52.39 5.77 10 77.61 5.77 10 80 6.25 10
2 24 77.61 5.77 10 80 6.25 10
3 16 77.61 5.77 10 52.39 5.77 10 75.58 4.42 10
2 24 75.58 4.42 10 77.61 5.77 10
3 16 -4.42 -4.42 10 -5.77 -2.39 10 -10 -10 10
2 24 -4.42 -4.42 10 -5.77 -2.39 10
3 16 -10 -10 10 -5.77 -2.39 10 -6.25 0 10
2 24 -5.77 -2.39 10 -6.25 0 10
4 16 -10 -10 10 -6.25 0 10 -5.77 2.39 10 -10 10 10
2 24 -6.25 0 10 -5.77 2.39 10
2 24 -10 10 10 -10 -10 10
3 16 -10 10 10 -5.77 2.39 10 -4.42 4.42 10
2 24 -5.77 2.39 10 -4.42 4.42 10
3 16 52.39 -5.77 10 50 -6.25 10 90 -10 10
3 16 90 -10 10 50 -6.25 10 30 -6.25 10
3 16 90 -10 10 30 -6.25 10 -10 -10 10
2 24 90 -10 10 -10 -10 10
3 16 -10 -10 10 30 -6.25 10 27.61 -5.77 10
4 16 -10 -10 10 27.61 -5.77 10 2.39 -5.77 10 0 -6.25 10
2 24 2.39 -5.77 10 0 -6.25 10
3 16 2.39 -5.77 10 27.61 -5.77 10 4.42 -4.42 10
2 24 4.42 -4.42 10 2.39 -5.77 10
4 16 75.58 4.42 10 52.39 5.77 10 54.42 4.42 10 74.23 2.39 10
2 24 74.23 2.39 10 75.58 4.42 10
3 16 74.23 2.39 10 54.42 4.42 10 55.77 2.39 10
4 16 74.23 2.39 10 55.77 2.39 10 56.25 0 10 73.75 0 10
2 24 73.75 0 10 74.23 2.39 10
4 16 73.75 0 10 56.25 0 10 55.77 -2.39 10 74.23 -2.39 10
2 24 74.23 -2.39 10 73.75 0 10
4 16 74.23 -2.39 10 55.77 -2.39 10 54.42 -4.42 10 75.58 -4.42 10
2 24 75.58 -4.42 10 74.23 -2.39 10
4 16 75.58 -4.42 10 54.42 -4.42 10 52.39 -5.77 10 77.61 -5.77 10
2 24 77.61 -5.77 10 75.58 -4.42 10
4 16 77.61 -5.77 10 52.39 -5.77 10 90 -10 10 80 -6.25 10
2 24 80 -6.25 10 77.61 -5.77 10
3 16 90 10 10 80 6.25 10 82.39 5.77 10
2 24 80 6.25 10 82.39 5.77 10
3 16 90 10 10 82.39 5.77 10 84.42 4.42 10
2 24 82.39 5.77 10 84.42 4.42 10
3 16 84.42 -4.42 10 82.39 -5.77 10 90 -10 10
2 24 84.42 -4.42 10 82.39 -5.77 10
3 16 90 -10 10 82.39 -5.77 10 80 -6.25 10
2 24 82.39 -5.77 10 80 -6.25 10
4 16 50 6.25 10 30 6.25 10 32.39 5.77 10 47.61 5.77 10
4 16 47.61 5.77 10 32.39 5.77 10 34.42 4.42 10 45.58 4.42 10
4 16 45.58 4.42 10 34.42 4.42 10 35.77 2.39 10 44.23 2.39 10
4 16 44.23 2.39 10 35.77 2.39 10 36.25 0 10 43.75 0 10
4 16 43.75 0 10 36.25 0 10 35.77 -2.39 10 44.23 -2.39 10
4 16 44.23 -2.39 10 35.77 -2.39 10 34.42 -4.42 10 45.58 -4.42 10
4 16 45.58 -4.42 10 34.42 -4.42 10 32.39 -5.77 10 47.61 -5.77 10
4 16 47.61 -5.77 10 32.39 -5.77 10 30 -6.25 10 50 -6.25 10
3 16 27.61 5.77 10 2.39 5.77 10 25.58 4.42 10
4 16 25.58 4.42 10 2.39 5.77 10 4.42 4.42 10 24.23 2.39 10
2 24 2.39 5.77 10 4.42 4.42 10
4 16 24.23 2.39 10 4.42 4.42 10 5.77 2.39 10 23.75 0 10
2 24 4.42 4.42 10 5.77 2.39 10
4 16 23.75 0 10 5.77 2.39 10 6.25 0 10 24.23 -2.39 10
2 24 5.77 2.39 10 6.25 0 10
4 16 24.23 -2.39 10 6.25 0 10 5.77 -2.39 10 25.58 -4.42 10
2 24 6.25 0 10 5.77 -2.39 10
4 16 25.58 -4.42 10 5.77 -2.39 10 4.42 -4.42 10 27.61 -5.77 10
2 24 5.77 -2.39 10 4.42 -4.42 10
3 16 -10 -10 10 0 -6.25 10 -2.39 -5.77 10
2 24 0 -6.25 10 -2.39 -5.77 10
3 16 -10 -10 10 -2.39 -5.77 10 -4.42 -4.42 10
2 24 -2.39 -5.77 10 -4.42 -4.42 10
3 16 -4.42 4.42 10 -2.39 5.77 10 -10 10 10
2 24 -4.42 4.42 10 -2.39 5.77 10
3 16 -10 10 10 -2.39 5.77 10 0 6.25 10
2 24 -2.39 5.77 10 0 6.25 10
4 16 -10 10 10 0 6.25 10 2.39 5.77 10 27.61 5.77 10
2 24 0 6.25 10 2.39 5.77 10

3 16 -5.77 -10 2.39 -10 -10 10 -6.25 -10 0
2 24 -6.25 -10 0 -5.77 -10 2.39
4 16 -6.25 -10 0 -10 -10 10 -10 -10 -10 -5.77 -10 -2.39
2 24 -10 -10 10 -10 -10 -10
2 24 -5.77 -10 -2.39 -6.25 -10 0
3 16 -5.77 -10 -2.39 -10 -10 -10 -4.42 -10 -4.42
2 24 -4.42 -10 -4.42 -5.77 -10 -2.39
3 16 -5.77 -10 2.39 -4.42 -10 4.42 -10 -10 10
2 24 -5.77 -10 2.39 -4.42 -10 4.42
3 16 -10 -10 10 -4.42 -10 4.42 -2.39 -10 5.77
2 24 -4.42 -10 4.42 -2.39 -10 5.77
3 16 -10 -10 10 -2.39 -10 5.77 0 -10 6.25
2 24 -2.39 -10 5.77 0 -10 6.25
4 16 0 -10 6.25 2.39 -10 5.77 77.61 -10 5.77 -10 -10 10
2 24 0 -10 6.25 2.39 -10 5.77
4 16 -10 -10 10 77.61 -10 5.77 80 -10 6.25 90 -10 10
2 24 77.61 -10 5.77 80 -10 6.25
3 16 90 -10 10 80 -10 6.25 82.39 -10 5.77
2 24 80 -10 6.25 82.39 -10 5.77
4 16 77.61 -10 5.77 2.39 -10 5.77 4.42 -10 4.42 75.58 -10 4.42
2 24 2.39 -10 5.77 4.42 -10 4.42
2 24 75.58 -10 4.42 77.61 -10 5.77
4 16 75.58 -10 4.42 4.42 -10 4.42 5.77 -10 2.39 74.23 -10 2.39
2 24 4.42 -10 4.42 5.77 -10 2.39
2 24 74.23 -10 2.39 75.58 -10 4.42
4 16 74.23 -10 2.39 5.77 -10 2.39 6.25 -10 0 73.75 -10 0
2 24 5.77 -10 2.39 6.25 -10 0
2 24 73.75 -10 0 74.23 -10 2.39
4 16 73.75 -10 0 6.25 -10 0 5.77 -10 -2.39 74.23 -10 -2.39
2 24 6.25 -10 0 5.77 -10 -2.39
2 24 74.23 -10 -2.39 73.75 -10 0
4 16 74.23 -10 -2.39 5.77 -10 -2.39 4.42 -10 -4.42 75.58 -10 -4.42
2 24 5.77 -10 -2.39 4.42 -10 -4.42
2 24 75.58 -10 -4.42 74.23 -10 -2.39
4 16 75.58 -10 -4.42 4.42 -10 -4.42 2.39 -10 -5.77 77.61 -10 -5.77
2 24 4.42 -10 -4.42 2.39 -10 -5.77
2 24 77.61 -10 -5.77 75.58 -10 -4.42
4 16 77.61 -10 -5.77 2.39 -10 -5.77 90 -10 -10 80 -10 -6.25
2 24 80 -10 -6.25 77.61 -10 -5.77
4 16 90 -10 -10 2.39 -10 -5.77 0 -10 -6.25 -10 -10 -10
2 24 2.39 -10 -5.77 0 -10 -6.25
3 16 -10 -10 -10 0 -10 -6.25 -2.39 -10 -5.77
2 24 0 -10 -6.25 -2.39 -10 -5.77
3 16 -10 -10 -10 -2.39 -10 -5.77 -4.42 -10 -4.42
2 24 -2.39 -10 -5.77 -4.42 -10 -4.42
3 16 85.77 -10 -2.39 90 -10 -10 86.25 -10 0
2 24 86.25 -10 0 85.77 -10 -2.39
4 16 86.25 -10 0 90 -10 -10 90 -10 10 85.77 -10 2.39
2 24 90 -10 -10 90 -10 10
2 24 85.77 -10 2.39 86.25 -10 0
3 16 85.77 -10 2.39 90 -10 10 84.42 -10 4.42
2 24 84.42 -10 4.42 85.77 -10 2.39
3 16 85.77 -10 -2.39 84.42 -10 -4.42 90 -10 -10
2 24 85.77 -10 -2.39 84.42 -10 -4.42
3 16 90 -10 -10 84.42 -10 -4.42 82.39 -10 -5.77
2 24 84.42 -10 -4.42 82.39 -10 -5.77
3 16 90 -10 -10 82.39 -10 -5.77 80 -10 -6.25
2 24 82.39 -10 -5.77 80 -10 -6.25
3 16 82.39 -10 5.77 84.42 -10 4.42 90 -10 10
2 24 82.39 -10 5.77 84.42 -10 4.42

4 16 90 -10 10 90 -10 -10 90 10 -10 90 10 10
4 16 -10 -10 10 -10 10 10 -10 10 -10 -10 -10 -10
4 16 74.23 2.39 2.39 73.75 0 0 73.75 10 0 74.23 10 2.39
5 24 74.23 2.39 2.39 73.75 0 0 73.75 10 0 74.23 2.39 10
2 24 73.75 0 0 73.75 10 0
5 24 74.23 2.39 2.39 74.23 10 2.39 75.58 10 4.42 73.75 0 0
4 16 73.75 10 0 73.75 0 0 74.23 2.39 -2.39 74.23 10 -2.39
5 24 73.75 0 0 74.23 2.39 -2.39 74.23 10 -2.39 73.75 0 -10
5 24 74.23 2.39 -2.39 74.23 10 -2.39 73.75 10 0 75.58 4.42 -4.42
4 16 74.23 10 -2.39 74.23 2.39 -2.39 75.58 4.42 -4.42 75.58 10 -4.42
2 24 74.23 2.39 -2.39 75.58 4.42 -4.42
5 24 75.58 4.42 -4.42 75.58 10 -4.42 74.23 10 -2.39 76.53 5.2 -5.2
3 16 75.58 10 -4.42 75.58 4.42 -4.42 76.53 5.2 -5.2
2 24 75.58 4.42 -4.42 76.53 5.2 -5.2
5 24 76.53 5.2 -5.2 75.58 10 -4.42 75.58 4.42 -4.42 77.61 10 -5.77
3 16 75.58 10 -4.42 76.53 5.2 -5.2 77.61 10 -5.77
5 24 76.53 5.2 -5.2 77.61 10 -5.77 75.58 10 -4.42 77.61 5.77 -5.77
3 16 77.61 10 -5.77 76.53 5.2 -5.2 77.61 5.77 -5.77
2 24 76.53 5.2 -5.2 77.61 5.77 -5.77
5 24 77.61 5.77 -5.77 77.61 10 -5.77 76.53 5.2 -5.2 78.78 6.13 -6.13
3 16 77.61 10 -5.77 77.61 5.77 -5.77 78.78 6.13 -6.13
2 24 77.61 5.77 -5.77 78.78 6.13 -6.13
5 24 78.78 6.13 -6.13 77.61 10 -5.77 77.61 5.77 -5.77 80 10 -6.25
3 16 77.61 10 -5.77 78.78 6.13 -6.13 80 10 -6.25
5 24 78.78 6.13 -6.13 80 10 -6.25 77.61 10 -5.77 80 6.25 -6.25
3 16 80 10 -6.25 78.78 6.13 -6.13 80 6.25 -6.25
2 24 78.78 6.13 -6.13 80 6.25 -6.25
5 24 80 6.25 -6.25 80 10 -6.25 78.78 6.13 -6.13 81.22 6.13 -6.13
3 16 80 10 -6.25 80 6.25 -6.25 81.22 6.13 -6.13
2 24 80 6.25 -6.25 81.22 6.13 -6.13
5 24 81.22 6.13 -6.13 80 10 -6.25 80 6.25 -6.25 82.39 10 -5.77
3 16 80 10 -6.25 81.22 6.13 -6.13 82.39 10 -5.77
5 24 81.22 6.13 -6.13 82.39 10 -5.77 80 10 -6.25 82.39 5.77 -5.77
3 16 82.39 10 -5.77 81.22 6.13 -6.13 82.39 5.77 -5.77
2 24 81.22 6.13 -6.13 82.39 5.77 -5.77
5 24 82.39 5.77 -5.77 82.39 10 -5.77 81.22 6.13 -6.13 83.47 5.2 -5.2
3 16 82.39 10 -5.77 82.39 5.77 -5.77 83.47 5.2 -5.2
2 24 82.39 5.77 -5.77 83.47 5.2 -5.2
5 24 83.47 5.2 -5.2 82.39 10 -5.77 82.39 5.77 -5.77 84.42 10 -4.42
3 16 82.39 10 -5.77 83.47 5.2 -5.2 84.42 10 -4.42
5 24 83.47 5.2 -5.2 84.42 10 -4.42 82.39 10 -5.77 84.42 4.42 -4.42
3 16 84.42 10 -4.42 83.47 5.2 -5.2 84.42 4.42 -4.42
2 24 83.47 5.2 -5.2 84.42 4.42 -4.42
5 24 84.42 4.42 -4.42 84.42 10 -4.42 83.47 5.2 -5.2 85.77 2.39 -2.39
4 16 84.42 10 -4.42 84.42 4.42 -4.42 85.77 2.39 -2.39 85.77 10 -2.39
2 24 84.42 4.42 -4.42 85.77 2.39 -2.39
5 24 85.77 2.39 -2.39 85.77 10 -2.39 84.42 10 -4.42 86.25 0 0
4 16 85.77 10 -2.39 85.77 2.39 -2.39 86.25 0 0 86.25 10 0
5 24 85.77 2.39 -2.39 86.25 0 0 86.25 10 0 85.77 2.39 -10
2 24 86.25 0 0 86.25 10 0
4 16 86.25 10 0 86.25 0 0 85.77 2.39 2.39 85.77 10 2.39
5 24 86.25 0 0 85.77 2.39 2.39 85.77 10 2.39 86.25 0 10
5 24 85.77 2.39 2.39 85.77 10 2.39 86.25 10 0 84.42 4.42 4.42
4 16 85.77 10 2.39 85.77 2.39 2.39 84.42 4.42 4.42 84.42 10 4.42
2 24 85.77 2.39 2.39 84.42 4.42 4.42
5 24 84.42 4.42 4.42 84.42 10 4.42 85.77 10 2.39 83.47 5.2 5.2
3 16 84.42 10 4.42 84.42 4.42 4.42 83.47 5.2 5.2
2 24 84.42 4.42 4.42 83.47 5.2 5.2
5 24 83.47 5.2 5.2 84.42 10 4.42 84.42 4.42 4.42 82.39 10 5.77
3 16 84.42 10 4.42 83.47 5.2 5.2 82.39 10 5.77
5 24 83.47 5.2 5.2 82.39 10 5.77 84.42 10 4.42 82.39 5.77 5.77
3 16 82.39 10 5.77 83.47 5.2 5.2 82.39 5.77 5.77
2 24 83.47 5.2 5.2 82.39 5.77 5.77
5 24 82.39 5.77 5.77 82.39 10 5.77 83.47 5.2 5.2 81.22 6.13 6.13
3 16 82.39 10 5.77 82.39 5.77 5.77 81.22 6.13 6.13
2 24 82.39 5.77 5.77 81.22 6.13 6.13
5 24 81.22 6.13 6.13 82.39 10 5.77 82.39 5.77 5.77 80 10 6.25
3 16 82.39 10 5.77 81.22 6.13 6.13 80 10 6.25
5 24 81.22 6.13 6.13 80 10 6.25 82.39 10 5.77 80 6.25 6.25
3 16 80 10 6.25 81.22 6.13 6.13 80 6.25 6.25
2 24 81.22 6.13 6.13 80 6.25 6.25
5 24 80 6.25 6.25 80 10 6.25 81.22 6.13 6.13 78.78 6.13 6.13
3 16 80 10 6.25 80 6.25 6.25 78.78 6.13 6.13
2 24 80 6.25 6.25 78.78 6.13 6.13
5 24 78.78 6.13 6.13 80 10 6.25 80 6.25 6.25 77.61 10 5.77
3 16 80 10 6.25 78.78 6.13 6.13 77.61 10 5.77
5 24 78.78 6.13 6.13 77.61 10 5.77 80 10 6.25 77.61 5.77 5.77
3 16 77.61 10 5.77 78.78 6.13 6.13 77.61 5.77 5.77
2 24 78.78 6.13 6.13 77.61 5.77 5.77
5 24 77.61 5.77 5.77 77.61 10 5.77 78.78 6.13 6.13 76.53 5.2 5.2
3 16 77.61 10 5.77 77.61 5.77 5.77 76.53 5.2 5.2
2 24 77.61 5.77 5.77 76.53 5.2 5.2
5 24 76.53 5.2 5.2 77.61 10 5.77 77.61 5.77 5.77 75.58 10 4.42
3 16 77.61 10 5.77 76.53 5.2 5.2 75.58 10 4.42
5 24 76.53 5.2 5.2 75.58 10 4.42 77.61 10 5.77 75.58 4.42 4.42
3 16 75.58 10 4.42 76.53 5.2 5.2 75.58 4.42 4.42
2 24 76.53 5.2 5.2 75.58 4.42 4.42
5 24 75.58 4.42 4.42 75.58 10 4.42 76.53 5.2 5.2 74.23 2.39 2.39
4 16 75.58 10 4.42 75.58 4.42 4.42 74.23 2.39 2.39 74.23 10 2.39
2 24 75.58 4.42 4.42 74.23 2.39 2.39
4 16 -5.77 -2.39 -2.39 -6.25 0 0 -6.25 -10 0 -5.77 -10 -2.39
5 24 -5.77 -2.39 -2.39 -6.25 0 0 -6.25 -10 0 -5.77 -2.39 -10
2 24 -6.25 0 0 -6.25 -10 0
5 24 -5.77 -2.39 -2.39 -5.77 -10 -2.39 -4.42 -10 -4.42 -6.25 0 0
4 16 -6.25 -10 0 -6.25 0 0 -5.77 -2.39 2.39 -5.77 -10 2.39
5 24 -6.25 0 0 -5.77 -2.39 2.39 -5.77 -10 2.39 -6.25 0 10
5 24 -5.77 -2.39 2.39 -5.77 -10 2.39 -6.25 -10 0 -4.42 -4.42 4.42
4 16 -5.77 -10 2.39 -5.77 -2.39 2.39 -4.42 -4.42 4.42 -4.42 -10 4.42
2 24 -5.77 -2.39 2.39 -4.42 -4.42 4.42
5 24 -4.42 -4.42 4.42 -4.42 -10 4.42 -5.77 -10 2.39 -3.47 -5.2 5.2
3 16 -4.42 -10 4.42 -4.42 -4.42 4.42 -3.47 -5.2 5.2
2 24 -4.42 -4.42 4.42 -3.47 -5.2 5.2
5 24 -3.47 -5.2 5.2 -4.42 -10 4.42 -4.42 -4.42 4.42 -2.39 -10 5.77
3 16 -4.42 -10 4.42 -3.47 -5.2 5.2 -2.39 -10 5.77
5 24 -3.47 -5.2 5.2 -2.39 -10 5.77 -4.42 -10 4.42 -2.39 -5.77 5.77
3 16 -2.39 -10 5.77 -3.47 -5.2 5.2 -2.39 -5.77 5.77
2 24 -3.47 -5.2 5.2 -2.39 -5.77 5.77
5 24 -2.39 -5.77 5.77 -2.39 -10 5.77 -3.47 -5.2 5.2 -1.22 -6.13 6.13
3 16 -2.39 -10 5.77 -2.39 -5.77 5.77 -1.22 -6.13 6.13
2 24 -2.39 -5.77 5.77 -1.22 -6.13 6.13
5 24 -1.22 -6.13 6.13 -2.39 -10 5.77 -2.39 -5.77 5.77 0 -10 6.25
3 16 -2.39 -10 5.77 -1.22 -6.13 6.13 0 -10 6.25
5 24 -1.22 -6.13 6.13 0 -10 6.25 -2.39 -10 5.77 0 -6.25 6.25
3 16 0 -10 6.25 -1.22 -6.13 6.13 0 -6.25 6.25
2 24 -1.22 -6.13 6.13 0 -6.25 6.25
5 24 0 -6.25 6.25 0 -10 6.25 -1.22 -6.13 6.13 1.22 -6.13 6.13
3 16 0 -10 6.25 0 -6.25 6.25 1.22 -6.13 6.13
2 24 0 -6.25 6.25 1.22 -6.13 6.13
5 24 1.22 -6.13 6.13 0 -10 6.25 0 -6.25 6.25 2.39 -10 5.77
3 16 0 -10 6.25 1.22 -6.13 6.13 2.39 -10 5.77
5 24 1.22 -6.13 6.13 2.39 -10 5.77 0 -10 6.25 2.39 -5.77 5.77
3 16 2.39 -10 5.77 1.22 -6.13 6.13 2.39 -5.77 5.77
2 24 1.22 -6.13 6.13 2.39 -5.77 5.77
5 24 2.39 -5.77 5.77 2.39 -10 5.77 1.22 -6.13 6.13 3.47 -5.2 5.2
3 16 2.39 -10 5.77 2.39 -5.77 5.77 3.47 -5.2 5.2
2 24 2.39 -5.77 5.77 3.47 -5.2 5.2
5 24 3.47 -5.2 5.2 2.39 -10 5.77 2.39 -5.77 5.77 4.42 -10 4.42
3 16 2.39 -10 5.77 3.47 -5.2 5.2 4.42 -10 4.42
5 24 3.47 -5.2 5.2 4.42 -10 4.42 2.39 -10 5.77 4.42 -4.42 4.42
3 16 4.42 -10 4.42 3.47 -5.2 5.2 4.42 -4.42 4.42
2 24 3.47 -5.2 5.2 4.42 -4.42 4.42
5 24 4.42 -4.42 4.42 4.42 -10 4.42 3.47 -5.2 5.2 5.77 -2.39 2.39
4 16 4.42 -10 4.42 4.42 -4.42 4.42 5.77 -2.39 2.39 5.77 -10 2.39
2 24 4.42 -4.42 4.42 5.77 -2.39 2.39
5 24 5.77 -2.39 2.39 5.77 -10 2.39 4.42 -10 4.42 6.25 0 0
4 16 5.77 -10 2.39 5.77 -2.39 2.39 6.25 0 0 6.25 -10 0
5 24 5.77 -2.39 2.39 6.25 0 0 6.25 -10 0 5.77 -2.39 10
2 24 6.25 0 0 6.25 -10 0
4 16 6.25 -10 0 6.25 0 0 5.77 -2.39 -2.39 5.77 -10 -2.39
5 24 6.25 0 0 5.77 -2.39 -2.39 5.77 -10 -2.39 6.25 0 -10
5 24 5.77 -2.39 -2.39 5.77 -10 -2.39 6.25 -10 0 4.42 -4.42 -4.42
4 16 5.77 -10 -2.39 5.77 -2.39 -2.39 4.42 -4.42 -4.42 4.42 -10 -4.42
2 24 5.77 -2.39 -2.39 4.42 -4.42 -4.42
5 24 4.42 -4.42 -4.42 4.42 -10 -4.42 5.77 -10 -2.39 3.47 -5.2 -5.2
3 16 4.42 -10 -4.42 4.42 -4.42 -4.42 3.47 -5.2 -5.2
2 24 4.42 -4.42 -4.42 3.47 -5.2 -5.2
5 24 3.47 -5.2 -5.2 4.42 -10 -4.42 4.42 -4.42 -4.42 2.39 -10 -5.77
3 16 4.42 -10 -4.42 3.47 -5.2 -5.2 2.39 -10 -5.77
5 24 3.47 -5.2 -5.2 2.39 -10 -5.77 4.42 -10 -4.42 2.39 -5.77 -5.77
3 16 2.39 -10 -5.77 3.47 -5.2 -5.2 2.39 -5.77 -5.77
2 24 3.47 -5.2 -5.2 2.39 -5.77 -5.77
5 24 2.39 -5.77 -5.77 2.39 -10 -5.77 3.47 -5.2 -5.2 1.22 -6.13 -6.13
3 16 2.39 -10 -5.77 2.39 -5.77 -5.77 1.22 -6.13 -6.13
2 24 2.39 -5.77 -5.77 1.22 -6.13 -6.13
5 24 1.22 -6.13 -6.13 2.39 -10 -5.77 2.39 -5.77 -5.77 0 -10 -6.25
3 16 2.39 -10 -5.77 1.22 -6.13 -6.13 0 -10 -6.25
5 24 1.22 -6.13 -6.13 0 -10 -6.25 2.39 -10 -5.77 0 -6.25 -6.25
3 16 0 -10 -6.25 1.22 -6.13 -6.13 0 -6.25 -6.25
2 24 1.22 -6.13 -6.13 0 -6.25 -6.25
5 24 0 -6.25 -6.25 0 -10 -6.25 1.22 -6.13 -6.13 -1.22 -6.13 -6.13
3 16 0 -10 -6.25 0 -6.25 -6.25 -1.22 -6.13 -6.13
2 24 0 -6.25 -6.25 -1.22 -6.13 -6.13
5 24 -1.22 -6.13 -6.13 0 -10 -6.25 0 -6.25 -6.25 -2.39 -10 -5.77
3 16 0 -10 -6.25 -1.22 -6.13 -6.13 -2.39 -10 -5.77
5 24 -1.22 -6.13 -6.13 -2.39 -10 -5.77 0 -10 -6.25 -2.39 -5.77 -5.77
3 16 -2.39 -10 -5.77 -1.22 -6.13 -6.13 -2.39 -5.77 -5.77
2 24 -1.22 -6.13 -6.13 -2.39 -5.77 -5.77
5 24 -2.39 -5.77 -5.77 -2.39 -10 -5.77 -1.22 -6.13 -6.13 -3.47 -5.2 -5.2
3 16 -2.39 -10 -5.77 -2.39 -5.77 -5.77 -3.47 -5.2 -5.2
2 24 -2.39 -5.77 -5.77 -3.47 -5.2 -5.2
5 24 -3.47 -5.2 -5.2 -2.39 -10 -5.77 -2.39 -5.77 -5.77 -4.42 -10 -4.42
3 16 -2.39 -10 -5.77 -3.47 -5.2 -5.2 -4.42 -10 -4.42
5 24 -3.47 -5.2 -5.2 -4.42 -10 -4.42 -2.39 -10 -5.77 -4.42 -4.42 -4.42
3 16 -4.42 -10 -4.42 -3.47 -5.2 -5.2 -4.42 -4.42 -4.42
2 24 -3.47 -5.2 -5.2 -4.42 -4.42 -4.42
5 24 -4.42 -4.42 -4.42 -4.42 -10 -4.42 -3.47 -5.2 -5.2 -5.77 -2.39 -2.39
4 16 -4.42 -10 -4.42 -4.42 -4.42 -4.42 -5.77 -2.39 -2.39 -5.77 -10 -2.39
2 24 -4.42 -4.42 -4.42 -5.77 -2.39 -2.39
3 16 81.22 -6.13 6.13 82.39 -5.77 5.77 82.39 -10 5.77
2 24 81.22 -6.13 6.13 82.39 -5.77 5.77
5 24 82.39 -5.77 5.77 82.39 -10 5.77 81.22 -6.13 6.13 83.47 -5.2 5.2
5 24 82.39 -10 5.77 81.22 -6.13 6.13 82.39 -5.77 5.77 80 -10 6.25
3 16 82.39 -10 5.77 82.39 -5.77 5.77 83.47 -5.2 5.2
2 24 82.39 -5.77 5.77 83.47 -5.2 5.2
5 24 83.47 -5.2 5.2 82.39 -10 5.77 82.39 -5.77 5.77 84.42 -10 4.42
3 16 82.39 -10 5.77 83.47 -5.2 5.2 84.42 -10 4.42
5 24 83.47 -5.2 5.2 84.42 -10 4.42 82.39 -10 5.77 84.42 -4.42 4.42
3 16 84.42 -10 4.42 83.47 -5.2 5.2 84.42 -4.42 4.42
2 24 83.47 -5.2 5.2 84.42 -4.42 4.42
5 24 84.42 -4.42 4.42 84.42 -10 4.42 83.47 -5.2 5.2 85.77 -2.39 2.39
4 16 84.42 -10 4.42 84.42 -4.42 4.42 85.77 -2.39 2.39 85.77 -10 2.39
2 24 84.42 -4.42 4.42 85.77 -2.39 2.39
5 24 85.77 -2.39 2.39 85.77 -10 2.39 84.42 -10 4.42 86.25 0 0
4 16 85.77 -10 2.39 85.77 -2.39 2.39 86.25 0 0 86.25 -10 0
5 24 85.77 -2.39 2.39 86.25 0 0 86.25 -10 0 85.77 -2.39 10
2 24 86.25 0 0 86.25 -10 0
4 16 86.25 -10 0 86.25 0 0 85.77 -2.39 -2.39 85.77 -10 -2.39
5 24 86.25 0 0 85.77 -2.39 -2.39 85.77 -10 -2.39 86.25 0 -10
5 24 85.77 -10 -2.39 85.77 -2.39 -2.39 84.42 -4.42 -4.42 86.25 -10 0
3 16 82.39 -10 5.77 80 -10 6.25 81.22 -6.13 6.13
5 24 80 -10 6.25 81.22 -6.13 6.13 82.39 -10 5.77 80 -6.25 6.25
3 16 81.22 -6.13 6.13 80 -10 6.25 80 -6.25 6.25
5 24 80 -10 6.25 80 -6.25 6.25 81.22 -6.13 6.13 78.78 -6.13 6.13
2 24 80 -6.25 6.25 81.22 -6.13 6.13
3 16 80 -6.25 6.25 80 -10 6.25 78.78 -6.13 6.13
5 24 80 -10 6.25 78.78 -6.13 6.13 80 -6.25 6.25 77.61 -10 5.77
2 24 78.78 -6.13 6.13 80 -6.25 6.25
3 16 78.78 -6.13 6.13 80 -10 6.25 77.61 -10 5.77
5 24 77.61 -10 5.77 78.78 -6.13 6.13 80 -10 6.25 77.61 -5.77 5.77
3 16 78.78 -6.13 6.13 77.61 -10 5.77 77.61 -5.77 5.77
5 24 77.61 -10 5.77 77.61 -5.77 5.77 78.78 -6.13 6.13 76.53 -5.2 5.2
2 24 77.61 -5.77 5.77 78.78 -6.13 6.13
3 16 77.61 -5.77 5.77 77.61 -10 5.77 76.53 -5.2 5.2
5 24 77.61 -10 5.77 76.53 -5.2 5.2 77.61 -5.77 5.77 75.58 -10 4.42
2 24 76.53 -5.2 5.2 77.61 -5.77 5.77
3 16 77.61 -10 5.77 75.58 -10 4.42 76.53 -5.2 5.2
5 24 75.58 -10 4.42 76.53 -5.2 5.2 77.61 -10 5.77 75.58 -4.42 4.42
3 16 76.53 -5.2 5.2 75.58 -10 4.42 75.58 -4.42 4.42
5 24 75.58 -10 4.42 75.58 -4.42 4.42 76.53 -5.2 5.2 74.23 -10 2.39
2 24 75.58 -4.42 4.42 76.53 -5.2 5.2
4 16 75.58 -10 4.42 74.23 -10 2.39 74.23 -2.39 2.39 75.58 -4.42 4.42
5 24 74.23 -10 2.39 74.23 -2.39 2.39 75.58 -4.42 4.42 73.75 -10 0
2 24 74.23 -2.39 2.39 75.58 -4.42 4.42
4 16 74.23 -10 2.39 73.75 -10 0 73.75 0 0 74.23 -2.39 2.39
2 24 73.75 -10 0 73.75 0 0
5 24 73.75 0 0 74.23 -2.39 2.39 74.23 -10 2.39 73.75 0 10
4 16 73.75 0 0 73.75 -10 0 74.23 -10 -2.39 74.23 -2.39 -2.39
5 24 74.23 -10 -2.39 74.23 -2.39 -2.39 73.75 0 0 75.58 -10 -4.42
5 24 74.23 -2.39 -2.39 73.75 0 0 73.75 -10 0 74.23 -2.39 -10
4 16 74.23 -2.39 -2.39 74.23 -10 -2.39 75.58 -10 -4.42 75.58 -4.42 -4.42
5 24 75.58 -10 -4.42 75.58 -4.42 -4.42 74.23 -2.39 -2.39 76.53 -5.2 -5.2
2 24 75.58 -4.42 -4.42 74.23 -2.39 -2.39
3 16 75.58 -4.42 -4.42 75.58 -10 -4.42 76.53 -5.2 -5.2
5 24 75.58 -10 -4.42 76.53 -5.2 -5.2 75.58 -4.42 -4.42 77.61 -10 -5.77
2 24 76.53 -5.2 -5.2 75.58 -4.42 -4.42
3 16 76.53 -5.2 -5.2 75.58 -10 -4.42 77.61 -10 -5.77
5 24 77.61 -10 -5.77 76.53 -5.2 -5.2 75.58 -10 -4.42 77.61 -5.77 -5.77
3 16 76.53 -5.2 -5.2 77.61 -10 -5.77 77.61 -5.77 -5.77
5 24 77.61 -10 -5.77 77.61 -5.77 -5.77 76.53 -5.2 -5.2 78.78 -6.13 -6.13
2 24 77.61 -5.77 -5.77 76.53 -5.2 -5.2
3 16 77.61 -5.77 -5.77 77.61 -10 -5.77 78.78 -6.13 -6.13
5 24 77.61 -10 -5.77 78.78 -6.13 -6.13 77.61 -5.77 -5.77 80 -10 -6.25
2 24 78.78 -6.13 -6.13 77.61 -5.77 -5.77
3 16 77.61 -10 -5.77 80 -10 -6.25 78.78 -6.13 -6.13
5 24 80 -10 -6.25 78.78 -6.13 -6.13 77.61 -10 -5.77 80 -6.25 -6.25
3 16 78.78 -6.13 -6.13 80 -10 -6.25 80 -6.25 -6.25
5 24 80 -10 -6.25 80 -6.25 -6.25 78.78 -6.13 -6.13 81.22 -6.13 -6.13
2 24 80 -6.25 -6.25 78.78 -6.13 -6.13
3 16 80 -6.25 -6.25 80 -10 -6.25 81.22 -6.13 -6.13
5 24 80 -10 -6.25 81.22 -6.13 -6.13 80 -6.25 -6.25 82.39 -10 -5.77
2 24 81.22 -6.13 -6.13 80 -6.25 -6.25
3 16 81.22 -6.13 -6.13 80 -10 -6.25 82.39 -10 -5.77
5 24 82.39 -10 -5.77 81.22 -6.13 -6.13 80 -10 -6.25 82.39 -5.77 -5.77
3 16 81.22 -6.13 -6.13 82.39 -10 -5.77 82.39 -5.77 -5.77
5 24 82.39 -10 -5.77 82.39 -5.77 -5.77 81.22 -6.13 -6.13 83.47 -5.2 -5.2
2 24 82.39 -5.77 -5.77 81.22 -6.13 -6.13
3 16 82.39 -5.77 -5.77 82.39 -10 -5.77 83.47 -5.2 -5.2
5 24 82.39 -10 -5.77 83.47 -5.2 -5.2 82.39 -5.77 -5.77 84.42 -10 -4.42
2 24 83.47 -5.2 -5.2 82.39 -5.77 -5.77
3 16 82.39 -10 -5.77 84.42 -10 -4.42 83.47 -5.2 -5.2
5 24 84.42 -10 -4.42 83.47 -5.2 -5.2 82.39 -10 -5.77 84.42 -4.42 -4.42
3 16 83.47 -5.2 -5.2 84.42 -10 -4.42 84.42 -4.42 -4.42
5 24 84.42 -10 -4.42 84.42 -4.42 -4.42 83.47 -5.2 -5.2 85.77 -10 -2.39
2 24 84.42 -4.42 -4.42 83.47 -5.2 -5.2
4 16 84.42 -10 -4.42 85.77 -10 -2.39 85.77 -2.39 -2.39 84.42 -4.42 -4.42
2 24 85.77 -2.39 -2.39 84.42 -4.42 -4.42
4 16 85.77 2.39 2.39 86.25 0 0 86.25 0 10 85.77 2.39 10
2 24 86.25 0 0 86.25 0 10
5 24 85.77 2.39 2.39 85.77 2.39 10 84.42 4.42 10 86.25 0 0
4 16 86.25 0 10 86.25 0 0 85.77 -2.39 2.39 85.77 -2.39 10
5 24 85.77 -2.39 2.39 85.77 -2.39 10 86.25 0 10 84.42 -4.42 4.42
4 16 85.77 -2.39 10 85.77 -2.39 2.39 84.42 -4.42 4.42 84.42 -4.42 10
5 24 84.42 -4.42 4.42 84.42 -4.42 10 85.77 -2.39 10 83.47 -5.2 5.2
3 16 84.42 -4.42 10 84.42 -4.42 4.42 83.47 -5.2 5.2
5 24 83.47 -5.2 5.2 84.42 -4.42 10 84.42 -4.42 4.42 82.39 -5.77 10
3 16 84.42 -4.42 10 83.47 -5.2 5.2 82.39 -5.77 10
5 24 83.47 -5.2 5.2 82.39 -5.77 10 84.42 -4.42 10 82.39 -5.77 5.77
3 16 82.39 -5.77 10 83.47 -5.2 5.2 82.39 -5.77 5.77
5 24 82.39 -5.77 5.77 82.39 -5.77 10 83.47 -5.2 5.2 81.22 -6.13 6.13
3 16 82.39 -5.77 10 82.39 -5.77 5.77 81.22 -6.13 6.13
5 24 81.22 -6.13 6.13 82.39 -5.77 10 82.39 -5.77 5.77 80 -6.25 10
3 16 82.39 -5.77 10 81.22 -6.13 6.13 80 -6.25 10
5 24 81.22 -6.13 6.13 80 -6.25 10 82.39 -5.77 10 80 -6.25 6.25
3 16 80 -6.25 10 81.22 -6.13 6.13 80 -6.25 6.25
5 24 80 -6.25 6.25 80 -6.25 10 81.22 -6.13 6.13 78.78 -6.13 6.13
3 16 80 -6.25 10 80 -6.25 6.25 78.78 -6.13 6.13
5 24 78.78 -6.13 6.13 80 -6.25 10 80 -6.25 6.25 77.61 -5.77 10
3 16 80 -6.25 10 78.78 -6.13 6.13 77.61 -5.77 10
5 24 78.78 -6.13 6.13 77.61 -5.77 10 80 -6.25 10 77.61 -5.77 5.77
3 16 77.61 -5.77 10 78.78 -6.13 6.13 77.61 -5.77 5.77
5 24 77.61 -5.77 5.77 77.61 -5.77 10 78.78 -6.13 6.13 76.53 -5.2 5.2
3 16 77.61 -5.77 10 77.61 -5.77 5.77 76.53 -5.2 5.2
5 24 76.53 -5.2 5.2 77.61 -5.77 10 77.61 -5.77 5.77 75.58 -4.42 10
3 16 77.61 -5.77 10 76.53 -5.2 5.2 75.58 -4.42 10
5 24 76.53 -5.2 5.2 75.58 -4.42 10 77.61 -5.77 10 75.58 -4.42 4.42
3 16 75.58 -4.42 10 76.53 -5.2 5.2 75.58 -4.42 4.42
5 24 75.58 -4.42 4.42 75.58 -4.42 10 76.53 -5.2 5.2 74.23 -2.39 2.39
4 16 75.58 -4.42 10 75.58 -4.42 4.42 74.23 -2.39 2.39 74.23 -2.39 10
5 24 74.23 -2.39 2.39 74.23 -2.39 10 75.58 -4.42 10 73.75 0 0
4 16 74.23 -2.39 10 74.23 -2.39 2.39 73.75 0 0 73.75 0 10
2 24 73.75 0 0 73.75 0 10
4 16 73.75 0 10 73.75 0 0 74.23 2.39 2.39 74.23 2.39 10
5 24 74.23 2.39 2.39 74.23 2.39 10 73.75 0 10 75.58 4.42 4.42
4 16 74.23 2.39 10 74.23 2.39 2.39 75.58 4.42 4.42 75.58 4.42 10
5 24 75.58 4.42 4.42 75.58 4.42 10 74.23 2.39 10 76.53 5.2 5.2
3 16 75.58 4.42 10 75.58 4.42 4.42 76.53 5.2 5.2
5 24 76.53 5.2 5.2 75.58 4.42 10 75.58 4.42 4.42 77.61 5.77 10
3 16 75.58 4.42 10 76.53 5.2 5.2 77.61 5.77 10
5 24 76.53 5.2 5.2 77.61 5.77 10 75.58 4.42 10 77.61 5.77 5.77
3 16 77.61 5.77 10 76.53 5.2 5.2 77.61 5.77 5.77
5 24 77.61 5.77 5.77 77.61 5.77 10 76.53 5.2 5.2 78.78 6.13 6.13
3 16 77.61 5.77 10 77.61 5.77 5.77 78.78 6.13 6.13
5 24 78.78 6.13 6.13 77.61 5.77 10 77.61 5.77 5.77 80 6.25 10
3 16 77.61 5.77 10 78.78 6.13 6.13 80 6.25 10
5 24 78.78 6.13 6.13 80 6.25 10 77.61 5.77 10 80 6.25 6.25
3 16 80 6.25 10 78.78 6.13 6.13 80 6.25 6.25
5 24 80 6.25 6.25 80 6.25 10 78.78 6.13 6.13 81.22 6.13 6.13
3 16 80 6.25 10 80 6.25 6.25 81.22 6.13 6.13
5 24 81.22 6.13 6.13 80 6.25 10 80 6.25 6.25 82.39 5.77 10
3 16 80 6.25 10 81.22 6.13 6.13 82.39 5.77 10
5 24 81.22 6.13 6.13 82.39 5.77 10 80 6.25 10 82.39 5.77 5.77
3 16 82.39 5.77 10 81.22 6.13 6.13 82.39 5.77 5.77
5 24 82.39 5.77 5.77 82.39 5.77 10 81.22 6.13 6.13 83.47 5.2 5.2
3 16 82.39 5.77 10 82.39 5.77 5.77 83.47 5.2 5.2
5 24 83.47 5.2 5.2 82.39 5.77 10 82.39 5.77 5.77 84.42 4.42 10
3 16 82.39 5.77 10 83.47 5.2 5.2 84.42 4.42 10
5 24 83.47 5.2 5.2 84.42 4.42 10 82.39 5.77 10 84.42 4.42 4.42
3 16 84.42 4.42 10 83.47 5.2 5.2 84.42 4.42 4.42
5 24 84.42 4.42 4.42 84.42 4.42 10 83.47 5.2 5.2 85.77 2.39 2.39
4 16 84.42 4.42 10 84.42 4.42 4.42 85.77 2.39 2.39 85.77 2.39 10
3 16 1.22 6.13 6.13 2.39 5.77 5.77 2.39 5.77 10
2 24 1.22 6.13 6.13 2.39 5.77 5.77
5 24 2.39 5.77 5.77 2.39 5.77 10 1.22 6.13 6.13 3.47 5.2 5.2
5 24 2.39 5.77 10 1.22 6.13 6.13 2.39 5.77 5.77 0 6.25 10
3 16 2.39 5.77 10 2.39 5.77 5.77 3.47 5.2 5.2
2 24 2.39 5.77 5.77 3.47 5.2 5.2
5 24 3.47 5.2 5.2 2.39 5.77 10 2.39 5.77 5.77 4.42 4.42 10
3 16 2.39 5.77 10 3.47 5.2 5.2 4.42 4.42 10
5 24 3.47 5.2 5.2 4.42 4.42 10 2.39 5.77 10 4.42 4.42 4.42
3 16 4.42 4.42 10 3.47 5.2 5.2 4.42 4.42 4.42
2 24 3.47 5.2 5.2 4.42 4.42 4.42
5 24 4.42 4.42 4.42 4.42 4.42 10 3.47 5.2 5.2 5.77 2.39 2.39
4 16 4.42 4.42 10 4.42 4.42 4.42 5.77 2.39 2.39 5.77 2.39 10
2 24 4.42 4.42 4.42 5.77 2.39 2.39
5 24 5.77 2.39 2.39 5.77 2.39 10 4.42 4.42 10 6.25 0 0
4 16 5.77 2.39 10 5.77 2.39 2.39 6.25 0 0 6.25 0 10
5 24 5.77 2.39 2.39 6.25 0 0 6.25 0 10 5.77 10 2.39
2 24 6.25 0 0 6.25 0 10
4 16 6.25 0 10 6.25 0 0 5.77 -2.39 2.39 5.77 -2.39 10
5 24 5.77 -2.39 10 5.77 -2.39 2.39 4.42 -4.42 4.42 6.25 0 10
3 16 2.39 5.77 10 0 6.25 10 1.22 6.13 6.13
5 24 0 6.25 10 1.22 6.13 6.13 2.39 5.77 10 0 6.25 6.25
3 16 1.22 6.13 6.13 0 6.25 10 0 6.25 6.25
5 24 0 6.25 10 0 6.25 6.25 1.22 6.13 6.13 -1.22 6.13 6.13
2 24 0 6.25 6.25 1.22 6.13 6.13
3 16 0 6.25 6.25 0 6.25 10 -1.22 6.13 6.13
5 24 0 6.25 10 -1.22 6.13 6.13 0 6.25 6.25 -2.39 5.77 10
2 24 -1.22 6.13 6.13 0 6.25 6.25
3 16 -1.22 6.13 6.13 0 6.25 10 -2.39 5.77 10
5 24 -2.39 5.77 10 -1.22 6.13 6.13 0 6.25 10 -2.39 5.77 5.77
3 16 -1.22 6.13 6.13 -2.39 5.77 10 -2.39 5.77 5.77
5 24 -2.39 5.77 10 -2.39 5.77 5.77 -1.22 6.13 6.13 -3.47 5.2 5.2
2 24 -2.39 5.77 5.77 -1.22 6.13 6.13
3 16 -2.39 5.77 5.77 -2.39 5.77 10 -3.47 5.2 5.2
5 24 -2.39 5.77 10 -3.47 5.2 5.2 -2.39 5.77 5.77 -4.42 4.42 10
2 24 -3.47 5.2 5.2 -2.39 5.77 5.77
3 16 -2.39 5.77 10 -4.42 4.42 10 -3.47 5.2 5.2
5 24 -4.42 4.42 10 -3.47 5.2 5.2 -2.39 5.77 10 -4.42 4.42 4.42
3 16 -3.47 5.2 5.2 -4.42 4.42 10 -4.42 4.42 4.42
5 24 -4.42 4.42 10 -4.42 4.42 4.42 -3.47 5.2 5.2 -5.77 2.39 10
2 24 -4.42 4.42 4.42 -3.47 5.2 5.2
4 16 -4.42 4.42 10 -5.77 2.39 10 -5.77 2.39 2.39 -4.42 4.42 4.42
5 24 -5.77 2.39 10 -5.77 2.39 2.39 -4.42 4.42 4.42 -6.25 0 10
2 24 -5.77 2.39 2.39 -4.42 4.42 4.42
4 16 -5.77 2.39 10 -6.25 0 10 -6.25 0 0 -5.77 2.39 2.39
2 24 -6.25 0 10 -6.25 0 0
5 24 -6.25 0 0 -5.77 2.39 2.39 -5.77 2.39 10 -6.25 10 0
4 16 -6.25 0 0 -6.25 0 10 -5.77 -2.39 10 -5.77 -2.39 2.39
5 24 -5.77 -2.39 10 -5.77 -2.39 2.39 -6.25 0 0 -4.42 -4.42 10
4 16 -5.77 -2.39 2.39 -5.77 -2.39 10 -4.42 -4.42 10 -4.42 -4.42 4.42
5 24 -4.42 -4.42 10 -4.42 -4.42 4.42 -5.77 -2.39 2.39 -3.47 -5.2 5.2
3 16 -4.42 -4.42 4.42 -4.42 -4.42 10 -3.47 -5.2 5.2
5 24 -4.42 -4.42 10 -3.47 -5.2 5.2 -4.42 -4.42 4.42 -2.39 -5.77 10
3 16 -3.47 -5.2 5.2 -4.42 -4.42 10 -2.39 -5.77 10
5 24 -2.39 -5.77 10 -3.47 -5.2 5.2 -4.42 -4.42 10 -2.39 -5.77 5.77
3 16 -3.47 -5.2 5.2 -2.39 -5.77 10 -2.39 -5.77 5.77
5 24 -2.39 -5.77 10 -2.39 -5.77 5.77 -3.47 -5.2 5.2 -1.22 -6.13 6.13
3 16 -2.39 -5.77 5.77 -2.39 -5.77 10 -1.22 -6.13 6.13
5 24 -2.39 -5.77 10 -1.22 -6.13 6.13 -2.39 -5.77 5.77 0 -6.25 10
3 16 -2.39 -5.77 10 0 -6.25 10 -1.22 -6.13 6.13
5 24 0 -6.25 10 -1.22 -6.13 6.13 -2.39 -5.77 10 0 -6.25 6.25
3 16 -1.22 -6.13 6.13 0 -6.25 10 0 -6.25 6.25
5 24 0 -6.25 10 0 -6.25 6.25 -1.22 -6.13 6.13 1.22 -6.13 6.13
3 16 0 -6.25 6.25 0 -6.25 10 1.22 -6.13 6.13
5 24 0 -6.25 10 1.22 -6.13 6.13 0 -6.25 6.25 2.39 -5.77 10
3 16 1.22 -6.13 6.13 0 -6.25 10 2.39 -5.77 10
5 24 2.39 -5.77 10 1.22 -6.13 6.13 0 -6.25 10 2.39 -5.77 5.77
3 16 1.22 -6.13 6.13 2.39 -5.77 10 2.39 -5.77 5.77
5 24 2.39 -5.77 10 2.39 -5.77 5.77 1.22 -6.13 6.13 3.47 -5.2 5.2
3 16 2.39 -5.77 5.77 2.39 -5.77 10 3.47 -5.2 5.2
5 24 2.39 -5.77 10 3.47 -5.2 5.2 2.39 -5.77 5.77 4.42 -4.42 10
3 16 2.39 -5.77 10 4.42 -4.42 10 3.47 -5.2 5.2
5 24 4.42 -4.42 10 3.47 -5.2 5.2 2.39 -5.77 10 4.42 -4.42 4.42
3 16 3.47 -5.2 5.2 4.42 -4.42 10 4.42 -4.42 4.42
5 24 4.42 -4.42 10 4.42 -4.42 4.42 3.47 -5.2 5.2 5.77 -2.39 10
4 16 4.42 -4.42 10 5.77 -2.39 10 5.77 -2.39 2.39 4.42 -4.42 4.42
3 16 -1.22 6.13 -6.13 -2.39 5.77 -5.77 -2.39 5.77 -10
2 24 -1.22 6.13 -6.13 -2.39 5.77 -5.77
5 24 -2.39 5.77 -5.77 -2.39 5.77 -10 -1.22 6.13 -6.13 -3.47 5.2 -5.2
5 24 -2.39 5.77 -10 -1.22 6.13 -6.13 -2.39 5.77 -5.77 0 6.25 -10
3 16 -2.39 5.77 -10 -2.39 5.77 -5.77 -3.47 5.2 -5.2
2 24 -2.39 5.77 -5.77 -3.47 5.2 -5.2
5 24 -3.47 5.2 -5.2 -2.39 5.77 -10 -2.39 5.77 -5.77 -4.42 4.42 -10
3 16 -2.39 5.77 -10 -3.47 5.2 -5.2 -4.42 4.42 -10
5 24 -3.47 5.2 -5.2 -4.42 4.42 -10 -2.39 5.77 -10 -4.42 4.42 -4.42
3 16 -4.42 4.42 -10 -3.47 5.2 -5.2 -4.42 4.42 -4.42
2 24 -3.47 5.2 -5.2 -4.42 4.42 -4.42
5 24 -4.42 4.42 -4.42 -4.42 4.42 -10 -3.47 5.2 -5.2 -5.77 2.39 -2.39
4 16 -4.42 4.42 -10 -4.42 4.42 -4.42 -5.77 2.39 -2.39 -5.77 2.39 -10
2 24 -4.42 4.42 -4.42 -5.77 2.39 -2.39
5 24 -5.77 2.39 -2.39 -5.77 2.39 -10 -4.42 4.42 -10 -6.25 0 0
4 16 -5.77 2.39 -10 -5.77 2.39 -2.39 -6.25 0 0 -6.25 0 -10
5 24 -5.77 2.39 -2.39 -6.25 0 0 -6.25 0 -10 -5.77 10 -2.39
2 24 -6.25 0 0 -6.25 0 -10
4 16 -6.25 0 -10 -6.25 0 0 -5.77 -2.39 -2.39 -5.77 -2.39 -10
5 24 -5.77 -2.39 -10 -5.77 -2.39 -2.39 -4.42 -4.42 -4.42 -6.25 0 -10
3 16 -2.39 5.77 -10 0 6.25 -10 -1.22 6.13 -6.13
5 24 0 6.25 -10 -1.22 6.13 -6.13 -2.39 5.77 -10 0 6.25 -6.25
3 16 -1.22 6.13 -6.13 0 6.25 -10 0 6.25 -6.25
5 24 0 6.25 -10 0 6.25 -6.25 -1.22 6.13 -6.13 1.22 6.13 -6.13
2 24 0 6.25 -6.25 -1.22 6.13 -6.13
3 16 0 6.25 -6.25 0 6.25 -10 1.22 6.13 -6.13
5 24 0 6.25 -10 1.22 6.13 -6.13 0 6.25 -6.25 2.39 5.77 -10
2 24 1.22 6.13 -6.13 0 6.25 -6.25
3 16 1.22 6.13 -6.13 0 6.25 -10 2.39 5.77 -10
5 24 2.39 5.77 -10 1.22 6.13 -6.13 0 6.25 -10 2.39 5.77 -5.77
3 16 1.22 6.13 -6.13 2.39 5.77 -10 2.39 5.77 -5.77
5 24 2.39 5.77 -10 2.39 5.77 -5.77 1.22 6.13 -6.13 3.47 5.2 -5.2
2 24 2.39 5.77 -5.77 1.22 6.13 -6.13
3 16 2.39 5.77 -5.77 2.39 5.77 -10 3.47 5.2 -5.2
5 24 2.39 5.77 -10 3.47 5.2 -5.2 2.39 5.77 -5.77 4.42 4.42 -10
2 24 3.47 5.2 -5.2 2.39 5.77 -5.77
3 16 2.39 5.77 -10 4.42 4.42 -10 3.47 5.2 -5.2
5 24 4.42 4.42 -10 3.47 5.2 -5.2 2.39 5.77 -10 4.42 4.42 -4.42
3 16 3.47 5.2 -5.2 4.42 4.42 -10 4.42 4.42 -4.42
5 24 4.42 4.42 -10 4.42 4.42 -4.42 3.47 5.2 -5.2 5.77 2.39 -10
2 24 4.42 4.42 -4.42 3.47 5.2 -5.2
4 16 4.42 4.42 -10 5.77 2.39 -10 5.77 2.39 -2.39 4.42 4.42 -4.42
5 24 5.77 2.39 -10 5.77 2.39 -2.39 4.42 4.42 -4.42 6.25 0 -10
2 24 5.77 2.39 -2.39 4.42 4.42 -4.42
4 16 5.77 2.39 -10 6.25 0 -10 6.25 0 0 5.77 2.39 -2.39
2 24 6.25 0 -10 6.25 0 0
5 24 6.25 0 0 5.77 2.39 -2.39 5.77 2.39 -10 6.25 10 0
4 16 6.25 0 0 6.25 0 -10 5.77 -2.39 -10 5.77 -2.39 -2.39
5 24 5.77 -2.39 -10 5.77 -2.39 -2.39 6.25 0 0 4.42 -4.42 -10
4 16 5.77 -2.39 -2.39 5.77 -2.39 -10 4.42 -4.42 -10 4.42 -4.42 -4.42
5 24 4.42 -4.42 -10 4.42 -4.42 -4.42 5.77 -2.39 -2.39 3.47 -5.2 -5.2
3 16 4.42 -4.42 -4.42 4.42 -4.42 -10 3.47 -5.2 -5.2
5 24 4.42 -4.42 -10 3.47 -5.2 -5.2 4.42 -4.42 -4.42 2.39 -5.77 -10
3 16 3.47 -5.2 -5.2 4.42 -4.42 -10 2.39 -5.77 -10
5 24 2.39 -5.77 -10 3.47 -5.2 -5.2 4.42 -4.42 -10 2.39 -5.77 -5.77
3 16 3.47 -5.2 -5.2 2.39 -5.77 -10 2.39 -5.77 -5.77
5 24 2.39 -5.77 -10 2.39 -5.77 -5.77 3.47 -5.2 -5.2 1.22 -6.13 -6.13
3 16 2.39 -5.77 -5.77 2.39 -5.77 -10 1.22 -6.13 -6.13
5 24 2.39 -5.77 -10 1.22 -6.13 -6.13 2.39 -5.77 -5.77 0 -6.25 -10
3 16 2.39 -5.77 -10 0 -6.25 -10 1.22 -6.13 -6.13
5 24 0 -6.25 -10 1.22 -6.13 -6.13 2.39 -5.77 -10 0 -6.25 -6.25
3 16 1.22 -6.13 -6.13 0 -6.25 -10 0 -6.25 -6.25
5 24 0 -6.25 -10 0 -6.25 -6.25 1.22 -6.13 -6.13 -1.22 -6.13 -6.13
3 16 0 -6.25 -6.25 0 -6.25 -10 -1.22 -6.13 -6.13
5 24 0 -6.25 -10 -1.22 -6.13 -6.13 0 -6.25 -6.25 -2.39 -5.77 -10
3 16 -1.22 -6.13 -6.13 0 -6.25 -10 -2.39 -5.77 -10
5 24 -2.39 -5.77 -10 -1.22 -6.13 -6.13 0 -6.25 -10 -2.39 -5.77 -5.77
3 16 -1.22 -6.13 -6.13 -2.39 -5.77 -10 -2.39 -5.77 -5.77
5 24 -2.39 -5.77 -10 -2.39 -5.77 -5.77 -1.22 -6.13 -6.13 -3.47 -5.2 -5.2
3 16 -2.39 -5.77 -5.77 -2.39 -5.77 -10 -3.47 -5.2 -5.2
5 24 -2.39 -5.77 -10 -3.47 -5.2 -5.2 -2.39 -5.77 -5.77 -4.42 -4.42 -10
3 16 -2.39 -5.77 -10 -4.42 -4.42 -10 -3.47 -5.2 -5.2
5 24 -4.42 -4.42 -10 -3.47 -5.2 -5.2 -2.39 -5.77 -10 -4.42 -4.42 -4.42
3 16 -3.47 -5.2 -5.2 -4.42 -4.42 -10 -4.42 -4.42 -4.42
5 24 -4.42 -4.42 -10 -4.42 -4.42 -4.42 -3.47 -5.2 -5.2 -5.77 -2.39 -10
4 16 -4.42 -4.42 -10 -5.77 -2.39 -10 -5.77 -2.39 -2.39 -4.42 -4.42 -4.42
3 16 81.22 -6.13 -6.13 82.39 -5.77 -5.77 82.39 -5.77 -10
5 24 82.39 -5.77 -5.77 82.39 -5.77 -10 81.22 -6.13 -6.13 83.47 -5.2 -5.2
5 24 82.39 -5.77 -10 81.22 -6.13 -6.13 82.39 -5.77 -5.77 80 -6.25 -10
3 16 82.39 -5.77 -10 82.39 -5.77 -5.77 83.47 -5.2 -5.2
5 24 83.47 -5.2 -5.2 82.39 -5.77 -10 82.39 -5.77 -5.77 84.42 -4.42 -10
3 16 82.39 -5.77 -10 83.47 -5.2 -5.2 84.42 -4.42 -10
5 24 83.47 -5.2 -5.2 84.42 -4.42 -10 82.39 -5.77 -10 84.42 -4.42 -4.42
3 16 84.42 -4.42 -10 83.47 -5.2 -5.2 84.42 -4.42 -4.42
5 24 84.42 -4.42 -4.42 84.42 -4.42 -10 83.47 -5.2 -5.2 85.77 -2.39 -2.39
4 16 84.42 -4.42 -10 84.42 -4.42 -4.42 85.77 -2.39 -2.39 85.77 -2.39 -10
5 24 85.77 -2.39 -2.39 85.77 -2.39 -10 84.42 -4.42 -10 86.25 0 0
4 16 85.77 -2.39 -10 85.77 -2.39 -2.39 86.25 0 0 86.25 0 -10
2 24 86.25 0 0 86.25 0 -10
4 16 86.25 0 -10 86.25 0 0 85.77 2.39 -2.39 85.77 2.39 -10
5 24 85.77 2.39 -10 85.77 2.39 -2.39 84.42 4.42 -4.42 86.25 0 -10
3 16 82.39 -5.77 -10 80 -6.25 -10 81.22 -6.13 -6.13
5 24 80 -6.25 -10 81.22 -6.13 -6.13 82.39 -5.77 -10 80 -6.25 -6.25
3 16 81.22 -6.13 -6.13 80 -6.25 -10 80 -6.25 -6.25
5 24 80 -6.25 -10 80 -6.25 -6.25 81.22 -6.13 -6.13 78.78 -6.13 -6.13
3 16 80 -6.25 -6.25 80 -6.25 -10 78.78 -6.13 -6.13
5 24 80 -6.25 -10 78.78 -6.13 -6.13 80 -6.25 -6.25 77.61 -5.77 -10
3 16 78.78 -6.13 -6.13 80 -6.25 -10 77.61 -5.77 -10
5 24 77.61 -5.77 -10 78.78 -6.13 -6.13 80 -6.25 -10 77.61 -5.77 -5.77
3 16 78.78 -6.13 -6.13 77.61 -5.77 -10 77.61 -5.77 -5.77
5 24 77.61 -5.77 -10 77.61 -5.77 -5.77 78.78 -6.13 -6.13 76.53 -5.2 -5.2
3 16 77.61 -5.77 -5.77 77.61 -5.77 -10 76.53 -5.2 -5.2
5 24 77.61 -5.77 -10 76.53 -5.2 -5.2 77.61 -5.77 -5.77 75.58 -4.42 -10
3 16 77.61 -5.77 -10 75.58 -4.42 -10 76.53 -5.2 -5.2
5 24 75.58 -4.42 -10 76.53 -5.2 -5.2 77.61 -5.77 -10 75.58 -4.42 -4.42
3 16 76.53 -5.2 -5.2 75.58 -4.42 -10 75.58 -4.42 -4.42
5 24 75.58 -4.42 -10 75.58 -4.42 -4.42 76.53 -5.2 -5.2 74.23 -2.39 -10
4 16 75.58 -4.42 -10 74.23 -2.39 -10 74.23 -2.39 -2.39 75.58 -4.42 -4.42
5 24 74.23 -2.39 -10 74.23 -2.39 -2.39 75.58 -4.42 -4.42 73.75 0 -10
4 16 74.23 -2.39 -10 73.75 0 -10 73.75 0 0 74.23 -2.39 -2.39
2 24 73.75 0 -10 73.75 0 0
4 16 73.75 0 0 73.75 0 -10 74.23 2.39 -10 74.23 2.39 -2.39
5 24 74.23 2.39 -10 74.23 2.39 -2.39 73.75 0 0 75.58 4.42 -10
4 16 74.23 2.39 -2.39 74.23 2.39 -10 75.58 4.42 -10 75.58 4.42 -4.42
5 24 75.58 4.42 -10 75.58 4.42 -4.42 74.23 2.39 -2.39 76.53 5.2 -5.2
3 16 75.58 4.42 -4.42 75.58 4.42 -10 76.53 5.2 -5.2
5 24 75.58 4.42 -10 76.53 5.2 -5.2 75.58 4.42 -4.42 77.61 5.77 -10
3 16 76.53 5.2 -5.2 75.58 4.42 -10 77.61 5.77 -10
5 24 77.61 5.77 -10 76.53 5.2 -5.2 75.58 4.42 -10 77.61 5.77 -5.77
3 16 76.53 5.2 -5.2 77.61 5.77 -10 77.61 5.77 -5.77
5 24 77.61 5.77 -10 77.61 5.77 -5.77 76.53 5.2 -5.2 78.78 6.13 -6.13
3 16 77.61 5.77 -5.77 77.61 5.77 -10 78.78 6.13 -6.13
5 24 77.61 5.77 -10 78.78 6.13 -6.13 77.61 5.77 -5.77 80 6.25 -10
3 16 77.61 5.77 -10 80 6.25 -10 78.78 6.13 -6.13
5 24 80 6.25 -10 78.78 6.13 -6.13 77.61 5.77 -10 80 6.25 -6.25
3 16 78.78 6.13 -6.13 80 6.25 -10 80 6.25 -6.25
5 24 80 6.25 -10 80 6.25 -6.25 78.78 6.13 -6.13 81.22 6.13 -6.13
3 16 80 6.25 -6.25 80 6.25 -10 81.22 6.13 -6.13
5 24 80 6.25 -10 81.22 6.13 -6.13 80 6.25 -6.25 82.39 5.77 -10
3 16 81.22 6.13 -6.13 80 6.25 -10 82.39 5.77 -10
5 24 82.39 5.77 -10 81.22 6.13 -6.13 80 6.25 -10 82.39 5.77 -5.77
3 16 81.22 6.13 -6.13 82.39 5.77 -10 82.39 5.77 -5.77
5 24 82.39 5.77 -10 82.39 5.77 -5.77 81.22 6.13 -6.13 83.47 5.2 -5.2
3 16 82.39 5.77 -5.77 82.39 5.77 -10 83.47 5.2 -5.2
5 24 82.39 5.77 -10 83.47 5.2 -5.2 82.39 5.77 -5.77 84.42 4.42 -10
3 16 82.39 5.77 -10 84.42 4.42 -10 83.47 5.2 -5.2
5 24 84.42 4.42 -10 83.47 5.2 -5.2 82.39 5.77 -10 84.42 4.42 -4.42
3 16 83.47 5.2 -5.2 84.42 4.42 -10 84.42 4.42 -4.42
5 24 84.42 4.42 -10 84.42 4.42 -4.42 83.47 5.2 -5.2 85.77 2.39 -10
4 16 84.42 4.42 -10 85.77 2.39 -10 85.77 2.39 -2.39 84.42 4.42 -4.42
3 16 3.47 5.2 5.2 2.39 5.77 5.77 2.39 10 5.77
5 24 2.39 5.77 5.77 2.39 10 5.77 3.47 5.2 5.2 1.22 6.13 6.13
5 24 2.39 10 5.77 3.47 5.2 5.2 2.39 5.77 5.77 4.42 10 4.42
3 16 2.39 10 5.77 2.39 5.77 5.77 1.22 6.13 6.13
5 24 1.22 6.13 6.13 2.39 10 5.77 2.39 5.77 5.77 0 10 6.25
3 16 2.39 10 5.77 1.22 6.13 6.13 0 10 6.25
5 24 1.22 6.13 6.13 0 10 6.25 2.39 10 5.77 0 6.25 6.25
3 16 0 10 6.25 1.22 6.13 6.13 0 6.25 6.25
5 24 0 6.25 6.25 0 10 6.25 1.22 6.13 6.13 -1.22 6.13 6.13
3 16 0 10 6.25 0 6.25 6.25 -1.22 6.13 6.13
5 24 -1.22 6.13 6.13 0 10 6.25 0 6.25 6.25 -2.39 10 5.77
3 16 2.39 10 5.77 4.42 10 4.42 3.47 5.2 5.2
5 24 4.42 10 4.42 3.47 5.2 5.2 2.39 10 5.77 4.42 4.42 4.42
3 16 3.47 5.2 5.2 4.42 10 4.42 4.42 4.42 4.42
5 24 4.42 10 4.42 4.42 4.42 4.42 3.47 5.2 5.2 5.77 10 2.39
4 16 4.42 10 4.42 5.77 10 2.39 5.77 2.39 2.39 4.42 4.42 4.42
5 24 5.77 10 2.39 5.77 2.39 2.39 4.42 4.42 4.42 6.25 10 0
4 16 5.77 10 2.39 6.25 10 0 6.25 0 0 5.77 2.39 2.39
2 24 6.25 10 0 6.25 0 0
4 16 6.25 0 0 6.25 10 0 5.77 10 -2.39 5.77 2.39 -2.39
5 24 5.77 10 -2.39 5.77 2.39 -2.39 6.25 0 0 4.42 10 -4.42
4 16 5.77 2.39 -2.39 5.77 10 -2.39 4.42 10 -4.42 4.42 4.42 -4.42
5 24 4.42 10 -4.42 4.42 4.42 -4.42 5.77 2.39 -2.39 3.47 5.2 -5.2
3 16 4.42 4.42 -4.42 4.42 10 -4.42 3.47 5.2 -5.2
5 24 4.42 10 -4.42 3.47 5.2 -5.2 4.42 4.42 -4.42 2.39 10 -5.77
3 16 3.47 5.2 -5.2 4.42 10 -4.42 2.39 10 -5.77
5 24 2.39 10 -5.77 3.47 5.2 -5.2 4.42 10 -4.42 2.39 5.77 -5.77
3 16 3.47 5.2 -5.2 2.39 10 -5.77 2.39 5.77 -5.77
5 24 2.39 10 -5.77 2.39 5.77 -5.77 3.47 5.2 -5.2 1.22 6.13 -6.13
3 16 2.39 5.77 -5.77 2.39 10 -5.77 1.22 6.13 -6.13
5 24 2.39 10 -5.77 1.22 6.13 -6.13 2.39 5.77 -5.77 0 10 -6.25
3 16 2.39 10 -5.77 0 10 -6.25 1.22 6.13 -6.13
5 24 0 10 -6.25 1.22 6.13 -6.13 2.39 10 -5.77 0 6.25 -6.25
3 16 1.22 6.13 -6.13 0 10 -6.25 0 6.25 -6.25
5 24 0 10 -6.25 0 6.25 -6.25 1.22 6.13 -6.13 -1.22 6.13 -6.13
3 16 0 6.25 -6.25 0 10 -6.25 -1.22 6.13 -6.13
5 24 0 10 -6.25 -1.22 6.13 -6.13 0 6.25 -6.25 -2.39 10 -5.77
3 16 -1.22 6.13 -6.13 0 10 -6.25 -2.39 10 -5.77
5 24 -2.39 10 -5.77 -1.22 6.13 -6.13 0 10 -6.25 -2.39 5.77 -5.77
3 16 -1.22 6.13 -6.13 -2.39 10 -5.77 -2.39 5.77 -5.77
5 24 -2.39 10 -5.77 -2.39 5.77 -5.77 -1.22 6.13 -6.13 -3.47 5.2 -5.2
3 16 -2.39 5.77 -5.77 -2.39 10 -5.77 -3.47 5.2 -5.2
5 24 -2.39 10 -5.77 -3.47 5.2 -5.2 -2.39 5.77 -5.77 -4.42 10 -4.42
3 16 -2.39 10 -5.77 -4.42 10 -4.42 -3.47 5.2 -5.2
5 24 -4.42 10 -4.42 -3.47 5.2 -5.2 -2.39 10 -5.77 -4.42 4.42 -4.42
3 16 -3.47 5.2 -5.2 -4.42 10 -4.42 -4.42 4.42 -4.42
5 24 -4.42 10 -4.42 -4.42 4.42 -4.42 -3.47 5.2 -5.2 -5.77 10 -2.39
4 16 -4.42 10 -4.42 -5.77 10 -2.39 -5.77 2.39 -2.39 -4.42 4.42 -4.42
5 24 -5.77 10 -2.39 -5.77 2.39 -2.39 -4.42 4.42 -4.42 -6.25 10 0
4 16 -5.77 10 -2.39 -6.25 10 0 -6.25 0 0 -5.77 2.39 -2.39
2 24 -6.25 10 0 -6.25 0 0
4 16 -6.25 0 0 -6.25 10 0 -5.77 10 2.39 -5.77 2.39 2.39
5 24 -5.77 10 2.39 -5.77 2.39 2.39 -6.25 0 0 -4.42 10 4.42
4 16 -5.77 2.39 2.39 -5.77 10 2.39 -4.42 10 4.42 -4.42 4.42 4.42
5 24 -4.42 10 4.42 -4.42 4.42 4.42 -5.77 2.39 2.39 -3.47 5.2 5.2
3 16 -4.42 4.42 4.42 -4.42 10 4.42 -3.47 5.2 5.2
5 24 -4.42 10 4.42 -3.47 5.2 5.2 -4.42 4.42 4.42 -2.39 10 5.77
3 16 -3.47 5.2 5.2 -4.42 10 4.42 -2.39 10 5.77
5 24 -2.39 10 5.77 -3.47 5.2 5.2 -4.42 10 4.42 -2.39 5.77 5.77
3 16 -3.47 5.2 5.2 -2.39 10 5.77 -2.39 5.77 5.77
5 24 -2.39 10 5.77 -2.39 5.77 5.77 -3.47 5.2 5.2 -1.22 6.13 6.13
3 16 -2.39 5.77 5.77 -2.39 10 5.77 -1.22 6.13 6.13
5 24 -2.39 10 5.77 -1.22 6.13 6.13 -2.39 5.77 5.77 0 10 6.25
3 16 -2.39 10 5.77 0 10 6.25 -1.22 6.13 6.13
