0 Bitbeam Gear Rack 11 x  1
0 Name: bb-grr-11x1.dat
0 Author: Tomas Feltl (e-Mole.cz)
0 !LDRAW_ORG Unofficial_Part
0 !LICENSE Redistributable under CCAL version 2.0 : see CAreadme.txt

0 BFC CERTIFY CCW

0 // Created with stl2dat conversion tool
0 BFC INVERTNEXT
1 16 0 -80 10 6.25 0 0 0 0 6.25 0 -20 0 4-4cyli.dat
1 16 0 -80 10 6.25 0 0 0 0 6.25 0 -1 0 4-4edge.dat
1 16 0 -80 -10 6.25 0 0 0 0 6.25 0 -1 0 4-4edge.dat
0 BFC INVERTNEXT
1 16 0 -60 10 6.25 0 0 0 0 6.25 0 -20 0 4-4cyli.dat
1 16 0 -60 10 6.25 0 0 0 0 6.25 0 -1 0 4-4edge.dat
1 16 0 -60 -10 6.25 0 0 0 0 6.25 0 -1 0 4-4edge.dat
0 BFC INVERTNEXT
1 16 0 -40 10 6.25 0 0 0 0 6.25 0 -20 0 4-4cyli.dat
1 16 0 -40 10 6.25 0 0 0 0 6.25 0 -1 0 4-4edge.dat
1 16 0 -40 -10 6.25 0 0 0 0 6.25 0 -1 0 4-4edge.dat
0 BFC INVERTNEXT
1 16 0 -20 10 6.25 0 0 0 0 6.25 0 -20 0 4-4cyli.dat
1 16 0 -20 10 6.25 0 0 0 0 6.25 0 -1 0 4-4edge.dat
1 16 0 -20 -10 6.25 0 0 0 0 6.25 0 -1 0 4-4edge.dat
0 BFC INVERTNEXT
1 16 0 0 10 6.25 0 0 0 0 6.25 0 -20 0 4-4cyli.dat
1 16 0 0 10 6.25 0 0 0 0 6.25 0 -1 0 4-4edge.dat
1 16 0 0 -10 6.25 0 0 0 0 6.25 0 -1 0 4-4edge.dat
0 BFC INVERTNEXT
1 16 0 20 10 6.25 0 0 0 0 6.25 0 -20 0 4-4cyli.dat
1 16 0 20 10 6.25 0 0 0 0 6.25 0 -1 0 4-4edge.dat
1 16 0 20 -10 6.25 0 0 0 0 6.25 0 -1 0 4-4edge.dat
0 BFC INVERTNEXT
1 16 0 40 10 6.25 0 0 0 0 6.25 0 -20 0 4-4cyli.dat
1 16 0 40 10 6.25 0 0 0 0 6.25 0 -1 0 4-4edge.dat
1 16 0 40 -10 6.25 0 0 0 0 6.25 0 -1 0 4-4edge.dat
0 BFC INVERTNEXT
1 16 0 60 10 6.25 0 0 0 0 6.25 0 -20 0 4-4cyli.dat
1 16 0 60 10 6.25 0 0 0 0 6.25 0 -1 0 4-4edge.dat
1 16 0 60 -10 6.25 0 0 0 0 6.25 0 -1 0 4-4edge.dat
0 BFC INVERTNEXT
1 16 0 80 10 6.25 0 0 0 0 6.25 0 -20 0 4-4cyli.dat
1 16 0 80 10 6.25 0 0 0 0 6.25 0 -1 0 4-4edge.dat
1 16 0 80 -10 6.25 0 0 0 0 6.25 0 -1 0 4-4edge.dat

3 16 10 95.58 -4.42 10 94.23 -2.39 10 90 -10
2 24 10 94.23 -2.39 10 95.58 -4.42
3 16 10 90 -10 10 94.23 -2.39 10 93.75 0
2 24 10 93.75 0 10 94.23 -2.39
4 16 10 90 -10 10 93.75 0 10 94.23 2.39 10 90 10
2 24 10 94.23 2.39 10 93.75 0
2 24 10 90 -10 10 90 10
3 16 10 90 10 10 94.23 2.39 10 95.58 4.42
2 24 10 95.58 4.42 10 94.23 2.39
3 16 10 104.42 -4.42 10 102.39 -5.77 10 110 -10
2 24 10 102.39 -5.77 10 104.42 -4.42
3 16 10 110 -10 10 102.39 -5.77 10 100 -6.25
2 24 10 100 -6.25 10 102.39 -5.77
4 16 10 110 -10 10 100 -6.25 10 97.61 -5.77 10 90 -10
2 24 10 97.61 -5.77 10 100 -6.25
2 24 10 110 -10 10 90 -10
3 16 10 90 -10 10 97.61 -5.77 10 95.58 -4.42
2 24 10 95.58 -4.42 10 97.61 -5.77
3 16 10 104.42 4.42 10 105.77 2.39 10 110 10
2 24 10 105.77 2.39 10 104.42 4.42
3 16 10 110 10 10 105.77 2.39 10 106.25 0
2 24 10 106.25 0 10 105.77 2.39
4 16 10 110 10 10 106.25 0 10 105.77 -2.39 10 110 -10
2 24 10 105.77 -2.39 10 106.25 0
2 24 10 110 10 10 110 -10
3 16 10 110 -10 10 105.77 -2.39 10 104.42 -4.42
2 24 10 104.42 -4.42 10 105.77 -2.39
3 16 10 95.58 4.42 10 97.61 5.77 10 90 10
2 24 10 97.61 5.77 10 95.58 4.42
3 16 10 90 10 10 97.61 5.77 10 100 6.25
2 24 10 100 6.25 10 97.61 5.77
4 16 10 90 10 10 100 6.25 10 102.39 5.77 10 110 10
2 24 10 102.39 5.77 10 100 6.25
2 24 10 90 10 10 110 10
3 16 10 110 10 10 102.39 5.77 10 104.42 4.42
2 24 10 104.42 4.42 10 102.39 5.77

3 16 -10 -105.77 -2.39 -10 -110 -10 -10 -106.25 0
2 24 -10 -105.77 -2.39 -10 -106.25 0
4 16 -10 -106.25 0 -10 -110 -10 -10 -110 10 -10 -105.77 2.39
2 24 -10 -110 10 -10 -110 -10
2 24 -10 -106.25 0 -10 -105.77 2.39
3 16 -10 -105.77 2.39 -10 -110 10 -10 -104.42 4.42
2 24 -10 -105.77 2.39 -10 -104.42 4.42
3 16 -10 -105.77 -2.39 -10 -104.42 -4.42 -10 -110 -10
2 24 -10 -104.42 -4.42 -10 -105.77 -2.39
3 16 -10 -110 -10 -10 -104.42 -4.42 -10 -102.39 -5.77
2 24 -10 -102.39 -5.77 -10 -104.42 -4.42
3 16 -10 -110 -10 -10 -102.39 -5.77 -10 -100 -6.25
2 24 -10 -100 -6.25 -10 -102.39 -5.77
4 16 -10 -100 -6.25 -10 -97.61 -5.77 -10 97.61 -5.77 -10 -110 -10
2 24 -10 -97.61 -5.77 -10 -100 -6.25
4 16 -10 -110 -10 -10 97.61 -5.77 -10 100 -6.25 -10 110 -10
2 24 -10 100 -6.25 -10 97.61 -5.77
2 24 -10 -110 -10 -10 110 -10
3 16 -10 110 -10 -10 100 -6.25 -10 102.39 -5.77
2 24 -10 102.39 -5.77 -10 100 -6.25
4 16 -10 97.61 -5.77 -10 -97.61 -5.77 -10 -95.58 -4.42 -10 95.58 -4.42
2 24 -10 -95.58 -4.42 -10 -97.61 -5.77
2 24 -10 97.61 -5.77 -10 95.58 -4.42
4 16 -10 95.58 -4.42 -10 -95.58 -4.42 -10 -94.23 -2.39 -10 94.23 -2.39
2 24 -10 -94.23 -2.39 -10 -95.58 -4.42
2 24 -10 95.58 -4.42 -10 94.23 -2.39
4 16 -10 94.23 -2.39 -10 -94.23 -2.39 -10 -93.75 0 -10 93.75 0
2 24 -10 -93.75 0 -10 -94.23 -2.39
2 24 -10 94.23 -2.39 -10 93.75 0
4 16 -10 93.75 0 -10 -93.75 0 -10 -94.23 2.39 -10 94.23 2.39
2 24 -10 -94.23 2.39 -10 -93.75 0
2 24 -10 93.75 0 -10 94.23 2.39
4 16 -10 94.23 2.39 -10 -94.23 2.39 -10 -95.58 4.42 -10 95.58 4.42
2 24 -10 -95.58 4.42 -10 -94.23 2.39
2 24 -10 94.23 2.39 -10 95.58 4.42
4 16 -10 95.58 4.42 -10 -95.58 4.42 -10 -97.61 5.77 -10 97.61 5.77
2 24 -10 -97.61 5.77 -10 -95.58 4.42
2 24 -10 95.58 4.42 -10 97.61 5.77
4 16 -10 97.61 5.77 -10 -97.61 5.77 -10 110 10 -10 100 6.25
2 24 -10 97.61 5.77 -10 100 6.25
4 16 -10 110 10 -10 -97.61 5.77 -10 -100 6.25 -10 -110 10
2 24 -10 -100 6.25 -10 -97.61 5.77
2 24 -10 110 10 -10 -110 10
3 16 -10 -110 10 -10 -100 6.25 -10 -102.39 5.77
2 24 -10 -102.39 5.77 -10 -100 6.25
3 16 -10 -110 10 -10 -102.39 5.77 -10 -104.42 4.42
2 24 -10 -104.42 4.42 -10 -102.39 5.77
3 16 -10 102.39 -5.77 -10 104.42 -4.42 -10 110 -10
2 24 -10 104.42 -4.42 -10 102.39 -5.77
3 16 -10 110 -10 -10 104.42 -4.42 -10 105.77 -2.39
2 24 -10 105.77 -2.39 -10 104.42 -4.42
3 16 -10 110 -10 -10 105.77 -2.39 -10 106.25 0
2 24 -10 106.25 0 -10 105.77 -2.39
4 16 -10 110 -10 -10 106.25 0 -10 105.77 2.39 -10 110 10
2 24 -10 105.77 2.39 -10 106.25 0
2 24 -10 110 -10 -10 110 10
3 16 -10 110 10 -10 105.77 2.39 -10 104.42 4.42
2 24 -10 104.42 4.42 -10 105.77 2.39
3 16 -10 104.42 4.42 -10 102.39 5.77 -10 110 10
2 24 -10 102.39 5.77 -10 104.42 4.42
3 16 -10 110 10 -10 102.39 5.77 -10 100 6.25
2 24 -10 100 6.25 -10 102.39 5.77

4 16 2.39 -65.77 10 2.39 -74.23 10 9 -65.77 10 4.42 -64.42 10
3 16 9 -65.77 10 2.39 -74.23 10 4.42 -75.58 10
4 16 9 -65.77 10 4.42 -75.58 10 9 -76.79 10 16.76 -74 10
2 24 16.76 -74 10 9 -76.79 10
3 16 9 -76.79 10 4.42 -75.58 10 5.77 -77.61 10
4 16 9 -76.79 10 5.77 -77.61 10 6.25 -80 10 9 -80.03 10
2 24 9 -76.79 10 9 -80.03 10
3 16 9 -80.03 10 6.25 -80 10 5.77 -82.39 10
4 16 9 -65.77 10 16.76 -74 10 17.65 -73.33 10 16.76 -68.56 10
2 24 17.65 -73.33 10 16.76 -74 10
2 24 9 -65.77 10 16.76 -68.56 10
4 16 16.76 -68.56 10 17.65 -73.33 10 18.25 -72.38 10 18.46 -71.28 10
2 24 18.25 -72.38 10 17.65 -73.33 10
2 24 18.46 -71.28 10 18.25 -72.38 10
4 16 18.46 -71.28 10 18.25 -70.18 10 17.65 -69.23 10 16.76 -68.56 10
2 24 18.25 -70.18 10 18.46 -71.28 10
2 24 17.65 -69.23 10 18.25 -70.18 10
2 24 16.76 -68.56 10 17.65 -69.23 10
4 16 5.77 -57.61 10 6.25 -60 10 9 -62.54 10 16.76 -59.75 10
2 24 16.76 -59.75 10 9 -62.54 10
3 16 9 -62.54 10 6.25 -60 10 5.77 -62.39 10
4 16 9 -62.54 10 5.77 -62.39 10 4.42 -64.42 10 9 -65.77 10
2 24 9 -62.54 10 9 -65.77 10
4 16 5.77 -57.61 10 16.76 -59.75 10 17.65 -59.08 10 16.76 -54.3 10
2 24 17.65 -59.08 10 16.76 -59.75 10
4 16 5.77 -57.61 10 16.76 -54.3 10 9 -51.51 10 4.42 -55.58 10
2 24 9 -51.51 10 16.76 -54.3 10
4 16 16.76 -54.3 10 17.65 -59.08 10 18.25 -58.13 10 18.46 -57.02 10
2 24 18.25 -58.13 10 17.65 -59.08 10
2 24 18.46 -57.02 10 18.25 -58.13 10
4 16 18.46 -57.02 10 18.25 -55.92 10 17.65 -54.97 10 16.76 -54.3 10
2 24 18.25 -55.92 10 18.46 -57.02 10
2 24 17.65 -54.97 10 18.25 -55.92 10
2 24 16.76 -54.3 10 17.65 -54.97 10
4 16 5.77 -42.39 10 4.42 -44.42 10 9 -48.28 10 16.76 -45.49 10
2 24 16.76 -45.49 10 9 -48.28 10
4 16 9 -48.28 10 4.42 -44.42 10 2.39 -45.77 10 9 -51.51 10
2 24 9 -48.28 10 9 -51.51 10
4 16 9 -51.51 10 2.39 -45.77 10 2.39 -54.23 10 4.42 -55.58 10
4 16 5.77 -42.39 10 16.76 -45.49 10 17.65 -44.82 10 16.76 -40.05 10
2 24 17.65 -44.82 10 16.76 -45.49 10
4 16 5.77 -42.39 10 16.76 -40.05 10 9 -37.26 10 6.25 -40 10
2 24 9 -37.26 10 16.76 -40.05 10
4 16 16.76 -40.05 10 17.65 -44.82 10 18.25 -43.87 10 18.46 -42.77 10
2 24 18.25 -43.87 10 17.65 -44.82 10
2 24 18.46 -42.77 10 18.25 -43.87 10
4 16 18.46 -42.77 10 18.25 -41.67 10 17.65 -40.72 10 16.76 -40.05 10
2 24 18.25 -41.67 10 18.46 -42.77 10
2 24 17.65 -40.72 10 18.25 -41.67 10
2 24 16.76 -40.05 10 17.65 -40.72 10
3 16 2.39 -34.23 10 4.42 -35.58 10 9 -34.02 10
3 16 9 -34.02 10 4.42 -35.58 10 5.77 -37.61 10
4 16 9 -34.02 10 5.77 -37.61 10 6.25 -40 10 9 -37.26 10
2 24 9 -34.02 10 9 -37.26 10
4 16 16.76 -31.24 10 17.65 -30.57 10 16.76 -25.79 10 9 -34.02 10
2 24 17.65 -30.57 10 16.76 -31.24 10
2 24 16.76 -31.24 10 9 -34.02 10
3 16 9 -34.02 10 16.76 -25.79 10 9 -23 10
2 24 9 -23 10 16.76 -25.79 10
4 16 9 -34.02 10 9 -23 10 5.77 -22.39 10 4.42 -24.42 10
4 16 16.76 -25.79 10 17.65 -30.57 10 18.25 -29.61 10 18.46 -28.51 10
2 24 18.25 -29.61 10 17.65 -30.57 10
2 24 18.46 -28.51 10 18.25 -29.61 10
4 16 18.46 -28.51 10 18.25 -27.41 10 17.65 -26.46 10 16.76 -25.79 10
2 24 18.25 -27.41 10 18.46 -28.51 10
2 24 17.65 -26.46 10 18.25 -27.41 10
2 24 16.76 -25.79 10 17.65 -26.46 10
3 16 5.77 -22.39 10 9 -23 10 6.25 -20 10
4 16 6.25 -20 10 9 -23 10 9 -19.77 10 5.77 -17.61 10
2 24 9 -19.77 10 9 -23 10
4 16 5.77 -17.61 10 9 -19.77 10 16.76 -16.98 10 9 -8.74 10
2 24 16.76 -16.98 10 9 -19.77 10
3 16 5.77 -17.61 10 9 -8.74 10 4.42 -15.58 10
3 16 4.42 -15.58 10 9 -8.74 10 2.39 -14.23 10
4 16 9 -8.74 10 16.76 -16.98 10 17.65 -16.31 10 16.76 -11.53 10
2 24 17.65 -16.31 10 16.76 -16.98 10
2 24 9 -8.74 10 16.76 -11.53 10
4 16 16.76 -11.53 10 17.65 -16.31 10 18.25 -15.36 10 18.46 -14.26 10
2 24 18.25 -15.36 10 17.65 -16.31 10
2 24 18.46 -14.26 10 18.25 -15.36 10
4 16 18.46 -14.26 10 18.25 -13.15 10 17.65 -12.2 10 16.76 -11.53 10
2 24 18.25 -13.15 10 18.46 -14.26 10
2 24 17.65 -12.2 10 18.25 -13.15 10
2 24 16.76 -11.53 10 17.65 -12.2 10
4 16 6.25 0 10 5.77 -2.39 10 9 -5.51 10 16.76 -2.72 10
2 24 16.76 -2.72 10 9 -5.51 10
4 16 9 -5.51 10 5.77 -2.39 10 4.42 -4.42 10 9 -8.74 10
2 24 9 -5.51 10 9 -8.74 10
4 16 9 -8.74 10 4.42 -4.42 10 2.39 -5.77 10 2.39 -14.23 10
4 16 2.39 -14.23 10 2.39 -5.77 10 0 -6.25 10 0 -13.75 10
4 16 0 -13.75 10 0 -6.25 10 -2.39 -5.77 10 -2.39 -14.23 10
4 16 -2.39 -14.23 10 -2.39 -5.77 10 -4.42 -4.42 10 -4.42 -15.58 10
4 16 -4.42 -15.58 10 -4.42 -4.42 10 -5.77 -2.39 10 -5.77 -17.61 10
4 16 -5.77 -17.61 10 -5.77 -2.39 10 -6.25 0 10 -6.25 -20 10
3 16 -6.25 -20 10 -6.25 0 10 -10 -110 10
3 16 -6.25 -20 10 -10 -110 10 -6.25 -40 10
3 16 -6.25 -40 10 -10 -110 10 -6.25 -60 10
4 16 -6.25 -40 10 -6.25 -60 10 -5.77 -57.61 10 -5.77 -42.39 10
4 16 6.25 0 10 16.76 -2.72 10 17.65 -2.05 10 16.76 2.72 10
2 24 17.65 -2.05 10 16.76 -2.72 10
4 16 6.25 0 10 16.76 2.72 10 9 5.51 10 5.77 2.39 10
2 24 9 5.51 10 16.76 2.72 10
4 16 16.76 2.72 10 17.65 -2.05 10 18.25 -1.1 10 18.46 0 10
2 24 18.25 -1.1 10 17.65 -2.05 10
2 24 18.46 0 10 18.25 -1.1 10
4 16 18.46 0 10 18.25 1.1 10 17.65 2.05 10 16.76 2.72 10
2 24 18.25 1.1 10 18.46 0 10
2 24 17.65 2.05 10 18.25 1.1 10
2 24 16.76 2.72 10 17.65 2.05 10
4 16 2.39 14.23 10 2.39 5.77 10 9 8.74 10 4.42 15.58 10
3 16 9 8.74 10 2.39 5.77 10 4.42 4.42 10
4 16 9 8.74 10 4.42 4.42 10 5.77 2.39 10 9 5.51 10
2 24 9 8.74 10 9 5.51 10
4 16 17.65 12.2 10 18.25 13.15 10 18.46 14.26 10 16.76 11.53 10
2 24 18.25 13.15 10 17.65 12.2 10
2 24 18.46 14.26 10 18.25 13.15 10
2 24 17.65 12.2 10 16.76 11.53 10
3 16 16.76 11.53 10 18.46 14.26 10 16.76 16.98 10
4 16 16.76 11.53 10 16.76 16.98 10 9 19.77 10 9 8.74 10
2 24 9 19.77 10 16.76 16.98 10
2 24 16.76 11.53 10 9 8.74 10
4 16 9 8.74 10 9 19.77 10 5.77 17.61 10 4.42 15.58 10
3 16 5.77 17.61 10 9 19.77 10 6.25 20 10
4 16 18.46 14.26 10 18.25 15.36 10 17.65 16.31 10 16.76 16.98 10
2 24 18.25 15.36 10 18.46 14.26 10
2 24 17.65 16.31 10 18.25 15.36 10
2 24 16.76 16.98 10 17.65 16.31 10
4 16 9 19.77 10 9 23 10 5.77 22.39 10 6.25 20 10
2 24 9 23 10 9 19.77 10
3 16 17.65 26.46 10 16.76 31.24 10 16.76 25.79 10
2 24 17.65 26.46 10 16.76 25.79 10
4 16 16.76 25.79 10 16.76 31.24 10 9 34.02 10 9 23 10
2 24 9 34.02 10 16.76 31.24 10
2 24 16.76 25.79 10 9 23 10
4 16 9 23 10 9 34.02 10 4.42 24.42 10 5.77 22.39 10
4 16 17.65 26.46 10 18.25 27.41 10 18.46 28.51 10 16.76 31.24 10
2 24 18.25 27.41 10 17.65 26.46 10
2 24 18.46 28.51 10 18.25 27.41 10
4 16 16.76 31.24 10 18.46 28.51 10 18.25 29.61 10 17.65 30.57 10
2 24 18.25 29.61 10 18.46 28.51 10
2 24 17.65 30.57 10 18.25 29.61 10
2 24 16.76 31.24 10 17.65 30.57 10
4 16 5.77 42.39 10 6.25 40 10 9 37.26 10 16.76 40.05 10
2 24 16.76 40.05 10 9 37.26 10
3 16 9 37.26 10 6.25 40 10 5.77 37.61 10
4 16 9 37.26 10 5.77 37.61 10 4.42 35.58 10 9 34.02 10
2 24 9 37.26 10 9 34.02 10
3 16 9 34.02 10 4.42 35.58 10 2.39 34.23 10
4 16 5.77 42.39 10 16.76 40.05 10 17.65 40.71 10 16.76 45.49 10
2 24 17.65 40.71 10 16.76 40.05 10
4 16 5.77 42.39 10 16.76 45.49 10 9 48.28 10 4.42 44.42 10
2 24 9 48.28 10 16.76 45.49 10
4 16 16.76 45.49 10 17.65 40.71 10 18.25 41.67 10 18.46 42.77 10
2 24 18.25 41.67 10 17.65 40.71 10
2 24 18.46 42.77 10 18.25 41.67 10
4 16 18.46 42.77 10 18.25 43.87 10 17.65 44.82 10 16.76 45.49 10
2 24 18.25 43.87 10 18.46 42.77 10
2 24 17.65 44.82 10 18.25 43.87 10
2 24 16.76 45.49 10 17.65 44.82 10
4 16 4.42 55.58 10 2.39 54.23 10 2.39 45.77 10 9 51.51 10
4 16 9 51.51 10 2.39 45.77 10 4.42 44.42 10 9 48.28 10
2 24 9 51.51 10 9 48.28 10
4 16 4.42 55.58 10 9 51.51 10 16.76 54.3 10 5.77 57.61 10
2 24 16.76 54.3 10 9 51.51 10
4 16 5.77 57.61 10 16.76 54.3 10 17.65 54.97 10 16.76 59.75 10
2 24 17.65 54.97 10 16.76 54.3 10
4 16 16.76 59.75 10 17.65 54.97 10 18.25 55.92 10 18.46 57.02 10
2 24 18.25 55.92 10 17.65 54.97 10
2 24 18.46 57.02 10 18.25 55.92 10
4 16 16.76 59.75 10 18.46 57.02 10 18.25 58.13 10 17.65 59.08 10
2 24 18.25 58.13 10 18.46 57.02 10
2 24 17.65 59.08 10 18.25 58.13 10
2 24 16.76 59.75 10 17.65 59.08 10
4 16 16.76 59.75 10 9 62.54 10 6.25 60 10 5.77 57.61 10
2 24 9 62.54 10 16.76 59.75 10
3 16 6.25 60 10 9 62.54 10 5.77 62.39 10
4 16 5.77 62.39 10 9 62.54 10 9 65.77 10 4.42 64.42 10
2 24 9 65.77 10 9 62.54 10
3 16 4.42 64.42 10 9 65.77 10 2.39 65.77 10
3 16 17.65 69.23 10 16.76 74 10 16.76 68.56 10
2 24 17.65 69.23 10 16.76 68.56 10
4 16 16.76 68.56 10 16.76 74 10 9 76.79 10 9 65.77 10
2 24 9 76.79 10 16.76 74 10
2 24 16.76 68.56 10 9 65.77 10
4 16 9 65.77 10 9 76.79 10 5.77 77.61 10 4.42 75.58 10
3 16 9 65.77 10 4.42 75.58 10 2.39 74.23 10
4 16 17.65 69.23 10 18.25 70.18 10 18.46 71.28 10 16.76 74 10
2 24 18.25 70.18 10 17.65 69.23 10
2 24 18.46 71.28 10 18.25 70.18 10
4 16 16.76 74 10 18.46 71.28 10 18.25 72.38 10 17.65 73.33 10
2 24 18.25 72.38 10 18.46 71.28 10
2 24 17.65 73.33 10 18.25 72.38 10
2 24 16.76 74 10 17.65 73.33 10
4 16 5.77 77.61 10 9 76.79 10 9 80.02 10 6.25 80 10
2 24 9 80.02 10 9 76.79 10
3 16 6.25 80 10 9 80.02 10 5.77 82.39 10
4 16 17.65 83.48 10 16.76 88.26 10 11.92 90 10 16.76 82.81 10
2 24 11.92 90 10 16.76 88.26 10
2 24 17.65 83.48 10 16.76 82.81 10
4 16 16.76 82.81 10 11.92 90 10 10 90 10 9 80.02 10
2 24 10 90 10 11.92 90 10
2 24 16.76 82.81 10 9 80.02 10
4 16 9 80.02 10 10 90 10 4.42 84.42 10 5.77 82.39 10
4 16 17.65 83.48 10 18.25 84.43 10 18.46 85.54 10 16.76 88.26 10
2 24 18.25 84.43 10 17.65 83.48 10
2 24 18.46 85.54 10 18.25 84.43 10
4 16 16.76 88.26 10 18.46 85.54 10 18.25 86.64 10 17.66 87.59 10
2 24 18.25 86.64 10 18.46 85.54 10
2 24 17.66 87.59 10 18.25 86.64 10
2 24 16.76 88.26 10 17.66 87.59 10
3 16 4.42 104.42 10 5.77 102.39 10 10 110 10
2 24 5.77 102.39 10 4.42 104.42 10
3 16 10 110 10 5.77 102.39 10 6.25 100 10
2 24 6.25 100 10 5.77 102.39 10
4 16 10 110 10 6.25 100 10 5.77 97.61 10 10 90 10
2 24 5.77 97.61 10 6.25 100 10
3 16 10 90 10 5.77 97.61 10 4.42 95.58 10
2 24 4.42 95.58 10 5.77 97.61 10
3 16 -4.42 104.42 10 -2.39 105.77 10 -10 110 10
2 24 -2.39 105.77 10 -4.42 104.42 10
3 16 -10 110 10 -2.39 105.77 10 0 106.25 10
2 24 0 106.25 10 -2.39 105.77 10
4 16 -10 110 10 0 106.25 10 2.39 105.77 10 10 110 10
2 24 2.39 105.77 10 0 106.25 10
2 24 -10 110 10 10 110 10
3 16 10 110 10 2.39 105.77 10 4.42 104.42 10
2 24 4.42 104.42 10 2.39 105.77 10
3 16 -10 -110 10 -6.25 0 10 -10 110 10
3 16 -10 110 10 -6.25 0 10 -6.25 20 10
3 16 -10 110 10 -6.25 20 10 -6.25 40 10
4 16 -6.25 40 10 -6.25 20 10 -5.77 22.39 10 -5.77 37.61 10
4 16 -5.77 37.61 10 -5.77 22.39 10 -4.42 24.42 10 -4.42 35.58 10
4 16 -4.42 35.58 10 -4.42 24.42 10 -2.39 25.77 10 -2.39 34.23 10
4 16 -2.39 34.23 10 -2.39 25.77 10 0 26.25 10 0 33.75 10
4 16 0 33.75 10 0 26.25 10 2.39 25.77 10 2.39 34.23 10
4 16 2.39 34.23 10 2.39 25.77 10 4.42 24.42 10 9 34.02 10
3 16 4.42 -104.42 10 2.39 -105.77 10 10 -110 10
2 24 4.42 -104.42 10 2.39 -105.77 10
3 16 10 -110 10 2.39 -105.77 10 0 -106.25 10
2 24 2.39 -105.77 10 0 -106.25 10
4 16 10 -110 10 0 -106.25 10 -2.39 -105.77 10 -10 -110 10
2 24 0 -106.25 10 -2.39 -105.77 10
2 24 10 -110 10 -10 -110 10
3 16 -10 -110 10 -2.39 -105.77 10 -4.42 -104.42 10
2 24 -2.39 -105.77 10 -4.42 -104.42 10
3 16 4.42 -95.58 10 5.77 -97.61 10 10 -90 10
2 24 4.42 -95.58 10 5.77 -97.61 10
3 16 10 -90 10 5.77 -97.61 10 6.25 -100 10
2 24 5.77 -97.61 10 6.25 -100 10
4 16 10 -90 10 6.25 -100 10 5.77 -102.39 10 10 -110 10
2 24 6.25 -100 10 5.77 -102.39 10
2 24 10 -90 10 10 -110 10
3 16 10 -110 10 5.77 -102.39 10 4.42 -104.42 10
2 24 5.77 -102.39 10 4.42 -104.42 10
4 16 16.76 -88.26 10 17.65 -87.59 10 16.76 -82.81 10 11.92 -90 10
2 24 17.65 -87.59 10 16.76 -88.26 10
2 24 16.76 -88.26 10 11.92 -90 10
4 16 11.92 -90 10 16.76 -82.81 10 9 -80.03 10 10 -90 10
2 24 9 -80.03 10 16.76 -82.81 10
2 24 11.92 -90 10 10 -90 10
4 16 10 -90 10 9 -80.03 10 5.77 -82.39 10 4.42 -84.42 10
4 16 16.76 -82.81 10 17.65 -87.59 10 18.25 -86.64 10 18.46 -85.54 10
2 24 18.25 -86.64 10 17.65 -87.59 10
2 24 18.46 -85.54 10 18.25 -86.64 10
4 16 16.76 -82.81 10 18.46 -85.54 10 18.25 -84.43 10 17.65 -83.48 10
2 24 18.25 -84.43 10 18.46 -85.54 10
2 24 17.65 -83.48 10 18.25 -84.43 10
2 24 16.76 -82.81 10 17.65 -83.48 10
3 16 4.42 -84.42 10 2.39 -85.77 10 10 -90 10
4 16 10 -90 10 2.39 -85.77 10 2.39 -94.23 10 4.42 -95.58 10
2 24 2.39 -94.23 10 4.42 -95.58 10
4 16 2.39 -85.77 10 0 -86.25 10 0 -93.75 10 2.39 -94.23 10
2 24 0 -93.75 10 2.39 -94.23 10
4 16 0 -86.25 10 -2.39 -85.77 10 -2.39 -94.23 10 0 -93.75 10
2 24 -2.39 -94.23 10 0 -93.75 10
4 16 -2.39 -85.77 10 -4.42 -84.42 10 -4.42 -95.58 10 -2.39 -94.23 10
2 24 -4.42 -95.58 10 -2.39 -94.23 10
4 16 -4.42 -84.42 10 -5.77 -82.39 10 -5.77 -97.61 10 -4.42 -95.58 10
2 24 -5.77 -97.61 10 -4.42 -95.58 10
4 16 -5.77 -97.61 10 -5.77 -82.39 10 -10 -110 10 -6.25 -100 10
2 24 -6.25 -100 10 -5.77 -97.61 10
3 16 -10 -110 10 -5.77 -82.39 10 -6.25 -80 10
3 16 -10 -110 10 -6.25 -80 10 -6.25 -60 10
4 16 -6.25 -60 10 -6.25 -80 10 -5.77 -77.61 10 -5.77 -62.39 10
4 16 -5.77 -62.39 10 -5.77 -77.61 10 -4.42 -75.58 10 -4.42 -64.42 10
4 16 -4.42 -64.42 10 -4.42 -75.58 10 -2.39 -74.23 10 -2.39 -65.77 10
4 16 -2.39 -65.77 10 -2.39 -74.23 10 0 -73.75 10 0 -66.25 10
4 16 0 -66.25 10 0 -73.75 10 2.39 -74.23 10 2.39 -65.77 10
4 16 -5.77 -42.39 10 -5.77 -57.61 10 -4.42 -55.58 10 -4.42 -44.42 10
4 16 -4.42 -44.42 10 -4.42 -55.58 10 -2.39 -54.23 10 -2.39 -45.77 10
4 16 -2.39 -45.77 10 -2.39 -54.23 10 0 -53.75 10 0 -46.25 10
4 16 0 -46.25 10 0 -53.75 10 2.39 -54.23 10 2.39 -45.77 10
4 16 -6.25 -40 10 -5.77 -37.61 10 -5.77 -22.39 10 -6.25 -20 10
4 16 -5.77 -37.61 10 -4.42 -35.58 10 -4.42 -24.42 10 -5.77 -22.39 10
4 16 -4.42 -35.58 10 -2.39 -34.23 10 -2.39 -25.77 10 -4.42 -24.42 10
4 16 -2.39 -34.23 10 0 -33.75 10 0 -26.25 10 -2.39 -25.77 10
4 16 0 -33.75 10 2.39 -34.23 10 2.39 -25.77 10 0 -26.25 10
4 16 4.42 -24.42 10 2.39 -25.77 10 2.39 -34.23 10 9 -34.02 10
4 16 -6.25 0 10 -5.77 2.39 10 -5.77 17.61 10 -6.25 20 10
4 16 -5.77 2.39 10 -4.42 4.42 10 -4.42 15.58 10 -5.77 17.61 10
4 16 -4.42 4.42 10 -2.39 5.77 10 -2.39 14.23 10 -4.42 15.58 10
4 16 -2.39 5.77 10 0 6.25 10 0 13.75 10 -2.39 14.23 10
4 16 0 6.25 10 2.39 5.77 10 2.39 14.23 10 0 13.75 10
3 16 -10 110 10 -6.25 40 10 -6.25 60 10
4 16 -6.25 60 10 -6.25 40 10 -5.77 42.39 10 -5.77 57.61 10
4 16 -5.77 57.61 10 -5.77 42.39 10 -4.42 44.42 10 -4.42 55.58 10
4 16 -4.42 55.58 10 -4.42 44.42 10 -2.39 45.77 10 -2.39 54.23 10
4 16 -2.39 54.23 10 -2.39 45.77 10 0 46.25 10 0 53.75 10
4 16 0 53.75 10 0 46.25 10 2.39 45.77 10 2.39 54.23 10
3 16 -10 110 10 -6.25 60 10 -6.25 80 10
4 16 -6.25 80 10 -6.25 60 10 -5.77 62.39 10 -5.77 77.61 10
3 16 -5.77 77.61 10 -5.77 62.39 10 -4.42 64.42 10
4 16 -5.77 77.61 10 -4.42 64.42 10 -2.39 65.77 10 -4.42 75.58 10
4 16 -4.42 75.58 10 -2.39 65.77 10 0 66.25 10 -2.39 74.23 10
4 16 -2.39 74.23 10 0 66.25 10 2.39 65.77 10 0 73.75 10
4 16 0 73.75 10 2.39 65.77 10 9 65.77 10 2.39 74.23 10
3 16 -6.25 80 10 -5.77 82.39 10 -10 110 10
4 16 -10 110 10 -5.77 82.39 10 -5.77 97.61 10 -6.25 100 10
2 24 -6.25 100 10 -5.77 97.61 10
4 16 -5.77 82.39 10 -4.42 84.42 10 -4.42 95.58 10 -5.77 97.61 10
2 24 -5.77 97.61 10 -4.42 95.58 10
4 16 -4.42 84.42 10 -2.39 85.77 10 -2.39 94.23 10 -4.42 95.58 10
2 24 -4.42 95.58 10 -2.39 94.23 10
4 16 -2.39 85.77 10 0 86.25 10 0 93.75 10 -2.39 94.23 10
2 24 -2.39 94.23 10 0 93.75 10
4 16 0 86.25 10 2.39 85.77 10 2.39 94.23 10 0 93.75 10
2 24 0 93.75 10 2.39 94.23 10
4 16 2.39 94.23 10 2.39 85.77 10 10 90 10 4.42 95.58 10
2 24 2.39 94.23 10 4.42 95.58 10
3 16 10 90 10 2.39 85.77 10 4.42 84.42 10
3 16 -6.25 100 10 -5.77 102.39 10 -10 110 10
2 24 -5.77 102.39 10 -6.25 100 10
3 16 -10 110 10 -5.77 102.39 10 -4.42 104.42 10
2 24 -4.42 104.42 10 -5.77 102.39 10
3 16 -4.42 -104.42 10 -5.77 -102.39 10 -10 -110 10
2 24 -4.42 -104.42 10 -5.77 -102.39 10
3 16 -10 -110 10 -5.77 -102.39 10 -6.25 -100 10
2 24 -5.77 -102.39 10 -6.25 -100 10

3 16 10 -95.58 4.42 10 -94.23 2.39 10 -90 10
2 24 10 -95.58 4.42 10 -94.23 2.39
3 16 10 -90 10 10 -94.23 2.39 10 -93.75 0
2 24 10 -94.23 2.39 10 -93.75 0
4 16 10 -90 10 10 -93.75 0 10 -94.23 -2.39 10 -90 -10
2 24 10 -93.75 0 10 -94.23 -2.39
2 24 10 -90 10 10 -90 -10
3 16 10 -90 -10 10 -94.23 -2.39 10 -95.58 -4.42
2 24 10 -94.23 -2.39 10 -95.58 -4.42
3 16 10 -104.42 4.42 10 -102.39 5.77 10 -110 10
2 24 10 -104.42 4.42 10 -102.39 5.77
3 16 10 -110 10 10 -102.39 5.77 10 -100 6.25
2 24 10 -102.39 5.77 10 -100 6.25
4 16 10 -110 10 10 -100 6.25 10 -97.61 5.77 10 -90 10
2 24 10 -100 6.25 10 -97.61 5.77
3 16 10 -90 10 10 -97.61 5.77 10 -95.58 4.42
2 24 10 -97.61 5.77 10 -95.58 4.42
3 16 10 -104.42 -4.42 10 -105.77 -2.39 10 -110 -10
2 24 10 -104.42 -4.42 10 -105.77 -2.39
3 16 10 -110 -10 10 -105.77 -2.39 10 -106.25 0
2 24 10 -105.77 -2.39 10 -106.25 0
4 16 10 -110 -10 10 -106.25 0 10 -105.77 2.39 10 -110 10
2 24 10 -106.25 0 10 -105.77 2.39
2 24 10 -110 10 10 -110 -10
3 16 10 -110 10 10 -105.77 2.39 10 -104.42 4.42
2 24 10 -105.77 2.39 10 -104.42 4.42
3 16 10 -95.58 -4.42 10 -97.61 -5.77 10 -90 -10
2 24 10 -95.58 -4.42 10 -97.61 -5.77
3 16 10 -90 -10 10 -97.61 -5.77 10 -100 -6.25
2 24 10 -97.61 -5.77 10 -100 -6.25
4 16 10 -90 -10 10 -100 -6.25 10 -102.39 -5.77 10 -110 -10
2 24 10 -100 -6.25 10 -102.39 -5.77
2 24 10 -90 -10 10 -110 -10
3 16 10 -110 -10 10 -102.39 -5.77 10 -104.42 -4.42
2 24 10 -102.39 -5.77 10 -104.42 -4.42

3 16 5.77 -97.61 -10 10 -90 -10 6.25 -100 -10
2 24 6.25 -100 -10 5.77 -97.61 -10
4 16 6.25 -100 -10 10 -90 -10 10 -110 -10 5.77 -102.39 -10
2 24 5.77 -102.39 -10 6.25 -100 -10
3 16 5.77 -102.39 -10 10 -110 -10 4.42 -104.42 -10
2 24 4.42 -104.42 -10 5.77 -102.39 -10
3 16 5.77 -97.61 -10 4.42 -95.58 -10 10 -90 -10
2 24 5.77 -97.61 -10 4.42 -95.58 -10
3 16 10 -90 -10 4.42 -95.58 -10 2.39 -94.23 -10
2 24 4.42 -95.58 -10 2.39 -94.23 -10
4 16 10 -90 -10 2.39 -94.23 -10 2.39 -85.77 -10 4.42 -84.42 -10
4 16 2.39 -85.77 -10 2.39 -94.23 -10 0 -93.75 -10 0 -86.25 -10
2 24 2.39 -94.23 -10 0 -93.75 -10
4 16 0 -86.25 -10 0 -93.75 -10 -2.39 -94.23 -10 -2.39 -85.77 -10
2 24 0 -93.75 -10 -2.39 -94.23 -10
4 16 -2.39 -85.77 -10 -2.39 -94.23 -10 -4.42 -95.58 -10 -4.42 -84.42 -10
2 24 -2.39 -94.23 -10 -4.42 -95.58 -10
4 16 -4.42 -84.42 -10 -4.42 -95.58 -10 -5.77 -97.61 -10 -5.77 -82.39 -10
2 24 -4.42 -95.58 -10 -5.77 -97.61 -10
4 16 -5.77 -82.39 -10 -5.77 -97.61 -10 -6.25 -100 -10 -10 -110 -10
2 24 -5.77 -97.61 -10 -6.25 -100 -10
3 16 -5.77 -82.39 -10 -10 -110 -10 -6.25 -80 -10
3 16 -6.25 -80 -10 -10 -110 -10 -6.25 -60 -10
4 16 -6.25 -80 -10 -6.25 -60 -10 -5.77 -62.39 -10 -5.77 -77.61 -10
4 16 -5.77 -77.61 -10 -5.77 -62.39 -10 -4.42 -64.42 -10 -4.42 -75.58 -10
4 16 -4.42 -75.58 -10 -4.42 -64.42 -10 -2.39 -65.77 -10 -2.39 -74.23 -10
4 16 -2.39 -74.23 -10 -2.39 -65.77 -10 0 -66.25 -10 0 -73.75 -10
4 16 0 -73.75 -10 0 -66.25 -10 2.39 -65.77 -10 2.39 -74.23 -10
4 16 2.39 -74.23 -10 2.39 -65.77 -10 4.42 -64.42 -10 9 -65.77 -10
3 16 9 -65.77 -10 4.42 -64.42 -10 5.77 -62.39 -10
3 16 -10 -110 -10 -6.25 -100 -10 -5.77 -102.39 -10
2 24 -6.25 -100 -10 -5.77 -102.39 -10
3 16 -10 -110 -10 -5.77 -102.39 -10 -4.42 -104.42 -10
2 24 -5.77 -102.39 -10 -4.42 -104.42 -10
3 16 -4.42 -104.42 -10 -2.39 -105.77 -10 -10 -110 -10
2 24 -4.42 -104.42 -10 -2.39 -105.77 -10
3 16 -10 -110 -10 -2.39 -105.77 -10 0 -106.25 -10
2 24 -2.39 -105.77 -10 0 -106.25 -10
4 16 -10 -110 -10 0 -106.25 -10 2.39 -105.77 -10 10 -110 -10
2 24 0 -106.25 -10 2.39 -105.77 -10
2 24 10 -110 -10 -10 -110 -10
3 16 10 -110 -10 2.39 -105.77 -10 4.42 -104.42 -10
2 24 2.39 -105.77 -10 4.42 -104.42 -10
3 16 5.77 102.39 -10 10 110 -10 6.25 100 -10
2 24 6.25 100 -10 5.77 102.39 -10
4 16 6.25 100 -10 10 110 -10 10 90 -10 5.77 97.61 -10
2 24 5.77 97.61 -10 6.25 100 -10
3 16 5.77 97.61 -10 10 90 -10 4.42 95.58 -10
2 24 4.42 95.58 -10 5.77 97.61 -10
3 16 5.77 102.39 -10 4.42 104.42 -10 10 110 -10
2 24 5.77 102.39 -10 4.42 104.42 -10
3 16 10 110 -10 4.42 104.42 -10 2.39 105.77 -10
2 24 4.42 104.42 -10 2.39 105.77 -10
3 16 10 110 -10 2.39 105.77 -10 0 106.25 -10
2 24 2.39 105.77 -10 0 106.25 -10
4 16 10 110 -10 0 106.25 -10 -2.39 105.77 -10 -10 110 -10
2 24 0 106.25 -10 -2.39 105.77 -10
2 24 -10 110 -10 10 110 -10
3 16 -10 110 -10 -2.39 105.77 -10 -4.42 104.42 -10
2 24 -2.39 105.77 -10 -4.42 104.42 -10
3 16 -4.42 104.42 -10 -5.77 102.39 -10 -10 110 -10
2 24 -4.42 104.42 -10 -5.77 102.39 -10
3 16 -10 110 -10 -5.77 102.39 -10 -6.25 100 -10
2 24 -5.77 102.39 -10 -6.25 100 -10
3 16 -10 110 -10 -6.25 100 -10 -5.77 97.61 -10
2 24 -6.25 100 -10 -5.77 97.61 -10
3 16 4.42 95.58 -10 10 90 -10 2.39 94.23 -10
2 24 2.39 94.23 -10 4.42 95.58 -10
4 16 2.39 94.23 -10 10 90 -10 4.42 84.42 -10 2.39 85.77 -10
4 16 2.39 94.23 -10 2.39 85.77 -10 0 86.25 -10 0 93.75 -10
2 24 0 93.75 -10 2.39 94.23 -10
4 16 0 93.75 -10 0 86.25 -10 -2.39 85.77 -10 -2.39 94.23 -10
2 24 -2.39 94.23 -10 0 93.75 -10
4 16 -2.39 94.23 -10 -2.39 85.77 -10 -4.42 84.42 -10 -4.42 95.58 -10
2 24 -4.42 95.58 -10 -2.39 94.23 -10
4 16 -4.42 95.58 -10 -4.42 84.42 -10 -5.77 82.39 -10 -5.77 97.61 -10
2 24 -5.77 97.61 -10 -4.42 95.58 -10
4 16 -5.77 97.61 -10 -5.77 82.39 -10 -6.25 80 -10 -10 110 -10
3 16 -10 110 -10 -6.25 80 -10 -6.25 60 -10
4 16 -6.25 60 -10 -6.25 80 -10 -5.77 77.61 -10 -5.77 62.39 -10
3 16 5.77 77.61 -10 6.25 80 -10 9 80.02 -10
3 16 9 80.02 -10 6.25 80 -10 5.77 82.39 -10
4 16 9 80.02 -10 5.77 82.39 -10 10 90 -10 11.92 90 -10
2 24 10 90 -10 11.92 90 -10
3 16 10 90 -10 5.77 82.39 -10 4.42 84.42 -10
4 16 -5.77 62.39 -10 -5.77 77.61 -10 -4.42 75.58 -10 -4.42 64.42 -10
4 16 -4.42 64.42 -10 -4.42 75.58 -10 -2.39 74.23 -10 -2.39 65.77 -10
4 16 -2.39 65.77 -10 -2.39 74.23 -10 0 73.75 -10 0 66.25 -10
4 16 0 66.25 -10 0 73.75 -10 2.39 74.23 -10 2.39 65.77 -10
4 16 2.39 65.77 -10 2.39 74.23 -10 9 65.77 -10 4.42 64.42 -10
3 16 4.42 64.42 -10 9 65.77 -10 5.77 62.39 -10
4 16 2.39 74.23 -10 4.42 75.58 -10 9 76.79 -10 9 65.77 -10
4 16 9 65.77 -10 9 76.79 -10 16.76 74 -10 16.76 68.56 -10
2 24 9 76.79 -10 16.76 74 -10
2 24 9 65.77 -10 16.76 68.56 -10
4 16 16.76 68.56 -10 16.76 74 -10 18.25 70.18 -10 17.65 69.23 -10
2 24 17.65 69.23 -10 18.25 70.18 -10
2 24 16.76 68.56 -10 17.65 69.23 -10
4 16 4.42 75.58 -10 5.77 77.61 -10 9 80.02 -10 9 76.79 -10
2 24 9 76.79 -10 9 80.02 -10
3 16 5.77 57.61 -10 6.25 60 -10 9 62.54 -10
4 16 9 62.54 -10 6.25 60 -10 5.77 62.39 -10 9 65.77 -10
2 24 9 62.54 -10 9 65.77 -10
4 16 4.42 55.58 -10 9 51.51 -10 2.39 45.77 -10 2.39 54.23 -10
4 16 2.39 54.23 -10 2.39 45.77 -10 0 46.25 -10 0 53.75 -10
4 16 0 53.75 -10 0 46.25 -10 -2.39 45.77 -10 -2.39 54.23 -10
4 16 -2.39 54.23 -10 -2.39 45.77 -10 -4.42 44.42 -10 -4.42 55.58 -10
4 16 -4.42 55.58 -10 -4.42 44.42 -10 -5.77 42.39 -10 -5.77 57.61 -10
4 16 -5.77 57.61 -10 -5.77 42.39 -10 -6.25 40 -10 -6.25 60 -10
3 16 -6.25 60 -10 -6.25 40 -10 -10 110 -10
3 16 -10 110 -10 -6.25 40 -10 -6.25 20 -10
3 16 -10 110 -10 -6.25 20 -10 -6.25 0 -10
4 16 -6.25 0 -10 -6.25 20 -10 -5.77 17.61 -10 -5.77 2.39 -10
4 16 4.42 55.58 -10 5.77 57.61 -10 16.76 54.3 -10 9 51.51 -10
2 24 9 51.51 -10 16.76 54.3 -10
3 16 5.77 37.61 -10 6.25 40 -10 9 37.26 -10
3 16 9 37.26 -10 6.25 40 -10 5.77 42.39 -10
4 16 9 37.26 -10 5.77 42.39 -10 16.76 45.49 -10 16.76 40.05 -10
2 24 9 37.26 -10 16.76 40.05 -10
4 16 16.76 40.05 -10 16.76 45.49 -10 18.25 41.67 -10 17.65 40.71 -10
2 24 17.65 40.71 -10 18.25 41.67 -10
2 24 16.76 40.05 -10 17.65 40.71 -10
4 16 16.76 45.49 -10 5.77 42.39 -10 4.42 44.42 -10 9 48.28 -10
2 24 16.76 45.49 -10 9 48.28 -10
4 16 9 48.28 -10 4.42 44.42 -10 2.39 45.77 -10 9 51.51 -10
2 24 9 48.28 -10 9 51.51 -10
4 16 -6.25 20 -10 -6.25 40 -10 -5.77 37.61 -10 -5.77 22.39 -10
4 16 -5.77 22.39 -10 -5.77 37.61 -10 -4.42 35.58 -10 -4.42 24.42 -10
4 16 -4.42 24.42 -10 -4.42 35.58 -10 -2.39 34.23 -10 -2.39 25.77 -10
4 16 -2.39 25.77 -10 -2.39 34.23 -10 0 33.75 -10 0 26.25 -10
4 16 0 26.25 -10 0 33.75 -10 2.39 34.23 -10 2.39 25.77 -10
4 16 2.39 25.77 -10 2.39 34.23 -10 4.42 35.58 -10 9 34.02 -10
4 16 9 34.02 -10 4.42 35.58 -10 5.77 37.61 -10 9 37.26 -10
2 24 9 34.02 -10 9 37.26 -10
3 16 5.77 22.39 -10 9 23 -10 6.25 20 -10
4 16 6.25 20 -10 9 23 -10 9 19.77 -10 5.77 17.61 -10
2 24 9 19.77 -10 9 23 -10
4 16 5.77 17.61 -10 9 19.77 -10 9 8.74 -10 4.42 15.58 -10
3 16 4.42 15.58 -10 9 8.74 -10 2.39 14.23 -10
3 16 5.77 22.39 -10 4.42 24.42 -10 9 23 -10
4 16 9 23 -10 4.42 24.42 -10 2.39 25.77 -10 9 34.02 -10
4 16 9 23 -10 9 34.02 -10 16.76 31.24 -10 16.76 25.79 -10
2 24 16.76 31.24 -10 9 34.02 -10
2 24 9 23 -10 16.76 25.79 -10
4 16 16.76 25.79 -10 16.76 31.24 -10 18.25 27.41 -10 17.65 26.46 -10
2 24 17.65 26.46 -10 18.25 27.41 -10
2 24 16.76 25.79 -10 17.65 26.46 -10
4 16 -5.77 2.39 -10 -5.77 17.61 -10 -4.42 15.58 -10 -4.42 4.42 -10
4 16 -4.42 4.42 -10 -4.42 15.58 -10 -2.39 14.23 -10 -2.39 5.77 -10
4 16 -2.39 5.77 -10 -2.39 14.23 -10 0 13.75 -10 0 6.25 -10
4 16 0 6.25 -10 0 13.75 -10 2.39 14.23 -10 2.39 5.77 -10
4 16 2.39 5.77 -10 2.39 14.23 -10 9 8.74 -10 4.42 4.42 -10
4 16 4.42 4.42 -10 9 8.74 -10 9 5.51 -10 5.77 2.39 -10
2 24 9 5.51 -10 9 8.74 -10
3 16 5.77 2.39 -10 9 5.51 -10 6.25 0 -10
3 16 5.77 -2.39 -10 9 -5.51 -10 4.42 -4.42 -10
4 16 4.42 -4.42 -10 9 -5.51 -10 9 -8.74 -10 2.39 -5.77 -10
2 24 9 -8.74 -10 9 -5.51 -10
4 16 2.39 -5.77 -10 9 -8.74 -10 4.42 -15.58 -10 2.39 -14.23 -10
4 16 2.39 -5.77 -10 2.39 -14.23 -10 0 -13.75 -10 0 -6.25 -10
4 16 0 -6.25 -10 0 -13.75 -10 -2.39 -14.23 -10 -2.39 -5.77 -10
4 16 -2.39 -5.77 -10 -2.39 -14.23 -10 -4.42 -15.58 -10 -4.42 -4.42 -10
4 16 -4.42 -4.42 -10 -4.42 -15.58 -10 -5.77 -17.61 -10 -5.77 -2.39 -10
4 16 -5.77 -2.39 -10 -5.77 -17.61 -10 -6.25 -20 -10 -6.25 0 -10
3 16 -6.25 0 -10 -6.25 -20 -10 -10 -110 -10
3 16 -10 -110 -10 -6.25 -20 -10 -6.25 -40 -10
3 16 -10 -110 -10 -6.25 -40 -10 -6.25 -60 -10
4 16 -6.25 -60 -10 -6.25 -40 -10 -5.77 -42.39 -10 -5.77 -57.61 -10
4 16 5.77 -2.39 -10 6.25 0 -10 16.76 -2.72 -10 9 -5.51 -10
2 24 9 -5.51 -10 16.76 -2.72 -10
3 16 4.42 -15.58 -10 9 -8.74 -10 5.77 -17.61 -10
4 16 5.77 -17.61 -10 9 -8.74 -10 9 -19.77 -10 6.25 -20 -10
4 16 6.25 -20 -10 9 -19.77 -10 9 -23 -10 5.77 -22.39 -10
2 24 9 -23 -10 9 -19.77 -10
3 16 5.77 -22.39 -10 9 -23 -10 4.42 -24.42 -10
4 16 -6.25 -40 -10 -6.25 -20 -10 -5.77 -22.39 -10 -5.77 -37.61 -10
4 16 -5.77 -37.61 -10 -5.77 -22.39 -10 -4.42 -24.42 -10 -4.42 -35.58 -10
4 16 -4.42 -35.58 -10 -4.42 -24.42 -10 -2.39 -25.77 -10 -2.39 -34.23 -10
4 16 -2.39 -34.23 -10 -2.39 -25.77 -10 0 -26.25 -10 0 -33.75 -10
4 16 0 -33.75 -10 0 -26.25 -10 2.39 -25.77 -10 2.39 -34.23 -10
4 16 2.39 -34.23 -10 2.39 -25.77 -10 9 -34.02 -10 4.42 -35.58 -10
4 16 9 -34.02 -10 2.39 -25.77 -10 4.42 -24.42 -10 9 -23 -10
4 16 5.77 -42.39 -10 6.25 -40 -10 9 -37.26 -10 16.76 -40.05 -10
2 24 9 -37.26 -10 16.76 -40.05 -10
3 16 9 -37.26 -10 6.25 -40 -10 5.77 -37.61 -10
4 16 9 -37.26 -10 5.77 -37.61 -10 4.42 -35.58 -10 9 -34.02 -10
2 24 9 -37.26 -10 9 -34.02 -10
4 16 -5.77 -57.61 -10 -5.77 -42.39 -10 -4.42 -44.42 -10 -4.42 -55.58 -10
4 16 -4.42 -55.58 -10 -4.42 -44.42 -10 -2.39 -45.77 -10 -2.39 -54.23 -10
4 16 -2.39 -54.23 -10 -2.39 -45.77 -10 0 -46.25 -10 0 -53.75 -10
4 16 0 -53.75 -10 0 -46.25 -10 2.39 -45.77 -10 2.39 -54.23 -10
4 16 2.39 -54.23 -10 2.39 -45.77 -10 9 -51.51 -10 4.42 -55.58 -10
3 16 4.42 -55.58 -10 9 -51.51 -10 5.77 -57.61 -10
4 16 9 -51.51 -10 2.39 -45.77 -10 4.42 -44.42 -10 9 -48.28 -10
2 24 9 -51.51 -10 9 -48.28 -10
3 16 9 -48.28 -10 4.42 -44.42 -10 5.77 -42.39 -10
4 16 5.77 -62.39 -10 6.25 -60 -10 9 -62.54 -10 9 -65.77 -10
2 24 9 -65.77 -10 9 -62.54 -10
4 16 9 -62.54 -10 6.25 -60 -10 5.77 -57.61 -10 16.76 -59.75 -10
2 24 16.76 -59.75 -10 9 -62.54 -10
4 16 16.76 -59.75 -10 5.77 -57.61 -10 9 -51.51 -10 16.76 -54.3 -10
2 24 9 -51.51 -10 16.76 -54.3 -10
4 16 16.76 -59.75 -10 16.76 -54.3 -10 18.25 -58.13 -10 17.65 -59.08 -10
2 24 18.25 -58.13 -10 17.65 -59.08 -10
2 24 17.65 -59.08 -10 16.76 -59.75 -10
3 16 5.77 -82.39 -10 6.25 -80 -10 9 -80.03 -10
3 16 9 -80.03 -10 6.25 -80 -10 5.77 -77.61 -10
4 16 9 -80.03 -10 5.77 -77.61 -10 4.42 -75.58 -10 9 -76.79 -10
2 24 9 -80.03 -10 9 -76.79 -10
4 16 9 -76.79 -10 4.42 -75.58 -10 2.39 -74.23 -10 9 -65.77 -10
4 16 10 -90 -10 4.42 -84.42 -10 5.77 -82.39 -10 9 -80.03 -10
4 16 9 -76.79 -10 9 -65.77 -10 16.76 -68.56 -10 16.76 -74 -10
2 24 16.76 -68.56 -10 9 -65.77 -10
2 24 9 -76.79 -10 16.76 -74 -10
4 16 16.76 -74 -10 16.76 -68.56 -10 18.25 -72.38 -10 17.65 -73.33 -10
2 24 17.65 -73.33 -10 18.25 -72.38 -10
2 24 16.76 -74 -10 17.65 -73.33 -10
3 16 17.65 -69.23 -10 18.25 -70.18 -10 16.76 -68.56 -10
2 24 18.25 -70.18 -10 17.65 -69.23 -10
2 24 17.65 -69.23 -10 16.76 -68.56 -10
4 16 16.76 -68.56 -10 18.25 -70.18 -10 18.46 -71.28 -10 18.25 -72.38 -10
2 24 18.46 -71.28 -10 18.25 -70.18 -10
2 24 18.25 -72.38 -10 18.46 -71.28 -10
4 16 10 -90 -10 9 -80.03 -10 16.76 -82.81 -10 11.92 -90 -10
2 24 9 -80.03 -10 16.76 -82.81 -10
2 24 11.92 -90 -10 10 -90 -10
4 16 11.92 -90 -10 16.76 -82.81 -10 18.46 -85.54 -10 16.76 -88.26 -10
2 24 16.76 -88.26 -10 11.92 -90 -10
4 16 16.76 -88.26 -10 18.46 -85.54 -10 18.25 -86.64 -10 17.65 -87.59 -10
2 24 18.46 -85.54 -10 18.25 -86.64 -10
2 24 18.25 -86.64 -10 17.65 -87.59 -10
2 24 17.65 -87.59 -10 16.76 -88.26 -10
4 16 17.65 -83.48 -10 18.25 -84.43 -10 18.46 -85.54 -10 16.76 -82.81 -10
2 24 17.65 -83.48 -10 18.25 -84.43 -10
2 24 18.25 -84.43 -10 18.46 -85.54 -10
2 24 16.76 -82.81 -10 17.65 -83.48 -10
3 16 -10 -110 -10 -10 110 -10 -6.25 0 -10
4 16 9 80.02 -10 11.92 90 -10 16.76 88.26 -10 16.76 82.81 -10
2 24 16.76 82.81 -10 9 80.02 -10
3 16 16.76 88.26 -10 16.76 88.26 -10 11.92 90 -10
2 24 16.76 88.26 -10 16.76 88.26 -10
2 24 11.92 90 -10 16.76 88.26 -10
3 16 17.66 87.59 -10 18.25 86.64 -10 16.76 88.26 -10
2 24 17.66 87.59 -10 18.25 86.64 -10
2 24 16.76 88.26 -10 17.66 87.59 -10
4 16 16.76 88.26 -10 18.25 86.64 -10 18.46 85.54 -10 18.25 84.43 -10
2 24 18.25 86.64 -10 18.46 85.54 -10
2 24 18.46 85.54 -10 18.25 84.43 -10
4 16 18.25 84.43 -10 17.65 83.48 -10 16.76 82.81 -10 16.76 88.26 -10
2 24 18.25 84.43 -10 17.65 83.48 -10
2 24 17.65 83.48 -10 16.76 82.81 -10
3 16 17.65 73.33 -10 18.25 72.38 -10 16.76 74 -10
2 24 18.25 72.38 -10 17.65 73.33 -10
2 24 17.65 73.33 -10 16.76 74 -10
4 16 16.76 74 -10 18.25 72.38 -10 18.46 71.28 -10 18.25 70.18 -10
2 24 18.46 71.28 -10 18.25 72.38 -10
2 24 18.25 70.18 -10 18.46 71.28 -10
4 16 9 62.54 -10 16.76 59.75 -10 16.76 54.3 -10 5.77 57.61 -10
2 24 16.76 59.75 -10 9 62.54 -10
3 16 17.65 59.08 -10 18.25 58.13 -10 16.76 59.75 -10
2 24 18.25 58.13 -10 17.65 59.08 -10
2 24 17.65 59.08 -10 16.76 59.75 -10
4 16 16.76 59.75 -10 18.25 58.13 -10 18.46 57.02 -10 18.25 55.92 -10
2 24 18.46 57.02 -10 18.25 58.13 -10
2 24 18.25 55.92 -10 18.46 57.02 -10
4 16 18.25 55.92 -10 17.65 54.97 -10 16.76 54.3 -10 16.76 59.75 -10
2 24 17.65 54.97 -10 18.25 55.92 -10
2 24 16.76 54.3 -10 17.65 54.97 -10
3 16 17.65 44.82 -10 18.25 43.87 -10 16.76 45.49 -10
2 24 18.25 43.87 -10 17.65 44.82 -10
2 24 17.65 44.82 -10 16.76 45.49 -10
4 16 16.76 45.49 -10 18.25 43.87 -10 18.46 42.77 -10 18.25 41.67 -10
2 24 18.46 42.77 -10 18.25 43.87 -10
2 24 18.25 41.67 -10 18.46 42.77 -10
3 16 17.65 30.57 -10 18.25 29.61 -10 16.76 31.24 -10
2 24 18.25 29.61 -10 17.65 30.57 -10
2 24 17.65 30.57 -10 16.76 31.24 -10
4 16 16.76 31.24 -10 18.25 29.61 -10 18.46 28.51 -10 18.25 27.41 -10
2 24 18.46 28.51 -10 18.25 29.61 -10
2 24 18.25 27.41 -10 18.46 28.51 -10
4 16 9 19.77 -10 16.76 16.98 -10 16.76 11.53 -10 9 8.74 -10
2 24 16.76 16.98 -10 9 19.77 -10
2 24 9 8.74 -10 16.76 11.53 -10
3 16 17.65 16.31 -10 18.25 15.36 -10 16.76 16.98 -10
2 24 18.25 15.36 -10 17.65 16.31 -10
2 24 17.65 16.31 -10 16.76 16.98 -10
4 16 16.76 16.98 -10 18.25 15.36 -10 18.46 14.26 -10 16.76 11.53 -10
2 24 18.46 14.26 -10 18.25 15.36 -10
4 16 16.76 11.53 -10 18.46 14.26 -10 18.25 13.15 -10 17.65 12.2 -10
2 24 18.25 13.15 -10 18.46 14.26 -10
2 24 17.65 12.2 -10 18.25 13.15 -10
2 24 16.76 11.53 -10 17.65 12.2 -10
4 16 9 5.51 -10 16.76 2.72 -10 16.76 -2.72 -10 6.25 0 -10
2 24 16.76 2.72 -10 9 5.51 -10
3 16 17.65 2.05 -10 18.25 1.1 -10 16.76 2.72 -10
2 24 17.65 2.05 -10 18.25 1.1 -10
2 24 16.76 2.72 -10 17.65 2.05 -10
4 16 16.76 2.72 -10 18.25 1.1 -10 18.46 0 -10 18.25 -1.1 -10
2 24 18.25 1.1 -10 18.46 0 -10
2 24 18.46 0 -10 18.25 -1.1 -10
4 16 18.25 -1.1 -10 17.65 -2.05 -10 16.76 -2.72 -10 16.76 2.72 -10
2 24 18.25 -1.1 -10 17.65 -2.05 -10
2 24 17.65 -2.05 -10 16.76 -2.72 -10
4 16 9 -19.77 -10 9 -8.74 -10 16.76 -11.53 -10 16.76 -16.98 -10
2 24 9 -8.74 -10 16.76 -11.53 -10
2 24 16.76 -16.98 -10 9 -19.77 -10
4 16 16.76 -16.98 -10 16.76 -11.53 -10 18.25 -15.36 -10 17.65 -16.31 -10
2 24 18.25 -15.36 -10 17.65 -16.31 -10
2 24 17.65 -16.31 -10 16.76 -16.98 -10
3 16 17.65 -12.2 -10 18.25 -13.15 -10 16.76 -11.53 -10
2 24 17.65 -12.2 -10 18.25 -13.15 -10
2 24 16.76 -11.53 -10 17.65 -12.2 -10
4 16 16.76 -11.53 -10 18.25 -13.15 -10 18.46 -14.26 -10 18.25 -15.36 -10
2 24 18.25 -13.15 -10 18.46 -14.26 -10
2 24 18.46 -14.26 -10 18.25 -15.36 -10
4 16 9 -23 -10 16.76 -25.79 -10 16.76 -31.24 -10 9 -34.02 -10
2 24 9 -23 -10 16.76 -25.79 -10
2 24 16.76 -31.24 -10 9 -34.02 -10
3 16 17.65 -26.46 -10 18.25 -27.41 -10 16.76 -25.79 -10
2 24 17.65 -26.46 -10 18.25 -27.41 -10
2 24 16.76 -25.79 -10 17.65 -26.46 -10
4 16 16.76 -25.79 -10 18.25 -27.41 -10 18.46 -28.51 -10 18.25 -29.61 -10
2 24 18.25 -27.41 -10 18.46 -28.51 -10
2 24 18.46 -28.51 -10 18.25 -29.61 -10
4 16 18.25 -29.61 -10 17.65 -30.57 -10 16.76 -31.24 -10 16.76 -25.79 -10
2 24 18.25 -29.61 -10 17.65 -30.57 -10
2 24 17.65 -30.57 -10 16.76 -31.24 -10
4 16 5.77 -42.39 -10 16.76 -40.05 -10 16.76 -45.49 -10 9 -48.28 -10
2 24 16.76 -45.49 -10 9 -48.28 -10
3 16 17.65 -40.72 -10 18.25 -41.67 -10 16.76 -40.05 -10
2 24 17.65 -40.72 -10 18.25 -41.67 -10
2 24 16.76 -40.05 -10 17.65 -40.72 -10
4 16 16.76 -40.05 -10 18.25 -41.67 -10 18.46 -42.77 -10 18.25 -43.87 -10
2 24 18.25 -41.67 -10 18.46 -42.77 -10
2 24 18.46 -42.77 -10 18.25 -43.87 -10
4 16 18.25 -43.87 -10 17.65 -44.82 -10 16.76 -45.49 -10 16.76 -40.05 -10
2 24 18.25 -43.87 -10 17.65 -44.82 -10
2 24 17.65 -44.82 -10 16.76 -45.49 -10
3 16 17.65 -54.97 -10 18.25 -55.92 -10 16.76 -54.3 -10
2 24 17.65 -54.97 -10 18.25 -55.92 -10
2 24 16.76 -54.3 -10 17.65 -54.97 -10
4 16 16.76 -54.3 -10 18.25 -55.92 -10 18.46 -57.02 -10 18.25 -58.13 -10
2 24 18.25 -55.92 -10 18.46 -57.02 -10
2 24 18.46 -57.02 -10 18.25 -58.13 -10

4 16 9 76.79 10 9 76.79 -10 9 80.02 -10 9 80.02 10
2 24 9 76.79 10 9 76.79 -10
2 24 9 80.02 -10 9 80.02 10
4 16 9 65.77 -10 9 65.77 10 9 62.54 10 9 62.54 -10
2 24 9 65.77 -10 9 65.77 10
2 24 9 62.54 10 9 62.54 -10
4 16 9 51.51 -10 9 51.51 10 9 48.28 10 9 48.28 -10
2 24 9 51.51 -10 9 51.51 10
2 24 9 48.28 10 9 48.28 -10
4 16 9 37.26 -10 9 37.26 10 9 34.02 10 9 34.02 -10
2 24 9 37.26 -10 9 37.26 10
2 24 9 34.02 10 9 34.02 -10
4 16 9 23 -10 9 23 10 9 19.77 10 9 19.77 -10
2 24 9 23 -10 9 23 10
2 24 9 19.77 10 9 19.77 -10
4 16 9 8.74 -10 9 8.74 10 9 5.51 10 9 5.51 -10
2 24 9 8.74 -10 9 8.74 10
2 24 9 5.51 10 9 5.51 -10
4 16 9 -19.77 -10 9 -19.77 10 9 -23 10 9 -23 -10
2 24 9 -19.77 -10 9 -19.77 10
2 24 9 -23 10 9 -23 -10
4 16 9 -5.51 -10 9 -5.51 10 9 -8.74 10 9 -8.74 -10
2 24 9 -5.51 -10 9 -5.51 10
2 24 9 -8.74 10 9 -8.74 -10
4 16 9 -34.02 -10 9 -34.02 10 9 -37.26 10 9 -37.26 -10
2 24 9 -34.02 -10 9 -34.02 10
2 24 9 -37.26 10 9 -37.26 -10
4 16 9 -48.28 -10 9 -48.28 10 9 -51.51 10 9 -51.51 -10
2 24 9 -48.28 -10 9 -48.28 10
2 24 9 -51.51 10 9 -51.51 -10
4 16 9 -65.77 10 9 -65.77 -10 9 -62.54 -10 9 -62.54 10
2 24 9 -65.77 10 9 -65.77 -10
2 24 9 -62.54 -10 9 -62.54 10
4 16 9 -76.79 -10 9 -76.79 10 9 -80.03 10 9 -80.03 -10
2 24 9 -76.79 -10 9 -76.79 10
2 24 9 -80.03 10 9 -80.03 -10
4 16 16.76 -68.56 -10 9 -65.77 -10 9 -65.77 10 16.76 -68.56 10
5 24 16.76 -68.56 10 16.76 -68.56 -10 9 -65.77 -10 17.65 -69.23 10
4 16 16.76 -74 10 9 -76.79 10 9 -76.79 -10 16.76 -74 -10
5 24 16.76 -74 -10 16.76 -74 10 9 -76.79 10 17.65 -73.33 -10
4 16 16.76 -74 -10 17.65 -73.33 -10 17.65 -73.33 10 16.76 -74 10
5 24 17.65 -73.33 -10 17.65 -73.33 10 16.76 -74 10 18.25 -72.38 -10
4 16 17.65 -73.33 -10 18.25 -72.38 -10 18.25 -72.38 10 17.65 -73.33 10
5 24 18.25 -72.38 -10 18.25 -72.38 10 17.65 -73.33 10 18.46 -71.28 -10
4 16 18.25 -72.38 -10 18.46 -71.28 -10 18.46 -71.28 10 18.25 -72.38 10
5 24 18.46 -71.28 -10 18.46 -71.28 10 18.25 -72.38 10 18.25 -70.18 -10
4 16 18.46 -71.28 -10 18.25 -70.18 -10 18.25 -70.18 10 18.46 -71.28 10
5 24 18.25 -70.18 -10 18.25 -70.18 10 18.46 -71.28 10 17.65 -69.23 -10
4 16 18.25 -70.18 -10 17.65 -69.23 -10 17.65 -69.23 10 18.25 -70.18 10
5 24 17.65 -69.23 -10 17.65 -69.23 10 18.25 -70.18 10 16.76 -68.56 -10
4 16 17.65 -69.23 -10 16.76 -68.56 -10 16.76 -68.56 10 17.65 -69.23 10
4 16 16.76 68.56 10 9 65.77 10 9 65.77 -10 16.76 68.56 -10
5 24 16.76 68.56 -10 16.76 68.56 10 9 65.77 10 17.65 69.23 -10
4 16 16.76 68.56 -10 17.65 69.23 -10 17.65 69.23 10 16.76 68.56 10
5 24 17.65 69.23 -10 17.65 69.23 10 16.76 68.56 10 18.25 70.18 -10
4 16 17.65 69.23 -10 18.25 70.18 -10 18.25 70.18 10 17.65 69.23 10
5 24 18.25 70.18 -10 18.25 70.18 10 17.65 69.23 10 18.46 71.28 -10
4 16 18.25 70.18 -10 18.46 71.28 -10 18.46 71.28 10 18.25 70.18 10
5 24 18.46 71.28 -10 18.46 71.28 10 18.25 70.18 10 18.25 72.38 -10
4 16 18.46 71.28 -10 18.25 72.38 -10 18.25 72.38 10 18.46 71.28 10
5 24 18.25 72.38 -10 18.25 72.38 10 18.46 71.28 10 17.65 73.33 -10
4 16 18.25 72.38 -10 17.65 73.33 -10 17.65 73.33 10 18.25 72.38 10
5 24 17.65 73.33 -10 17.65 73.33 10 18.25 72.38 10 16.76 74 -10
4 16 17.65 73.33 -10 16.76 74 -10 16.76 74 10 17.65 73.33 10
5 24 16.76 74 -10 16.76 74 10 17.65 73.33 10 9 76.79 -10
4 16 16.76 54.3 10 9 51.51 10 9 51.51 -10 16.76 54.3 -10
5 24 16.76 54.3 -10 16.76 54.3 10 9 51.51 10 17.65 54.97 -10
4 16 16.76 59.75 -10 9 62.54 -10 9 62.54 10 16.76 59.75 10
5 24 16.76 59.75 10 16.76 59.75 -10 9 62.54 -10 17.65 59.08 10
4 16 16.76 54.3 -10 17.65 54.97 -10 17.65 54.97 10 16.76 54.3 10
5 24 17.65 54.97 -10 17.65 54.97 10 16.76 54.3 10 18.25 55.92 -10
4 16 17.65 54.97 -10 18.25 55.92 -10 18.25 55.92 10 17.65 54.97 10
5 24 18.25 55.92 -10 18.25 55.92 10 17.65 54.97 10 18.46 57.02 -10
4 16 18.25 55.92 -10 18.46 57.02 -10 18.46 57.02 10 18.25 55.92 10
5 24 18.46 57.02 -10 18.46 57.02 10 18.25 55.92 10 18.25 58.13 -10
4 16 18.46 57.02 -10 18.25 58.13 -10 18.25 58.13 10 18.46 57.02 10
5 24 18.25 58.13 -10 18.25 58.13 10 18.46 57.02 10 17.65 59.08 -10
4 16 18.25 58.13 -10 17.65 59.08 -10 17.65 59.08 10 18.25 58.13 10
5 24 17.65 59.08 -10 17.65 59.08 10 18.25 58.13 10 16.76 59.75 -10
4 16 17.65 59.08 -10 16.76 59.75 -10 16.76 59.75 10 17.65 59.08 10
4 16 16.76 45.49 -10 9 48.28 -10 9 48.28 10 16.76 45.49 10
5 24 16.76 45.49 10 16.76 45.49 -10 9 48.28 -10 17.65 44.82 10
4 16 16.76 40.05 10 9 37.26 10 9 37.26 -10 16.76 40.05 -10
5 24 16.76 40.05 -10 16.76 40.05 10 9 37.26 10 17.65 40.71 -10
4 16 16.76 40.05 -10 17.65 40.71 -10 17.65 40.71 10 16.76 40.05 10
5 24 17.65 40.71 -10 17.65 40.71 10 16.76 40.05 10 18.25 41.67 -10
4 16 17.65 40.71 -10 18.25 41.67 -10 18.25 41.67 10 17.65 40.71 10
5 24 18.25 41.67 -10 18.25 41.67 10 17.65 40.71 10 18.46 42.77 -10
4 16 18.25 41.67 -10 18.46 42.77 -10 18.46 42.77 10 18.25 41.67 10
5 24 18.46 42.77 -10 18.46 42.77 10 18.25 41.67 10 18.25 43.87 -10
4 16 18.46 42.77 -10 18.25 43.87 -10 18.25 43.87 10 18.46 42.77 10
5 24 18.25 43.87 -10 18.25 43.87 10 18.46 42.77 10 17.65 44.82 -10
4 16 18.25 43.87 -10 17.65 44.82 -10 17.65 44.82 10 18.25 43.87 10
5 24 17.65 44.82 -10 17.65 44.82 10 18.25 43.87 10 16.76 45.49 -10
4 16 17.65 44.82 -10 16.76 45.49 -10 16.76 45.49 10 17.65 44.82 10
4 16 16.76 25.79 10 9 23 10 9 23 -10 16.76 25.79 -10
5 24 16.76 25.79 -10 16.76 25.79 10 9 23 10 17.65 26.46 -10
4 16 16.76 31.24 -10 9 34.02 -10 9 34.02 10 16.76 31.24 10
5 24 16.76 31.24 10 16.76 31.24 -10 9 34.02 -10 17.65 30.57 10
4 16 16.76 25.79 -10 17.65 26.46 -10 17.65 26.46 10 16.76 25.79 10
5 24 17.65 26.46 -10 17.65 26.46 10 16.76 25.79 10 18.25 27.41 -10
4 16 17.65 26.46 -10 18.25 27.41 -10 18.25 27.41 10 17.65 26.46 10
5 24 18.25 27.41 -10 18.25 27.41 10 17.65 26.46 10 18.46 28.51 -10
4 16 18.25 27.41 -10 18.46 28.51 -10 18.46 28.51 10 18.25 27.41 10
5 24 18.46 28.51 -10 18.46 28.51 10 18.25 27.41 10 18.25 29.61 -10
4 16 18.46 28.51 -10 18.25 29.61 -10 18.25 29.61 10 18.46 28.51 10
5 24 18.25 29.61 -10 18.25 29.61 10 18.46 28.51 10 17.65 30.57 -10
4 16 18.25 29.61 -10 17.65 30.57 -10 17.65 30.57 10 18.25 29.61 10
5 24 17.65 30.57 -10 17.65 30.57 10 18.25 29.61 10 16.76 31.24 -10
4 16 17.65 30.57 -10 16.76 31.24 -10 16.76 31.24 10 17.65 30.57 10
4 16 16.76 16.98 -10 9 19.77 -10 9 19.77 10 16.76 16.98 10
5 24 16.76 16.98 10 16.76 16.98 -10 9 19.77 -10 17.65 16.31 10
4 16 16.76 11.53 10 9 8.74 10 9 8.74 -10 16.76 11.53 -10
5 24 16.76 11.53 -10 16.76 11.53 10 9 8.74 10 17.65 12.2 -10
4 16 16.76 11.53 -10 17.65 12.2 -10 17.65 12.2 10 16.76 11.53 10
5 24 17.65 12.2 -10 17.65 12.2 10 16.76 11.53 10 18.25 13.15 -10
4 16 17.65 12.2 -10 18.25 13.15 -10 18.25 13.15 10 17.65 12.2 10
5 24 18.25 13.15 -10 18.25 13.15 10 17.65 12.2 10 18.46 14.26 -10
4 16 18.25 13.15 -10 18.46 14.26 -10 18.46 14.26 10 18.25 13.15 10
5 24 18.46 14.26 -10 18.46 14.26 10 18.25 13.15 10 18.25 15.36 -10
4 16 18.46 14.26 -10 18.25 15.36 -10 18.25 15.36 10 18.46 14.26 10
5 24 18.25 15.36 -10 18.25 15.36 10 18.46 14.26 10 17.65 16.31 -10
4 16 18.25 15.36 -10 17.65 16.31 -10 17.65 16.31 10 18.25 15.36 10
5 24 17.65 16.31 -10 17.65 16.31 10 18.25 15.36 10 16.76 16.98 -10
4 16 17.65 16.31 -10 16.76 16.98 -10 16.76 16.98 10 17.65 16.31 10
4 16 16.76 -2.72 10 9 -5.51 10 9 -5.51 -10 16.76 -2.72 -10
5 24 16.76 -2.72 -10 16.76 -2.72 10 9 -5.51 10 17.65 -2.05 -10
4 16 16.76 2.72 -10 9 5.51 -10 9 5.51 10 16.76 2.72 10
5 24 16.76 2.72 10 16.76 2.72 -10 9 5.51 -10 17.65 2.05 10
4 16 16.76 74 -10 9 76.79 -10 9 76.79 10 16.76 74 10
4 16 16.76 -11.53 -10 9 -8.74 -10 9 -8.74 10 16.76 -11.53 10
5 24 16.76 -11.53 10 16.76 -11.53 -10 9 -8.74 -10 17.65 -12.2 10
4 16 16.76 -2.72 -10 17.65 -2.05 -10 17.65 -2.05 10 16.76 -2.72 10
5 24 17.65 -2.05 -10 17.65 -2.05 10 16.76 -2.72 10 18.25 -1.1 -10
4 16 17.65 -2.05 -10 18.25 -1.1 -10 18.25 -1.1 10 17.65 -2.05 10
5 24 18.25 -1.1 -10 18.25 -1.1 10 17.65 -2.05 10 18.46 0 -10
4 16 18.25 -1.1 -10 18.46 0 -10 18.46 0 10 18.25 -1.1 10
5 24 18.46 0 -10 18.46 0 10 18.25 -1.1 10 18.25 1.1 -10
4 16 18.46 0 -10 18.25 1.1 -10 18.25 1.1 10 18.46 0 10
5 24 18.25 1.1 -10 18.25 1.1 10 18.46 0 10 17.65 2.05 -10
4 16 18.25 1.1 -10 17.65 2.05 -10 17.65 2.05 10 18.25 1.1 10
5 24 17.65 2.05 -10 17.65 2.05 10 18.25 1.1 10 16.76 2.72 -10
4 16 17.65 2.05 -10 16.76 2.72 -10 16.76 2.72 10 17.65 2.05 10
4 16 16.76 -16.98 10 9 -19.77 10 9 -19.77 -10 16.76 -16.98 -10
5 24 16.76 -16.98 -10 16.76 -16.98 10 9 -19.77 10 17.65 -16.31 -10
4 16 16.76 -16.98 -10 17.65 -16.31 -10 17.65 -16.31 10 16.76 -16.98 10
5 24 17.65 -16.31 -10 17.65 -16.31 10 16.76 -16.98 10 18.25 -15.36 -10
4 16 17.65 -16.31 -10 18.25 -15.36 -10 18.25 -15.36 10 17.65 -16.31 10
5 24 18.25 -15.36 -10 18.25 -15.36 10 17.65 -16.31 10 18.46 -14.26 -10
4 16 18.25 -15.36 -10 18.46 -14.26 -10 18.46 -14.26 10 18.25 -15.36 10
5 24 18.46 -14.26 -10 18.46 -14.26 10 18.25 -15.36 10 18.25 -13.15 -10
4 16 18.46 -14.26 -10 18.25 -13.15 -10 18.25 -13.15 10 18.46 -14.26 10
5 24 18.25 -13.15 -10 18.25 -13.15 10 18.46 -14.26 10 17.65 -12.2 -10
4 16 18.25 -13.15 -10 17.65 -12.2 -10 17.65 -12.2 10 18.25 -13.15 10
5 24 17.65 -12.2 -10 17.65 -12.2 10 18.25 -13.15 10 16.76 -11.53 -10
4 16 17.65 -12.2 -10 16.76 -11.53 -10 16.76 -11.53 10 17.65 -12.2 10
4 16 16.76 -25.79 -10 9 -23 -10 9 -23 10 16.76 -25.79 10
5 24 16.76 -25.79 10 16.76 -25.79 -10 9 -23 -10 17.65 -26.46 10
4 16 16.76 -31.24 10 9 -34.02 10 9 -34.02 -10 16.76 -31.24 -10
5 24 16.76 -31.24 -10 16.76 -31.24 10 9 -34.02 10 17.65 -30.57 -10
4 16 16.76 -40.05 -10 9 -37.26 -10 9 -37.26 10 16.76 -40.05 10
5 24 16.76 -40.05 10 16.76 -40.05 -10 9 -37.26 -10 17.65 -40.72 10
4 16 16.76 -31.24 -10 17.65 -30.57 -10 17.65 -30.57 10 16.76 -31.24 10
5 24 17.65 -30.57 -10 17.65 -30.57 10 16.76 -31.24 10 18.25 -29.61 -10
4 16 17.65 -30.57 -10 18.25 -29.61 -10 18.25 -29.61 10 17.65 -30.57 10
5 24 18.25 -29.61 -10 18.25 -29.61 10 17.65 -30.57 10 18.46 -28.51 -10
4 16 18.25 -29.61 -10 18.46 -28.51 -10 18.46 -28.51 10 18.25 -29.61 10
5 24 18.46 -28.51 -10 18.46 -28.51 10 18.25 -29.61 10 18.25 -27.41 -10
4 16 18.46 -28.51 -10 18.25 -27.41 -10 18.25 -27.41 10 18.46 -28.51 10
5 24 18.25 -27.41 -10 18.25 -27.41 10 18.46 -28.51 10 17.65 -26.46 -10
4 16 18.25 -27.41 -10 17.65 -26.46 -10 17.65 -26.46 10 18.25 -27.41 10
5 24 17.65 -26.46 -10 17.65 -26.46 10 18.25 -27.41 10 16.76 -25.79 -10
4 16 17.65 -26.46 -10 16.76 -25.79 -10 16.76 -25.79 10 17.65 -26.46 10
4 16 16.76 -45.49 10 9 -48.28 10 9 -48.28 -10 16.76 -45.49 -10
5 24 16.76 -45.49 -10 16.76 -45.49 10 9 -48.28 10 17.65 -44.82 -10
4 16 16.76 -45.49 -10 17.65 -44.82 -10 17.65 -44.82 10 16.76 -45.49 10
5 24 17.65 -44.82 -10 17.65 -44.82 10 16.76 -45.49 10 18.25 -43.87 -10
4 16 17.65 -44.82 -10 18.25 -43.87 -10 18.25 -43.87 10 17.65 -44.82 10
5 24 18.25 -43.87 -10 18.25 -43.87 10 17.65 -44.82 10 18.46 -42.77 -10
4 16 18.25 -43.87 -10 18.46 -42.77 -10 18.46 -42.77 10 18.25 -43.87 10
5 24 18.46 -42.77 -10 18.46 -42.77 10 18.25 -43.87 10 18.25 -41.67 -10
4 16 18.46 -42.77 -10 18.25 -41.67 -10 18.25 -41.67 10 18.46 -42.77 10
5 24 18.25 -41.67 -10 18.25 -41.67 10 18.46 -42.77 10 17.65 -40.72 -10
4 16 18.25 -41.67 -10 17.65 -40.72 -10 17.65 -40.72 10 18.25 -41.67 10
5 24 17.65 -40.72 -10 17.65 -40.72 10 18.25 -41.67 10 16.76 -40.05 -10
4 16 17.65 -40.72 -10 16.76 -40.05 -10 16.76 -40.05 10 17.65 -40.72 10
4 16 10 -90 -10 11.92 -90 -10 11.92 -90 10 10 -90 10
5 24 11.92 -90 -10 11.92 -90 10 10 -90 10 16.76 -88.26 -10
4 16 16.76 -82.81 -10 9 -80.03 -10 9 -80.03 10 16.76 -82.81 10
5 24 16.76 -82.81 10 16.76 -82.81 -10 9 -80.03 -10 17.65 -83.48 10
4 16 16.76 -88.26 10 11.92 -90 10 11.92 -90 -10 16.76 -88.26 -10
5 24 16.76 -88.26 -10 16.76 -88.26 10 11.92 -90 10 17.65 -87.59 -10
4 16 16.76 -88.26 -10 17.65 -87.59 -10 17.65 -87.59 10 16.76 -88.26 10
5 24 17.65 -87.59 -10 17.65 -87.59 10 16.76 -88.26 10 18.25 -86.64 -10
4 16 17.65 -87.59 -10 18.25 -86.64 -10 18.25 -86.64 10 17.65 -87.59 10
5 24 18.25 -86.64 -10 18.25 -86.64 10 17.65 -87.59 10 18.46 -85.54 -10
4 16 18.25 -86.64 -10 18.46 -85.54 -10 18.46 -85.54 10 18.25 -86.64 10
5 24 18.46 -85.54 -10 18.46 -85.54 10 18.25 -86.64 10 18.25 -84.43 -10
4 16 18.46 -85.54 -10 18.25 -84.43 -10 18.25 -84.43 10 18.46 -85.54 10
5 24 18.25 -84.43 -10 18.25 -84.43 10 18.46 -85.54 10 17.65 -83.48 -10
4 16 18.25 -84.43 -10 17.65 -83.48 -10 17.65 -83.48 10 18.25 -84.43 10
5 24 17.65 -83.48 -10 17.65 -83.48 10 18.25 -84.43 10 16.76 -82.81 -10
4 16 17.65 -83.48 -10 16.76 -82.81 -10 16.76 -82.81 10 17.65 -83.48 10
4 16 16.76 -54.3 -10 9 -51.51 -10 9 -51.51 10 16.76 -54.3 10
5 24 16.76 -54.3 10 16.76 -54.3 -10 9 -51.51 -10 17.65 -54.97 10
4 16 16.76 -59.75 10 9 -62.54 10 9 -62.54 -10 16.76 -59.75 -10
5 24 16.76 -59.75 -10 16.76 -59.75 10 9 -62.54 10 17.65 -59.08 -10
4 16 16.76 -59.75 -10 17.65 -59.08 -10 17.65 -59.08 10 16.76 -59.75 10
5 24 17.65 -59.08 -10 17.65 -59.08 10 16.76 -59.75 10 18.25 -58.13 -10
4 16 17.65 -59.08 -10 18.25 -58.13 -10 18.25 -58.13 10 17.65 -59.08 10
5 24 18.25 -58.13 -10 18.25 -58.13 10 17.65 -59.08 10 18.46 -57.02 -10
4 16 18.25 -58.13 -10 18.46 -57.02 -10 18.46 -57.02 10 18.25 -58.13 10
5 24 18.46 -57.02 -10 18.46 -57.02 10 18.25 -58.13 10 18.25 -55.92 -10
4 16 18.46 -57.02 -10 18.25 -55.92 -10 18.25 -55.92 10 18.46 -57.02 10
5 24 18.25 -55.92 -10 18.25 -55.92 10 18.46 -57.02 10 17.65 -54.97 -10
4 16 18.25 -55.92 -10 17.65 -54.97 -10 17.65 -54.97 10 18.25 -55.92 10
5 24 17.65 -54.97 -10 17.65 -54.97 10 18.25 -55.92 10 16.76 -54.3 -10
4 16 17.65 -54.97 -10 16.76 -54.3 -10 16.76 -54.3 10 17.65 -54.97 10
4 16 10 90 10 11.92 90 10 11.92 90 -10 10 90 -10
5 24 11.92 90 10 11.92 90 -10 10 90 -10 16.76 88.26 10
4 16 16.76 82.81 -10 17.65 83.48 -10 17.65 83.48 10 16.76 82.81 10
5 24 17.65 83.48 -10 17.65 83.48 10 16.76 82.81 10 18.25 84.43 -10
5 24 16.76 82.81 10 16.76 82.81 -10 17.65 83.48 -10 9 80.02 10
4 16 17.65 83.48 -10 18.25 84.43 -10 18.25 84.43 10 17.65 83.48 10
5 24 18.25 84.43 -10 18.25 84.43 10 17.65 83.48 10 18.46 85.54 -10
4 16 18.25 84.43 -10 18.46 85.54 -10 18.46 85.54 10 18.25 84.43 10
5 24 18.46 85.54 -10 18.46 85.54 10 18.25 84.43 10 18.25 86.64 -10
4 16 18.46 85.54 -10 18.25 86.64 -10 18.25 86.64 10 18.46 85.54 10
5 24 18.25 86.64 -10 18.25 86.64 10 18.46 85.54 10 17.66 87.59 -10
4 16 18.25 86.64 -10 17.66 87.59 -10 17.66 87.59 10 18.25 86.64 10
5 24 17.66 87.59 -10 17.66 87.59 10 18.25 86.64 10 16.76 88.26 -10
4 16 17.66 87.59 -10 16.76 88.26 -10 16.76 88.26 10 17.66 87.59 10
2 24 16.76 88.26 -10 16.76 88.26 10
3 16 16.76 88.26 10 16.76 88.26 10 16.76 88.26 -10
2 24 16.76 88.26 -10 16.76 88.26 10
3 16 16.76 88.26 -10 16.76 88.26 10 16.76 88.26 -10
2 24 16.76 88.26 -10 16.76 88.26 10
4 16 16.76 88.26 -10 11.92 90 -10 11.92 90 10 16.76 88.26 10
4 16 16.76 82.81 10 9 80.02 10 9 80.02 -10 16.76 82.81 -10
3 16 6.13 98.78 -6.13 5.77 97.61 -5.77 10 97.61 -5.77
2 24 6.13 98.78 -6.13 5.77 97.61 -5.77
5 24 5.77 97.61 -5.77 10 97.61 -5.77 6.13 98.78 -6.13 5.2 96.53 -5.2
5 24 10 97.61 -5.77 6.13 98.78 -6.13 5.77 97.61 -5.77 10 100 -6.25
3 16 10 97.61 -5.77 5.77 97.61 -5.77 5.2 96.53 -5.2
2 24 5.77 97.61 -5.77 5.2 96.53 -5.2
5 24 5.2 96.53 -5.2 10 97.61 -5.77 5.77 97.61 -5.77 10 95.58 -4.42
3 16 10 97.61 -5.77 5.2 96.53 -5.2 10 95.58 -4.42
5 24 5.2 96.53 -5.2 10 95.58 -4.42 10 97.61 -5.77 4.42 95.58 -4.42
3 16 10 95.58 -4.42 5.2 96.53 -5.2 4.42 95.58 -4.42
2 24 5.2 96.53 -5.2 4.42 95.58 -4.42
5 24 4.42 95.58 -4.42 10 95.58 -4.42 5.2 96.53 -5.2 2.39 94.23 -2.39
4 16 10 95.58 -4.42 4.42 95.58 -4.42 2.39 94.23 -2.39 10 94.23 -2.39
2 24 4.42 95.58 -4.42 2.39 94.23 -2.39
2 24 2.39 94.23 -2.39 10 94.23 -2.39
4 16 10 94.23 -2.39 2.39 94.23 -2.39 0 93.75 0 10 93.75 0
5 24 2.39 94.23 -2.39 0 93.75 0 10 93.75 0 2.39 94.23 -10
5 24 0 93.75 0 10 93.75 0 10 94.23 -2.39 2.39 94.23 2.39
4 16 10 93.75 0 0 93.75 0 2.39 94.23 2.39 10 94.23 2.39
5 24 0 93.75 0 2.39 94.23 2.39 10 94.23 2.39 0 93.75 10
2 24 10 94.23 2.39 2.39 94.23 2.39
3 16 10 97.61 -5.77 10 100 -6.25 6.13 98.78 -6.13
5 24 10 100 -6.25 6.13 98.78 -6.13 10 97.61 -5.77 6.25 100 -6.25
3 16 6.13 98.78 -6.13 10 100 -6.25 6.25 100 -6.25
5 24 10 100 -6.25 6.25 100 -6.25 6.13 98.78 -6.13 6.13 101.22 -6.13
2 24 6.25 100 -6.25 6.13 98.78 -6.13
3 16 6.25 100 -6.25 10 100 -6.25 6.13 101.22 -6.13
5 24 10 100 -6.25 6.13 101.22 -6.13 6.25 100 -6.25 10 102.39 -5.77
2 24 6.13 101.22 -6.13 6.25 100 -6.25
3 16 6.13 101.22 -6.13 10 100 -6.25 10 102.39 -5.77
5 24 10 102.39 -5.77 6.13 101.22 -6.13 10 100 -6.25 5.77 102.39 -5.77
3 16 6.13 101.22 -6.13 10 102.39 -5.77 5.77 102.39 -5.77
5 24 10 102.39 -5.77 5.77 102.39 -5.77 6.13 101.22 -6.13 5.2 103.47 -5.2
2 24 5.77 102.39 -5.77 6.13 101.22 -6.13
3 16 5.77 102.39 -5.77 10 102.39 -5.77 5.2 103.47 -5.2
5 24 10 102.39 -5.77 5.2 103.47 -5.2 5.77 102.39 -5.77 10 104.42 -4.42
2 24 5.2 103.47 -5.2 5.77 102.39 -5.77
3 16 10 102.39 -5.77 10 104.42 -4.42 5.2 103.47 -5.2
5 24 10 104.42 -4.42 5.2 103.47 -5.2 10 102.39 -5.77 4.42 104.42 -4.42
3 16 5.2 103.47 -5.2 10 104.42 -4.42 4.42 104.42 -4.42
5 24 10 104.42 -4.42 4.42 104.42 -4.42 5.2 103.47 -5.2 10 105.77 -2.39
2 24 4.42 104.42 -4.42 5.2 103.47 -5.2
4 16 10 104.42 -4.42 10 105.77 -2.39 2.39 105.77 -2.39 4.42 104.42 -4.42
2 24 10 105.77 -2.39 2.39 105.77 -2.39
2 24 2.39 105.77 -2.39 4.42 104.42 -4.42
4 16 10 105.77 -2.39 10 106.25 0 0 106.25 0 2.39 105.77 -2.39
5 24 10 106.25 0 0 106.25 0 2.39 105.77 -2.39 10 105.77 2.39
5 24 0 106.25 0 2.39 105.77 -2.39 10 105.77 -2.39 0 106.25 -10
4 16 0 106.25 0 10 106.25 0 10 105.77 2.39 2.39 105.77 2.39
2 24 10 105.77 2.39 2.39 105.77 2.39
5 24 2.39 105.77 2.39 0 106.25 0 10 106.25 0 2.39 105.77 10
4 16 2.39 105.77 2.39 10 105.77 2.39 10 104.42 4.42 4.42 104.42 4.42
5 24 10 104.42 4.42 4.42 104.42 4.42 2.39 105.77 2.39 5.2 103.47 5.2
2 24 4.42 104.42 4.42 2.39 105.77 2.39
3 16 4.42 104.42 4.42 10 104.42 4.42 5.2 103.47 5.2
5 24 10 104.42 4.42 5.2 103.47 5.2 4.42 104.42 4.42 10 102.39 5.77
2 24 5.2 103.47 5.2 4.42 104.42 4.42
3 16 5.2 103.47 5.2 10 104.42 4.42 10 102.39 5.77
5 24 10 102.39 5.77 5.2 103.47 5.2 10 104.42 4.42 5.77 102.39 5.77
3 16 5.2 103.47 5.2 10 102.39 5.77 5.77 102.39 5.77
5 24 10 102.39 5.77 5.77 102.39 5.77 5.2 103.47 5.2 6.13 101.22 6.13
2 24 5.77 102.39 5.77 5.2 103.47 5.2
3 16 5.77 102.39 5.77 10 102.39 5.77 6.13 101.22 6.13
5 24 10 102.39 5.77 6.13 101.22 6.13 5.77 102.39 5.77 10 100 6.25
2 24 6.13 101.22 6.13 5.77 102.39 5.77
3 16 10 102.39 5.77 10 100 6.25 6.13 101.22 6.13
5 24 10 100 6.25 6.13 101.22 6.13 10 102.39 5.77 6.25 100 6.25
3 16 6.13 101.22 6.13 10 100 6.25 6.25 100 6.25
5 24 10 100 6.25 6.25 100 6.25 6.13 101.22 6.13 6.13 98.78 6.13
2 24 6.25 100 6.25 6.13 101.22 6.13
3 16 6.25 100 6.25 10 100 6.25 6.13 98.78 6.13
5 24 10 100 6.25 6.13 98.78 6.13 6.25 100 6.25 10 97.61 5.77
2 24 6.13 98.78 6.13 6.25 100 6.25
3 16 6.13 98.78 6.13 10 100 6.25 10 97.61 5.77
5 24 10 97.61 5.77 6.13 98.78 6.13 10 100 6.25 5.77 97.61 5.77
3 16 6.13 98.78 6.13 10 97.61 5.77 5.77 97.61 5.77
5 24 10 97.61 5.77 5.77 97.61 5.77 6.13 98.78 6.13 5.2 96.53 5.2
2 24 5.77 97.61 5.77 6.13 98.78 6.13
3 16 5.77 97.61 5.77 10 97.61 5.77 5.2 96.53 5.2
5 24 10 97.61 5.77 5.2 96.53 5.2 5.77 97.61 5.77 10 95.58 4.42
2 24 5.2 96.53 5.2 5.77 97.61 5.77
3 16 10 97.61 5.77 10 95.58 4.42 5.2 96.53 5.2
5 24 10 95.58 4.42 5.2 96.53 5.2 10 97.61 5.77 4.42 95.58 4.42
3 16 5.2 96.53 5.2 10 95.58 4.42 4.42 95.58 4.42
5 24 10 95.58 4.42 4.42 95.58 4.42 5.2 96.53 5.2 10 94.23 2.39
2 24 4.42 95.58 4.42 5.2 96.53 5.2
4 16 10 95.58 4.42 10 94.23 2.39 2.39 94.23 2.39 4.42 95.58 4.42
2 24 2.39 94.23 2.39 4.42 95.58 4.42
4 16 -2.39 105.77 -2.39 0 106.25 0 -10 106.25 0 -10 105.77 -2.39
5 24 -2.39 105.77 -2.39 0 106.25 0 -10 106.25 0 -2.39 105.77 -10
5 24 0 106.25 0 -10 106.25 0 -10 105.77 -2.39 -2.39 105.77 2.39
2 24 -2.39 105.77 -2.39 -10 105.77 -2.39
4 16 -10 106.25 0 0 106.25 0 -2.39 105.77 2.39 -10 105.77 2.39
5 24 0 106.25 0 -2.39 105.77 2.39 -10 105.77 2.39 0 106.25 10
2 24 -2.39 105.77 2.39 -10 105.77 2.39
4 16 -10 105.77 2.39 -2.39 105.77 2.39 -4.42 104.42 4.42 -10 104.42 4.42
2 24 -2.39 105.77 2.39 -4.42 104.42 4.42
5 24 -4.42 104.42 4.42 -10 104.42 4.42 -10 105.77 2.39 -5.2 103.47 5.2
3 16 -10 104.42 4.42 -4.42 104.42 4.42 -5.2 103.47 5.2
2 24 -4.42 104.42 4.42 -5.2 103.47 5.2
5 24 -5.2 103.47 5.2 -10 104.42 4.42 -4.42 104.42 4.42 -10 102.39 5.77
3 16 -10 104.42 4.42 -5.2 103.47 5.2 -10 102.39 5.77
5 24 -5.2 103.47 5.2 -10 102.39 5.77 -10 104.42 4.42 -5.77 102.39 5.77
3 16 -10 102.39 5.77 -5.2 103.47 5.2 -5.77 102.39 5.77
2 24 -5.2 103.47 5.2 -5.77 102.39 5.77
5 24 -5.77 102.39 5.77 -10 102.39 5.77 -5.2 103.47 5.2 -6.13 101.22 6.13
3 16 -10 102.39 5.77 -5.77 102.39 5.77 -6.13 101.22 6.13
2 24 -5.77 102.39 5.77 -6.13 101.22 6.13
5 24 -6.13 101.22 6.13 -10 102.39 5.77 -5.77 102.39 5.77 -10 100 6.25
3 16 -10 102.39 5.77 -6.13 101.22 6.13 -10 100 6.25
5 24 -6.13 101.22 6.13 -10 100 6.25 -10 102.39 5.77 -6.25 100 6.25
3 16 -10 100 6.25 -6.13 101.22 6.13 -6.25 100 6.25
2 24 -6.13 101.22 6.13 -6.25 100 6.25
5 24 -6.25 100 6.25 -10 100 6.25 -6.13 101.22 6.13 -6.13 98.78 6.13
3 16 -10 100 6.25 -6.25 100 6.25 -6.13 98.78 6.13
2 24 -6.25 100 6.25 -6.13 98.78 6.13
5 24 -6.13 98.78 6.13 -10 100 6.25 -6.25 100 6.25 -10 97.61 5.77
3 16 -10 100 6.25 -6.13 98.78 6.13 -10 97.61 5.77
5 24 -6.13 98.78 6.13 -10 97.61 5.77 -10 100 6.25 -5.77 97.61 5.77
3 16 -10 97.61 5.77 -6.13 98.78 6.13 -5.77 97.61 5.77
2 24 -6.13 98.78 6.13 -5.77 97.61 5.77
5 24 -5.77 97.61 5.77 -10 97.61 5.77 -6.13 98.78 6.13 -5.2 96.53 5.2
3 16 -10 97.61 5.77 -5.77 97.61 5.77 -5.2 96.53 5.2
2 24 -5.77 97.61 5.77 -5.2 96.53 5.2
5 24 -5.2 96.53 5.2 -10 97.61 5.77 -5.77 97.61 5.77 -10 95.58 4.42
3 16 -10 97.61 5.77 -5.2 96.53 5.2 -10 95.58 4.42
5 24 -5.2 96.53 5.2 -10 95.58 4.42 -10 97.61 5.77 -4.42 95.58 4.42
3 16 -10 95.58 4.42 -5.2 96.53 5.2 -4.42 95.58 4.42
2 24 -5.2 96.53 5.2 -4.42 95.58 4.42
5 24 -4.42 95.58 4.42 -10 95.58 4.42 -5.2 96.53 5.2 -2.39 94.23 2.39
4 16 -10 95.58 4.42 -4.42 95.58 4.42 -2.39 94.23 2.39 -10 94.23 2.39
2 24 -4.42 95.58 4.42 -2.39 94.23 2.39
5 24 -2.39 94.23 2.39 -10 94.23 2.39 -10 95.58 4.42 0 93.75 0
4 16 -10 94.23 2.39 -2.39 94.23 2.39 0 93.75 0 -10 93.75 0
5 24 -2.39 94.23 2.39 0 93.75 0 -10 93.75 0 -2.39 94.23 10
2 24 0 93.75 0 -10 93.75 0
4 16 -10 93.75 0 0 93.75 0 -2.39 94.23 -2.39 -10 94.23 -2.39
5 24 0 93.75 0 -2.39 94.23 -2.39 -10 94.23 -2.39 0 93.75 -10
5 24 -2.39 94.23 -2.39 -10 94.23 -2.39 -10 93.75 0 -4.42 95.58 -4.42
4 16 -10 94.23 -2.39 -2.39 94.23 -2.39 -4.42 95.58 -4.42 -10 95.58 -4.42
2 24 -2.39 94.23 -2.39 -4.42 95.58 -4.42
5 24 -4.42 95.58 -4.42 -10 95.58 -4.42 -10 94.23 -2.39 -5.2 96.53 -5.2
3 16 -10 95.58 -4.42 -4.42 95.58 -4.42 -5.2 96.53 -5.2
2 24 -4.42 95.58 -4.42 -5.2 96.53 -5.2
5 24 -5.2 96.53 -5.2 -10 95.58 -4.42 -4.42 95.58 -4.42 -10 97.61 -5.77
3 16 -10 95.58 -4.42 -5.2 96.53 -5.2 -10 97.61 -5.77
5 24 -5.2 96.53 -5.2 -10 97.61 -5.77 -10 95.58 -4.42 -5.77 97.61 -5.77
3 16 -10 97.61 -5.77 -5.2 96.53 -5.2 -5.77 97.61 -5.77
2 24 -5.2 96.53 -5.2 -5.77 97.61 -5.77
5 24 -5.77 97.61 -5.77 -10 97.61 -5.77 -5.2 96.53 -5.2 -6.13 98.78 -6.13
3 16 -10 97.61 -5.77 -5.77 97.61 -5.77 -6.13 98.78 -6.13
2 24 -5.77 97.61 -5.77 -6.13 98.78 -6.13
5 24 -6.13 98.78 -6.13 -10 97.61 -5.77 -5.77 97.61 -5.77 -10 100 -6.25
3 16 -10 97.61 -5.77 -6.13 98.78 -6.13 -10 100 -6.25
5 24 -6.13 98.78 -6.13 -10 100 -6.25 -10 97.61 -5.77 -6.25 100 -6.25
3 16 -10 100 -6.25 -6.13 98.78 -6.13 -6.25 100 -6.25
2 24 -6.13 98.78 -6.13 -6.25 100 -6.25
5 24 -6.25 100 -6.25 -10 100 -6.25 -6.13 98.78 -6.13 -6.13 101.22 -6.13
3 16 -10 100 -6.25 -6.25 100 -6.25 -6.13 101.22 -6.13
2 24 -6.25 100 -6.25 -6.13 101.22 -6.13
5 24 -6.13 101.22 -6.13 -10 100 -6.25 -6.25 100 -6.25 -10 102.39 -5.77
3 16 -10 100 -6.25 -6.13 101.22 -6.13 -10 102.39 -5.77
5 24 -6.13 101.22 -6.13 -10 102.39 -5.77 -10 100 -6.25 -5.77 102.39 -5.77
3 16 -10 102.39 -5.77 -6.13 101.22 -6.13 -5.77 102.39 -5.77
2 24 -6.13 101.22 -6.13 -5.77 102.39 -5.77
5 24 -5.77 102.39 -5.77 -10 102.39 -5.77 -6.13 101.22 -6.13 -5.2 103.47 -5.2
3 16 -10 102.39 -5.77 -5.77 102.39 -5.77 -5.2 103.47 -5.2
2 24 -5.77 102.39 -5.77 -5.2 103.47 -5.2
5 24 -5.2 103.47 -5.2 -10 102.39 -5.77 -5.77 102.39 -5.77 -10 104.42 -4.42
3 16 -10 102.39 -5.77 -5.2 103.47 -5.2 -10 104.42 -4.42
5 24 -5.2 103.47 -5.2 -10 104.42 -4.42 -10 102.39 -5.77 -4.42 104.42 -4.42
3 16 -10 104.42 -4.42 -5.2 103.47 -5.2 -4.42 104.42 -4.42
2 24 -5.2 103.47 -5.2 -4.42 104.42 -4.42
5 24 -4.42 104.42 -4.42 -10 104.42 -4.42 -5.2 103.47 -5.2 -2.39 105.77 -2.39
4 16 -10 104.42 -4.42 -4.42 104.42 -4.42 -2.39 105.77 -2.39 -10 105.77 -2.39
2 24 -4.42 104.42 -4.42 -2.39 105.77 -2.39
3 16 5.2 96.53 -5.2 5.77 97.61 -5.77 5.77 97.61 -10
5 24 5.77 97.61 -5.77 5.77 97.61 -10 5.2 96.53 -5.2 6.13 98.78 -6.13
5 24 5.77 97.61 -10 5.2 96.53 -5.2 5.77 97.61 -5.77 4.42 95.58 -10
3 16 5.77 97.61 -10 5.77 97.61 -5.77 6.13 98.78 -6.13
5 24 6.13 98.78 -6.13 5.77 97.61 -10 5.77 97.61 -5.77 6.25 100 -10
3 16 5.77 97.61 -10 6.13 98.78 -6.13 6.25 100 -10
5 24 6.13 98.78 -6.13 6.25 100 -10 5.77 97.61 -10 6.25 100 -6.25
3 16 6.25 100 -10 6.13 98.78 -6.13 6.25 100 -6.25
5 24 6.25 100 -6.25 6.25 100 -10 6.13 98.78 -6.13 6.13 101.22 -6.13
3 16 6.25 100 -10 6.25 100 -6.25 6.13 101.22 -6.13
5 24 6.13 101.22 -6.13 6.25 100 -10 6.25 100 -6.25 5.77 102.39 -10
3 16 5.77 97.61 -10 4.42 95.58 -10 5.2 96.53 -5.2
5 24 4.42 95.58 -10 5.2 96.53 -5.2 5.77 97.61 -10 4.42 95.58 -4.42
3 16 5.2 96.53 -5.2 4.42 95.58 -10 4.42 95.58 -4.42
5 24 4.42 95.58 -10 4.42 95.58 -4.42 5.2 96.53 -5.2 2.39 94.23 -10
4 16 4.42 95.58 -10 2.39 94.23 -10 2.39 94.23 -2.39 4.42 95.58 -4.42
5 24 2.39 94.23 -10 2.39 94.23 -2.39 4.42 95.58 -4.42 0 93.75 -10
4 16 2.39 94.23 -10 0 93.75 -10 0 93.75 0 2.39 94.23 -2.39
2 24 0 93.75 -10 0 93.75 0
4 16 0 93.75 0 0 93.75 -10 -2.39 94.23 -10 -2.39 94.23 -2.39
5 24 -2.39 94.23 -10 -2.39 94.23 -2.39 0 93.75 0 -4.42 95.58 -10
4 16 -2.39 94.23 -2.39 -2.39 94.23 -10 -4.42 95.58 -10 -4.42 95.58 -4.42
5 24 -4.42 95.58 -10 -4.42 95.58 -4.42 -2.39 94.23 -2.39 -5.2 96.53 -5.2
3 16 -4.42 95.58 -4.42 -4.42 95.58 -10 -5.2 96.53 -5.2
5 24 -4.42 95.58 -10 -5.2 96.53 -5.2 -4.42 95.58 -4.42 -5.77 97.61 -10
3 16 -5.2 96.53 -5.2 -4.42 95.58 -10 -5.77 97.61 -10
5 24 -5.77 97.61 -10 -5.2 96.53 -5.2 -4.42 95.58 -10 -5.77 97.61 -5.77
3 16 -5.2 96.53 -5.2 -5.77 97.61 -10 -5.77 97.61 -5.77
5 24 -5.77 97.61 -10 -5.77 97.61 -5.77 -5.2 96.53 -5.2 -6.13 98.78 -6.13
3 16 -5.77 97.61 -5.77 -5.77 97.61 -10 -6.13 98.78 -6.13
5 24 -5.77 97.61 -10 -6.13 98.78 -6.13 -5.77 97.61 -5.77 -6.25 100 -10
3 16 -5.77 97.61 -10 -6.25 100 -10 -6.13 98.78 -6.13
5 24 -6.25 100 -10 -6.13 98.78 -6.13 -5.77 97.61 -10 -6.25 100 -6.25
3 16 -6.13 98.78 -6.13 -6.25 100 -10 -6.25 100 -6.25
5 24 -6.25 100 -10 -6.25 100 -6.25 -6.13 98.78 -6.13 -6.13 101.22 -6.13
3 16 -6.25 100 -6.25 -6.25 100 -10 -6.13 101.22 -6.13
5 24 -6.25 100 -10 -6.13 101.22 -6.13 -6.25 100 -6.25 -5.77 102.39 -10
3 16 -6.13 101.22 -6.13 -6.25 100 -10 -5.77 102.39 -10
5 24 -5.77 102.39 -10 -6.13 101.22 -6.13 -6.25 100 -10 -5.77 102.39 -5.77
3 16 -6.13 101.22 -6.13 -5.77 102.39 -10 -5.77 102.39 -5.77
5 24 -5.77 102.39 -10 -5.77 102.39 -5.77 -6.13 101.22 -6.13 -5.2 103.47 -5.2
3 16 -5.77 102.39 -5.77 -5.77 102.39 -10 -5.2 103.47 -5.2
5 24 -5.77 102.39 -10 -5.2 103.47 -5.2 -5.77 102.39 -5.77 -4.42 104.42 -10
3 16 -5.77 102.39 -10 -4.42 104.42 -10 -5.2 103.47 -5.2
5 24 -4.42 104.42 -10 -5.2 103.47 -5.2 -5.77 102.39 -10 -4.42 104.42 -4.42
3 16 -5.2 103.47 -5.2 -4.42 104.42 -10 -4.42 104.42 -4.42
5 24 -4.42 104.42 -10 -4.42 104.42 -4.42 -5.2 103.47 -5.2 -2.39 105.77 -10
4 16 -4.42 104.42 -10 -2.39 105.77 -10 -2.39 105.77 -2.39 -4.42 104.42 -4.42
2 24 -2.39 105.77 -10 -2.39 105.77 -2.39
4 16 -2.39 105.77 -10 0 106.25 -10 0 106.25 0 -2.39 105.77 -2.39
5 24 0 106.25 -10 0 106.25 0 -2.39 105.77 -2.39 2.39 105.77 -10
4 16 0 106.25 0 0 106.25 -10 2.39 105.77 -10 2.39 105.77 -2.39
2 24 2.39 105.77 -10 2.39 105.77 -2.39
4 16 2.39 105.77 -2.39 2.39 105.77 -10 4.42 104.42 -10 4.42 104.42 -4.42
5 24 4.42 104.42 -10 4.42 104.42 -4.42 2.39 105.77 -2.39 5.2 103.47 -5.2
3 16 4.42 104.42 -4.42 4.42 104.42 -10 5.2 103.47 -5.2
5 24 4.42 104.42 -10 5.2 103.47 -5.2 4.42 104.42 -4.42 5.77 102.39 -10
3 16 5.2 103.47 -5.2 4.42 104.42 -10 5.77 102.39 -10
5 24 5.77 102.39 -10 5.2 103.47 -5.2 4.42 104.42 -10 5.77 102.39 -5.77
3 16 5.2 103.47 -5.2 5.77 102.39 -10 5.77 102.39 -5.77
5 24 5.77 102.39 -10 5.77 102.39 -5.77 5.2 103.47 -5.2 6.13 101.22 -6.13
3 16 5.77 102.39 -5.77 5.77 102.39 -10 6.13 101.22 -6.13
5 24 5.77 102.39 -10 6.13 101.22 -6.13 5.77 102.39 -5.77 6.25 100 -10
3 16 5.77 102.39 -10 6.25 100 -10 6.13 101.22 -6.13
4 16 10 110 -10 -10 110 -10 -10 110 10 10 110 10
4 16 2.39 94.23 2.39 0 93.75 0 0 93.75 10 2.39 94.23 10
2 24 0 93.75 0 0 93.75 10
5 24 2.39 94.23 2.39 2.39 94.23 10 4.42 95.58 10 0 93.75 0
4 16 0 93.75 10 0 93.75 0 -2.39 94.23 2.39 -2.39 94.23 10
5 24 -2.39 94.23 2.39 -2.39 94.23 10 0 93.75 10 -4.42 95.58 4.42
4 16 -2.39 94.23 10 -2.39 94.23 2.39 -4.42 95.58 4.42 -4.42 95.58 10
5 24 -4.42 95.58 4.42 -4.42 95.58 10 -2.39 94.23 10 -5.2 96.53 5.2
3 16 -4.42 95.58 10 -4.42 95.58 4.42 -5.2 96.53 5.2
5 24 -5.2 96.53 5.2 -4.42 95.58 10 -4.42 95.58 4.42 -5.77 97.61 10
3 16 -4.42 95.58 10 -5.2 96.53 5.2 -5.77 97.61 10
5 24 -5.2 96.53 5.2 -5.77 97.61 10 -4.42 95.58 10 -5.77 97.61 5.77
3 16 -5.77 97.61 10 -5.2 96.53 5.2 -5.77 97.61 5.77
5 24 -5.77 97.61 5.77 -5.77 97.61 10 -5.2 96.53 5.2 -6.13 98.78 6.13
3 16 -5.77 97.61 10 -5.77 97.61 5.77 -6.13 98.78 6.13
5 24 -6.13 98.78 6.13 -5.77 97.61 10 -5.77 97.61 5.77 -6.25 100 10
3 16 -5.77 97.61 10 -6.13 98.78 6.13 -6.25 100 10
5 24 -6.13 98.78 6.13 -6.25 100 10 -5.77 97.61 10 -6.25 100 6.25
3 16 -6.25 100 10 -6.13 98.78 6.13 -6.25 100 6.25
5 24 -6.25 100 6.25 -6.25 100 10 -6.13 98.78 6.13 -6.13 101.22 6.13
3 16 -6.25 100 10 -6.25 100 6.25 -6.13 101.22 6.13
5 24 -6.13 101.22 6.13 -6.25 100 10 -6.25 100 6.25 -5.77 102.39 10
3 16 -6.25 100 10 -6.13 101.22 6.13 -5.77 102.39 10
5 24 -6.13 101.22 6.13 -5.77 102.39 10 -6.25 100 10 -5.77 102.39 5.77
3 16 -5.77 102.39 10 -6.13 101.22 6.13 -5.77 102.39 5.77
5 24 -5.77 102.39 5.77 -5.77 102.39 10 -6.13 101.22 6.13 -5.2 103.47 5.2
3 16 -5.77 102.39 10 -5.77 102.39 5.77 -5.2 103.47 5.2
5 24 -5.2 103.47 5.2 -5.77 102.39 10 -5.77 102.39 5.77 -4.42 104.42 10
3 16 -5.77 102.39 10 -5.2 103.47 5.2 -4.42 104.42 10
5 24 -5.2 103.47 5.2 -4.42 104.42 10 -5.77 102.39 10 -4.42 104.42 4.42
3 16 -4.42 104.42 10 -5.2 103.47 5.2 -4.42 104.42 4.42
5 24 -4.42 104.42 4.42 -4.42 104.42 10 -5.2 103.47 5.2 -2.39 105.77 2.39
4 16 -4.42 104.42 10 -4.42 104.42 4.42 -2.39 105.77 2.39 -2.39 105.77 10
2 24 -2.39 105.77 2.39 -2.39 105.77 10
4 16 -2.39 105.77 10 -2.39 105.77 2.39 0 106.25 0 0 106.25 10
5 24 0 106.25 0 0 106.25 10 -2.39 105.77 10 2.39 105.77 2.39
4 16 0 106.25 10 0 106.25 0 2.39 105.77 2.39 2.39 105.77 10
2 24 2.39 105.77 2.39 2.39 105.77 10
4 16 2.39 105.77 10 2.39 105.77 2.39 4.42 104.42 4.42 4.42 104.42 10
5 24 4.42 104.42 4.42 4.42 104.42 10 2.39 105.77 10 5.2 103.47 5.2
3 16 4.42 104.42 10 4.42 104.42 4.42 5.2 103.47 5.2
5 24 5.2 103.47 5.2 4.42 104.42 10 4.42 104.42 4.42 5.77 102.39 10
3 16 4.42 104.42 10 5.2 103.47 5.2 5.77 102.39 10
5 24 5.2 103.47 5.2 5.77 102.39 10 4.42 104.42 10 5.77 102.39 5.77
3 16 5.77 102.39 10 5.2 103.47 5.2 5.77 102.39 5.77
5 24 5.77 102.39 5.77 5.77 102.39 10 5.2 103.47 5.2 6.13 101.22 6.13
3 16 5.77 102.39 10 5.77 102.39 5.77 6.13 101.22 6.13
5 24 6.13 101.22 6.13 5.77 102.39 10 5.77 102.39 5.77 6.25 100 10
3 16 5.77 102.39 10 6.13 101.22 6.13 6.25 100 10
5 24 6.13 101.22 6.13 6.25 100 10 5.77 102.39 10 6.25 100 6.25
3 16 6.25 100 10 6.13 101.22 6.13 6.25 100 6.25
5 24 6.25 100 6.25 6.25 100 10 6.13 101.22 6.13 6.13 98.78 6.13
3 16 6.25 100 10 6.25 100 6.25 6.13 98.78 6.13
5 24 6.13 98.78 6.13 6.25 100 10 6.25 100 6.25 5.77 97.61 10
3 16 6.25 100 10 6.13 98.78 6.13 5.77 97.61 10
5 24 6.13 98.78 6.13 5.77 97.61 10 6.25 100 10 5.77 97.61 5.77
3 16 5.77 97.61 10 6.13 98.78 6.13 5.77 97.61 5.77
5 24 5.77 97.61 5.77 5.77 97.61 10 6.13 98.78 6.13 5.2 96.53 5.2
3 16 5.77 97.61 10 5.77 97.61 5.77 5.2 96.53 5.2
5 24 5.2 96.53 5.2 5.77 97.61 10 5.77 97.61 5.77 4.42 95.58 10
3 16 5.77 97.61 10 5.2 96.53 5.2 4.42 95.58 10
5 24 5.2 96.53 5.2 4.42 95.58 10 5.77 97.61 10 4.42 95.58 4.42
3 16 4.42 95.58 10 5.2 96.53 5.2 4.42 95.58 4.42
5 24 4.42 95.58 4.42 4.42 95.58 10 5.2 96.53 5.2 2.39 94.23 2.39
4 16 4.42 95.58 10 4.42 95.58 4.42 2.39 94.23 2.39 2.39 94.23 10
3 16 6.13 -101.22 -6.13 5.77 -102.39 -5.77 10 -102.39 -5.77
2 24 6.13 -101.22 -6.13 5.77 -102.39 -5.77
5 24 5.77 -102.39 -5.77 10 -102.39 -5.77 6.13 -101.22 -6.13 5.2 -103.47 -5.2
5 24 10 -102.39 -5.77 6.13 -101.22 -6.13 5.77 -102.39 -5.77 10 -100 -6.25
3 16 10 -102.39 -5.77 5.77 -102.39 -5.77 5.2 -103.47 -5.2
2 24 5.77 -102.39 -5.77 5.2 -103.47 -5.2
5 24 5.2 -103.47 -5.2 10 -102.39 -5.77 5.77 -102.39 -5.77 10 -104.42 -4.42
3 16 10 -102.39 -5.77 5.2 -103.47 -5.2 10 -104.42 -4.42
5 24 5.2 -103.47 -5.2 10 -104.42 -4.42 10 -102.39 -5.77 4.42 -104.42 -4.42
3 16 10 -104.42 -4.42 5.2 -103.47 -5.2 4.42 -104.42 -4.42
2 24 5.2 -103.47 -5.2 4.42 -104.42 -4.42
5 24 4.42 -104.42 -4.42 10 -104.42 -4.42 5.2 -103.47 -5.2 2.39 -105.77 -2.39
4 16 10 -104.42 -4.42 4.42 -104.42 -4.42 2.39 -105.77 -2.39 10 -105.77 -2.39
2 24 4.42 -104.42 -4.42 2.39 -105.77 -2.39
2 24 2.39 -105.77 -2.39 10 -105.77 -2.39
4 16 10 -105.77 -2.39 2.39 -105.77 -2.39 0 -106.25 0 10 -106.25 0
5 24 2.39 -105.77 -2.39 0 -106.25 0 10 -106.25 0 2.39 -105.77 -10
5 24 0 -106.25 0 10 -106.25 0 10 -105.77 -2.39 2.39 -105.77 2.39
4 16 10 -106.25 0 0 -106.25 0 2.39 -105.77 2.39 10 -105.77 2.39
5 24 0 -106.25 0 2.39 -105.77 2.39 10 -105.77 2.39 0 -106.25 10
2 24 10 -105.77 2.39 2.39 -105.77 2.39
3 16 10 -102.39 -5.77 10 -100 -6.25 6.13 -101.22 -6.13
5 24 10 -100 -6.25 6.13 -101.22 -6.13 10 -102.39 -5.77 6.25 -100 -6.25
3 16 6.13 -101.22 -6.13 10 -100 -6.25 6.25 -100 -6.25
5 24 10 -100 -6.25 6.25 -100 -6.25 6.13 -101.22 -6.13 6.13 -98.78 -6.13
2 24 6.25 -100 -6.25 6.13 -101.22 -6.13
3 16 6.25 -100 -6.25 10 -100 -6.25 6.13 -98.78 -6.13
5 24 10 -100 -6.25 6.13 -98.78 -6.13 6.25 -100 -6.25 10 -97.61 -5.77
2 24 6.13 -98.78 -6.13 6.25 -100 -6.25
3 16 6.13 -98.78 -6.13 10 -100 -6.25 10 -97.61 -5.77
5 24 10 -97.61 -5.77 6.13 -98.78 -6.13 10 -100 -6.25 5.77 -97.61 -5.77
3 16 6.13 -98.78 -6.13 10 -97.61 -5.77 5.77 -97.61 -5.77
5 24 10 -97.61 -5.77 5.77 -97.61 -5.77 6.13 -98.78 -6.13 5.2 -96.53 -5.2
2 24 5.77 -97.61 -5.77 6.13 -98.78 -6.13
3 16 5.77 -97.61 -5.77 10 -97.61 -5.77 5.2 -96.53 -5.2
5 24 10 -97.61 -5.77 5.2 -96.53 -5.2 5.77 -97.61 -5.77 10 -95.58 -4.42
2 24 5.2 -96.53 -5.2 5.77 -97.61 -5.77
3 16 10 -97.61 -5.77 10 -95.58 -4.42 5.2 -96.53 -5.2
5 24 10 -95.58 -4.42 5.2 -96.53 -5.2 10 -97.61 -5.77 4.42 -95.58 -4.42
3 16 5.2 -96.53 -5.2 10 -95.58 -4.42 4.42 -95.58 -4.42
5 24 10 -95.58 -4.42 4.42 -95.58 -4.42 5.2 -96.53 -5.2 10 -94.23 -2.39
2 24 4.42 -95.58 -4.42 5.2 -96.53 -5.2
4 16 10 -95.58 -4.42 10 -94.23 -2.39 2.39 -94.23 -2.39 4.42 -95.58 -4.42
5 24 10 -94.23 -2.39 2.39 -94.23 -2.39 4.42 -95.58 -4.42 10 -93.75 0
2 24 2.39 -94.23 -2.39 4.42 -95.58 -4.42
4 16 10 -94.23 -2.39 10 -93.75 0 0 -93.75 0 2.39 -94.23 -2.39
5 24 10 -93.75 0 0 -93.75 0 2.39 -94.23 -2.39 10 -94.23 2.39
5 24 0 -93.75 0 2.39 -94.23 -2.39 10 -94.23 -2.39 0 -93.75 -10
4 16 0 -93.75 0 10 -93.75 0 10 -94.23 2.39 2.39 -94.23 2.39
2 24 10 -94.23 2.39 2.39 -94.23 2.39
5 24 2.39 -94.23 2.39 0 -93.75 0 10 -93.75 0 2.39 -94.23 10
4 16 2.39 -94.23 2.39 10 -94.23 2.39 10 -95.58 4.42 4.42 -95.58 4.42
5 24 10 -95.58 4.42 4.42 -95.58 4.42 2.39 -94.23 2.39 5.2 -96.53 5.2
2 24 4.42 -95.58 4.42 2.39 -94.23 2.39
3 16 4.42 -95.58 4.42 10 -95.58 4.42 5.2 -96.53 5.2
5 24 10 -95.58 4.42 5.2 -96.53 5.2 4.42 -95.58 4.42 10 -97.61 5.77
2 24 5.2 -96.53 5.2 4.42 -95.58 4.42
3 16 5.2 -96.53 5.2 10 -95.58 4.42 10 -97.61 5.77
5 24 10 -97.61 5.77 5.2 -96.53 5.2 10 -95.58 4.42 5.77 -97.61 5.77
3 16 5.2 -96.53 5.2 10 -97.61 5.77 5.77 -97.61 5.77
5 24 10 -97.61 5.77 5.77 -97.61 5.77 5.2 -96.53 5.2 6.13 -98.78 6.13
2 24 5.77 -97.61 5.77 5.2 -96.53 5.2
3 16 5.77 -97.61 5.77 10 -97.61 5.77 6.13 -98.78 6.13
5 24 10 -97.61 5.77 6.13 -98.78 6.13 5.77 -97.61 5.77 10 -100 6.25
2 24 6.13 -98.78 6.13 5.77 -97.61 5.77
3 16 10 -97.61 5.77 10 -100 6.25 6.13 -98.78 6.13
5 24 10 -100 6.25 6.13 -98.78 6.13 10 -97.61 5.77 6.25 -100 6.25
3 16 6.13 -98.78 6.13 10 -100 6.25 6.25 -100 6.25
5 24 10 -100 6.25 6.25 -100 6.25 6.13 -98.78 6.13 6.13 -101.22 6.13
2 24 6.25 -100 6.25 6.13 -98.78 6.13
3 16 6.25 -100 6.25 10 -100 6.25 6.13 -101.22 6.13
5 24 10 -100 6.25 6.13 -101.22 6.13 6.25 -100 6.25 10 -102.39 5.77
2 24 6.13 -101.22 6.13 6.25 -100 6.25
3 16 6.13 -101.22 6.13 10 -100 6.25 10 -102.39 5.77
5 24 10 -102.39 5.77 6.13 -101.22 6.13 10 -100 6.25 5.77 -102.39 5.77
3 16 6.13 -101.22 6.13 10 -102.39 5.77 5.77 -102.39 5.77
5 24 10 -102.39 5.77 5.77 -102.39 5.77 6.13 -101.22 6.13 5.2 -103.47 5.2
2 24 5.77 -102.39 5.77 6.13 -101.22 6.13
3 16 5.77 -102.39 5.77 10 -102.39 5.77 5.2 -103.47 5.2
5 24 10 -102.39 5.77 5.2 -103.47 5.2 5.77 -102.39 5.77 10 -104.42 4.42
2 24 5.2 -103.47 5.2 5.77 -102.39 5.77
3 16 10 -102.39 5.77 10 -104.42 4.42 5.2 -103.47 5.2
5 24 10 -104.42 4.42 5.2 -103.47 5.2 10 -102.39 5.77 4.42 -104.42 4.42
3 16 5.2 -103.47 5.2 10 -104.42 4.42 4.42 -104.42 4.42
5 24 10 -104.42 4.42 4.42 -104.42 4.42 5.2 -103.47 5.2 10 -105.77 2.39
2 24 4.42 -104.42 4.42 5.2 -103.47 5.2
4 16 10 -104.42 4.42 10 -105.77 2.39 2.39 -105.77 2.39 4.42 -104.42 4.42
2 24 2.39 -105.77 2.39 4.42 -104.42 4.42
4 16 -2.39 -94.23 -2.39 0 -93.75 0 -10 -93.75 0 -10 -94.23 -2.39
5 24 -2.39 -94.23 -2.39 0 -93.75 0 -10 -93.75 0 -2.39 -94.23 -10
5 24 0 -93.75 0 -10 -93.75 0 -10 -94.23 -2.39 -2.39 -94.23 2.39
2 24 -2.39 -94.23 -2.39 -10 -94.23 -2.39
4 16 -10 -93.75 0 0 -93.75 0 -2.39 -94.23 2.39 -10 -94.23 2.39
5 24 0 -93.75 0 -2.39 -94.23 2.39 -10 -94.23 2.39 0 -93.75 10
2 24 -2.39 -94.23 2.39 -10 -94.23 2.39
4 16 -10 -94.23 2.39 -2.39 -94.23 2.39 -4.42 -95.58 4.42 -10 -95.58 4.42
2 24 -2.39 -94.23 2.39 -4.42 -95.58 4.42
5 24 -4.42 -95.58 4.42 -10 -95.58 4.42 -10 -94.23 2.39 -5.2 -96.53 5.2
3 16 -10 -95.58 4.42 -4.42 -95.58 4.42 -5.2 -96.53 5.2
2 24 -4.42 -95.58 4.42 -5.2 -96.53 5.2
5 24 -5.2 -96.53 5.2 -10 -95.58 4.42 -4.42 -95.58 4.42 -10 -97.61 5.77
3 16 -10 -95.58 4.42 -5.2 -96.53 5.2 -10 -97.61 5.77
5 24 -5.2 -96.53 5.2 -10 -97.61 5.77 -10 -95.58 4.42 -5.77 -97.61 5.77
3 16 -10 -97.61 5.77 -5.2 -96.53 5.2 -5.77 -97.61 5.77
2 24 -5.2 -96.53 5.2 -5.77 -97.61 5.77
5 24 -5.77 -97.61 5.77 -10 -97.61 5.77 -5.2 -96.53 5.2 -6.13 -98.78 6.13
3 16 -10 -97.61 5.77 -5.77 -97.61 5.77 -6.13 -98.78 6.13
2 24 -5.77 -97.61 5.77 -6.13 -98.78 6.13
5 24 -6.13 -98.78 6.13 -10 -97.61 5.77 -5.77 -97.61 5.77 -10 -100 6.25
3 16 -10 -97.61 5.77 -6.13 -98.78 6.13 -10 -100 6.25
5 24 -6.13 -98.78 6.13 -10 -100 6.25 -10 -97.61 5.77 -6.25 -100 6.25
3 16 -10 -100 6.25 -6.13 -98.78 6.13 -6.25 -100 6.25
2 24 -6.13 -98.78 6.13 -6.25 -100 6.25
5 24 -6.25 -100 6.25 -10 -100 6.25 -6.13 -98.78 6.13 -6.13 -101.22 6.13
3 16 -10 -100 6.25 -6.25 -100 6.25 -6.13 -101.22 6.13
2 24 -6.25 -100 6.25 -6.13 -101.22 6.13
5 24 -6.13 -101.22 6.13 -10 -100 6.25 -6.25 -100 6.25 -10 -102.39 5.77
3 16 -10 -100 6.25 -6.13 -101.22 6.13 -10 -102.39 5.77
5 24 -6.13 -101.22 6.13 -10 -102.39 5.77 -10 -100 6.25 -5.77 -102.39 5.77
3 16 -10 -102.39 5.77 -6.13 -101.22 6.13 -5.77 -102.39 5.77
2 24 -6.13 -101.22 6.13 -5.77 -102.39 5.77
5 24 -5.77 -102.39 5.77 -10 -102.39 5.77 -6.13 -101.22 6.13 -5.2 -103.47 5.2
3 16 -10 -102.39 5.77 -5.77 -102.39 5.77 -5.2 -103.47 5.2
2 24 -5.77 -102.39 5.77 -5.2 -103.47 5.2
5 24 -5.2 -103.47 5.2 -10 -102.39 5.77 -5.77 -102.39 5.77 -10 -104.42 4.42
3 16 -10 -102.39 5.77 -5.2 -103.47 5.2 -10 -104.42 4.42
5 24 -5.2 -103.47 5.2 -10 -104.42 4.42 -10 -102.39 5.77 -4.42 -104.42 4.42
3 16 -10 -104.42 4.42 -5.2 -103.47 5.2 -4.42 -104.42 4.42
2 24 -5.2 -103.47 5.2 -4.42 -104.42 4.42
5 24 -4.42 -104.42 4.42 -10 -104.42 4.42 -5.2 -103.47 5.2 -2.39 -105.77 2.39
4 16 -10 -104.42 4.42 -4.42 -104.42 4.42 -2.39 -105.77 2.39 -10 -105.77 2.39
2 24 -4.42 -104.42 4.42 -2.39 -105.77 2.39
5 24 -2.39 -105.77 2.39 -10 -105.77 2.39 -10 -104.42 4.42 0 -106.25 0
4 16 -10 -105.77 2.39 -2.39 -105.77 2.39 0 -106.25 0 -10 -106.25 0
5 24 -2.39 -105.77 2.39 0 -106.25 0 -10 -106.25 0 -2.39 -105.77 10
2 24 0 -106.25 0 -10 -106.25 0
4 16 -10 -106.25 0 0 -106.25 0 -2.39 -105.77 -2.39 -10 -105.77 -2.39
5 24 0 -106.25 0 -2.39 -105.77 -2.39 -10 -105.77 -2.39 0 -106.25 -10
2 24 -2.39 -105.77 -2.39 -10 -105.77 -2.39
4 16 -10 -105.77 -2.39 -2.39 -105.77 -2.39 -4.42 -104.42 -4.42 -10 -104.42 -4.42
2 24 -2.39 -105.77 -2.39 -4.42 -104.42 -4.42
5 24 -4.42 -104.42 -4.42 -10 -104.42 -4.42 -10 -105.77 -2.39 -5.2 -103.47 -5.2
3 16 -10 -104.42 -4.42 -4.42 -104.42 -4.42 -5.2 -103.47 -5.2
2 24 -4.42 -104.42 -4.42 -5.2 -103.47 -5.2
5 24 -5.2 -103.47 -5.2 -10 -104.42 -4.42 -4.42 -104.42 -4.42 -10 -102.39 -5.77
3 16 -10 -104.42 -4.42 -5.2 -103.47 -5.2 -10 -102.39 -5.77
5 24 -5.2 -103.47 -5.2 -10 -102.39 -5.77 -10 -104.42 -4.42 -5.77 -102.39 -5.77
3 16 -10 -102.39 -5.77 -5.2 -103.47 -5.2 -5.77 -102.39 -5.77
2 24 -5.2 -103.47 -5.2 -5.77 -102.39 -5.77
5 24 -5.77 -102.39 -5.77 -10 -102.39 -5.77 -5.2 -103.47 -5.2 -6.13 -101.22 -6.13
3 16 -10 -102.39 -5.77 -5.77 -102.39 -5.77 -6.13 -101.22 -6.13
2 24 -5.77 -102.39 -5.77 -6.13 -101.22 -6.13
5 24 -6.13 -101.22 -6.13 -10 -102.39 -5.77 -5.77 -102.39 -5.77 -10 -100 -6.25
3 16 -10 -102.39 -5.77 -6.13 -101.22 -6.13 -10 -100 -6.25
5 24 -6.13 -101.22 -6.13 -10 -100 -6.25 -10 -102.39 -5.77 -6.25 -100 -6.25
3 16 -10 -100 -6.25 -6.13 -101.22 -6.13 -6.25 -100 -6.25
2 24 -6.13 -101.22 -6.13 -6.25 -100 -6.25
5 24 -6.25 -100 -6.25 -10 -100 -6.25 -6.13 -101.22 -6.13 -6.13 -98.78 -6.13
3 16 -10 -100 -6.25 -6.25 -100 -6.25 -6.13 -98.78 -6.13
2 24 -6.25 -100 -6.25 -6.13 -98.78 -6.13
5 24 -6.13 -98.78 -6.13 -10 -100 -6.25 -6.25 -100 -6.25 -10 -97.61 -5.77
3 16 -10 -100 -6.25 -6.13 -98.78 -6.13 -10 -97.61 -5.77
5 24 -6.13 -98.78 -6.13 -10 -97.61 -5.77 -10 -100 -6.25 -5.77 -97.61 -5.77
3 16 -10 -97.61 -5.77 -6.13 -98.78 -6.13 -5.77 -97.61 -5.77
2 24 -6.13 -98.78 -6.13 -5.77 -97.61 -5.77
5 24 -5.77 -97.61 -5.77 -10 -97.61 -5.77 -6.13 -98.78 -6.13 -5.2 -96.53 -5.2
3 16 -10 -97.61 -5.77 -5.77 -97.61 -5.77 -5.2 -96.53 -5.2
2 24 -5.77 -97.61 -5.77 -5.2 -96.53 -5.2
5 24 -5.2 -96.53 -5.2 -10 -97.61 -5.77 -5.77 -97.61 -5.77 -10 -95.58 -4.42
3 16 -10 -97.61 -5.77 -5.2 -96.53 -5.2 -10 -95.58 -4.42
5 24 -5.2 -96.53 -5.2 -10 -95.58 -4.42 -10 -97.61 -5.77 -4.42 -95.58 -4.42
3 16 -10 -95.58 -4.42 -5.2 -96.53 -5.2 -4.42 -95.58 -4.42
2 24 -5.2 -96.53 -5.2 -4.42 -95.58 -4.42
5 24 -4.42 -95.58 -4.42 -10 -95.58 -4.42 -5.2 -96.53 -5.2 -2.39 -94.23 -2.39
4 16 -10 -95.58 -4.42 -4.42 -95.58 -4.42 -2.39 -94.23 -2.39 -10 -94.23 -2.39
2 24 -4.42 -95.58 -4.42 -2.39 -94.23 -2.39
4 16 10 -110 10 -10 -110 10 -10 -110 -10 10 -110 -10
3 16 5.2 -103.47 -5.2 5.77 -102.39 -5.77 5.77 -102.39 -10
5 24 5.77 -102.39 -5.77 5.77 -102.39 -10 5.2 -103.47 -5.2 6.13 -101.22 -6.13
5 24 5.77 -102.39 -10 5.2 -103.47 -5.2 5.77 -102.39 -5.77 4.42 -104.42 -10
3 16 5.77 -102.39 -10 5.77 -102.39 -5.77 6.13 -101.22 -6.13
5 24 6.13 -101.22 -6.13 5.77 -102.39 -10 5.77 -102.39 -5.77 6.25 -100 -10
3 16 5.77 -102.39 -10 6.13 -101.22 -6.13 6.25 -100 -10
5 24 6.13 -101.22 -6.13 6.25 -100 -10 5.77 -102.39 -10 6.25 -100 -6.25
3 16 6.25 -100 -10 6.13 -101.22 -6.13 6.25 -100 -6.25
5 24 6.25 -100 -6.25 6.25 -100 -10 6.13 -101.22 -6.13 6.13 -98.78 -6.13
3 16 6.25 -100 -10 6.25 -100 -6.25 6.13 -98.78 -6.13
5 24 6.13 -98.78 -6.13 6.25 -100 -10 6.25 -100 -6.25 5.77 -97.61 -10
3 16 5.77 -102.39 -10 4.42 -104.42 -10 5.2 -103.47 -5.2
5 24 4.42 -104.42 -10 5.2 -103.47 -5.2 5.77 -102.39 -10 4.42 -104.42 -4.42
3 16 5.2 -103.47 -5.2 4.42 -104.42 -10 4.42 -104.42 -4.42
5 24 4.42 -104.42 -10 4.42 -104.42 -4.42 5.2 -103.47 -5.2 2.39 -105.77 -10
4 16 4.42 -104.42 -10 2.39 -105.77 -10 2.39 -105.77 -2.39 4.42 -104.42 -4.42
2 24 2.39 -105.77 -10 2.39 -105.77 -2.39
4 16 2.39 -105.77 -10 0 -106.25 -10 0 -106.25 0 2.39 -105.77 -2.39
5 24 0 -106.25 -10 0 -106.25 0 2.39 -105.77 -2.39 -2.39 -105.77 -10
4 16 0 -106.25 0 0 -106.25 -10 -2.39 -105.77 -10 -2.39 -105.77 -2.39
2 24 -2.39 -105.77 -10 -2.39 -105.77 -2.39
4 16 -2.39 -105.77 -2.39 -2.39 -105.77 -10 -4.42 -104.42 -10 -4.42 -104.42 -4.42
5 24 -4.42 -104.42 -10 -4.42 -104.42 -4.42 -2.39 -105.77 -2.39 -5.2 -103.47 -5.2
3 16 -4.42 -104.42 -4.42 -4.42 -104.42 -10 -5.2 -103.47 -5.2
5 24 -4.42 -104.42 -10 -5.2 -103.47 -5.2 -4.42 -104.42 -4.42 -5.77 -102.39 -10
3 16 -5.2 -103.47 -5.2 -4.42 -104.42 -10 -5.77 -102.39 -10
5 24 -5.77 -102.39 -10 -5.2 -103.47 -5.2 -4.42 -104.42 -10 -5.77 -102.39 -5.77
3 16 -5.2 -103.47 -5.2 -5.77 -102.39 -10 -5.77 -102.39 -5.77
5 24 -5.77 -102.39 -10 -5.77 -102.39 -5.77 -5.2 -103.47 -5.2 -6.13 -101.22 -6.13
3 16 -5.77 -102.39 -5.77 -5.77 -102.39 -10 -6.13 -101.22 -6.13
5 24 -5.77 -102.39 -10 -6.13 -101.22 -6.13 -5.77 -102.39 -5.77 -6.25 -100 -10
3 16 -5.77 -102.39 -10 -6.25 -100 -10 -6.13 -101.22 -6.13
5 24 -6.25 -100 -10 -6.13 -101.22 -6.13 -5.77 -102.39 -10 -6.25 -100 -6.25
3 16 -6.13 -101.22 -6.13 -6.25 -100 -10 -6.25 -100 -6.25
5 24 -6.25 -100 -10 -6.25 -100 -6.25 -6.13 -101.22 -6.13 -6.13 -98.78 -6.13
3 16 -6.25 -100 -6.25 -6.25 -100 -10 -6.13 -98.78 -6.13
5 24 -6.25 -100 -10 -6.13 -98.78 -6.13 -6.25 -100 -6.25 -5.77 -97.61 -10
3 16 -6.13 -98.78 -6.13 -6.25 -100 -10 -5.77 -97.61 -10
5 24 -5.77 -97.61 -10 -6.13 -98.78 -6.13 -6.25 -100 -10 -5.77 -97.61 -5.77
3 16 -6.13 -98.78 -6.13 -5.77 -97.61 -10 -5.77 -97.61 -5.77
5 24 -5.77 -97.61 -10 -5.77 -97.61 -5.77 -6.13 -98.78 -6.13 -5.2 -96.53 -5.2
3 16 -5.77 -97.61 -5.77 -5.77 -97.61 -10 -5.2 -96.53 -5.2
5 24 -5.77 -97.61 -10 -5.2 -96.53 -5.2 -5.77 -97.61 -5.77 -4.42 -95.58 -10
3 16 -5.77 -97.61 -10 -4.42 -95.58 -10 -5.2 -96.53 -5.2
5 24 -4.42 -95.58 -10 -5.2 -96.53 -5.2 -5.77 -97.61 -10 -4.42 -95.58 -4.42
3 16 -5.2 -96.53 -5.2 -4.42 -95.58 -10 -4.42 -95.58 -4.42
5 24 -4.42 -95.58 -10 -4.42 -95.58 -4.42 -5.2 -96.53 -5.2 -2.39 -94.23 -10
4 16 -4.42 -95.58 -10 -2.39 -94.23 -10 -2.39 -94.23 -2.39 -4.42 -95.58 -4.42
5 24 -2.39 -94.23 -10 -2.39 -94.23 -2.39 -4.42 -95.58 -4.42 0 -93.75 -10
4 16 -2.39 -94.23 -10 0 -93.75 -10 0 -93.75 0 -2.39 -94.23 -2.39
5 24 0 -93.75 -10 0 -93.75 0 -2.39 -94.23 -2.39 2.39 -94.23 -10
4 16 0 -93.75 0 0 -93.75 -10 2.39 -94.23 -10 2.39 -94.23 -2.39
2 24 2.39 -94.23 -10 2.39 -94.23 -2.39
4 16 2.39 -94.23 -2.39 2.39 -94.23 -10 4.42 -95.58 -10 4.42 -95.58 -4.42
5 24 4.42 -95.58 -10 4.42 -95.58 -4.42 2.39 -94.23 -2.39 5.2 -96.53 -5.2
3 16 4.42 -95.58 -4.42 4.42 -95.58 -10 5.2 -96.53 -5.2
5 24 4.42 -95.58 -10 5.2 -96.53 -5.2 4.42 -95.58 -4.42 5.77 -97.61 -10
3 16 5.2 -96.53 -5.2 4.42 -95.58 -10 5.77 -97.61 -10
5 24 5.77 -97.61 -10 5.2 -96.53 -5.2 4.42 -95.58 -10 5.77 -97.61 -5.77
3 16 5.2 -96.53 -5.2 5.77 -97.61 -10 5.77 -97.61 -5.77
5 24 5.77 -97.61 -10 5.77 -97.61 -5.77 5.2 -96.53 -5.2 6.13 -98.78 -6.13
3 16 5.77 -97.61 -5.77 5.77 -97.61 -10 6.13 -98.78 -6.13
5 24 5.77 -97.61 -10 6.13 -98.78 -6.13 5.77 -97.61 -5.77 6.25 -100 -10
3 16 5.77 -97.61 -10 6.25 -100 -10 6.13 -98.78 -6.13
4 16 2.39 -105.77 2.39 0 -106.25 0 0 -106.25 10 2.39 -105.77 10
5 24 0 -106.25 0 0 -106.25 10 2.39 -105.77 10 -2.39 -105.77 2.39
2 24 2.39 -105.77 2.39 2.39 -105.77 10
4 16 0 -106.25 10 0 -106.25 0 -2.39 -105.77 2.39 -2.39 -105.77 10
2 24 -2.39 -105.77 2.39 -2.39 -105.77 10
4 16 -2.39 -105.77 10 -2.39 -105.77 2.39 -4.42 -104.42 4.42 -4.42 -104.42 10
5 24 -4.42 -104.42 4.42 -4.42 -104.42 10 -2.39 -105.77 10 -5.2 -103.47 5.2
3 16 -4.42 -104.42 10 -4.42 -104.42 4.42 -5.2 -103.47 5.2
5 24 -5.2 -103.47 5.2 -4.42 -104.42 10 -4.42 -104.42 4.42 -5.77 -102.39 10
3 16 -4.42 -104.42 10 -5.2 -103.47 5.2 -5.77 -102.39 10
5 24 -5.2 -103.47 5.2 -5.77 -102.39 10 -4.42 -104.42 10 -5.77 -102.39 5.77
3 16 -5.77 -102.39 10 -5.2 -103.47 5.2 -5.77 -102.39 5.77
5 24 -5.77 -102.39 5.77 -5.77 -102.39 10 -5.2 -103.47 5.2 -6.13 -101.22 6.13
3 16 -5.77 -102.39 10 -5.77 -102.39 5.77 -6.13 -101.22 6.13
5 24 -6.13 -101.22 6.13 -5.77 -102.39 10 -5.77 -102.39 5.77 -6.25 -100 10
3 16 -5.77 -102.39 10 -6.13 -101.22 6.13 -6.25 -100 10
5 24 -6.13 -101.22 6.13 -6.25 -100 10 -5.77 -102.39 10 -6.25 -100 6.25
3 16 -6.25 -100 10 -6.13 -101.22 6.13 -6.25 -100 6.25
5 24 -6.25 -100 6.25 -6.25 -100 10 -6.13 -101.22 6.13 -6.13 -98.78 6.13
3 16 -6.25 -100 10 -6.25 -100 6.25 -6.13 -98.78 6.13
5 24 -6.13 -98.78 6.13 -6.25 -100 10 -6.25 -100 6.25 -5.77 -97.61 10
3 16 -6.25 -100 10 -6.13 -98.78 6.13 -5.77 -97.61 10
5 24 -6.13 -98.78 6.13 -5.77 -97.61 10 -6.25 -100 10 -5.77 -97.61 5.77
3 16 -5.77 -97.61 10 -6.13 -98.78 6.13 -5.77 -97.61 5.77
5 24 -5.77 -97.61 5.77 -5.77 -97.61 10 -6.13 -98.78 6.13 -5.2 -96.53 5.2
3 16 -5.77 -97.61 10 -5.77 -97.61 5.77 -5.2 -96.53 5.2
5 24 -5.2 -96.53 5.2 -5.77 -97.61 10 -5.77 -97.61 5.77 -4.42 -95.58 10
3 16 -5.77 -97.61 10 -5.2 -96.53 5.2 -4.42 -95.58 10
5 24 -5.2 -96.53 5.2 -4.42 -95.58 10 -5.77 -97.61 10 -4.42 -95.58 4.42
3 16 -4.42 -95.58 10 -5.2 -96.53 5.2 -4.42 -95.58 4.42
5 24 -4.42 -95.58 4.42 -4.42 -95.58 10 -5.2 -96.53 5.2 -2.39 -94.23 2.39
4 16 -4.42 -95.58 10 -4.42 -95.58 4.42 -2.39 -94.23 2.39 -2.39 -94.23 10
5 24 -2.39 -94.23 2.39 -2.39 -94.23 10 -4.42 -95.58 10 0 -93.75 0
4 16 -2.39 -94.23 10 -2.39 -94.23 2.39 0 -93.75 0 0 -93.75 10
5 24 0 -93.75 0 0 -93.75 10 -2.39 -94.23 10 2.39 -94.23 2.39
4 16 0 -93.75 10 0 -93.75 0 2.39 -94.23 2.39 2.39 -94.23 10
2 24 2.39 -94.23 2.39 2.39 -94.23 10
4 16 2.39 -94.23 10 2.39 -94.23 2.39 4.42 -95.58 4.42 4.42 -95.58 10
5 24 4.42 -95.58 4.42 4.42 -95.58 10 2.39 -94.23 10 5.2 -96.53 5.2
3 16 4.42 -95.58 10 4.42 -95.58 4.42 5.2 -96.53 5.2
5 24 5.2 -96.53 5.2 4.42 -95.58 10 4.42 -95.58 4.42 5.77 -97.61 10
3 16 4.42 -95.58 10 5.2 -96.53 5.2 5.77 -97.61 10
5 24 5.2 -96.53 5.2 5.77 -97.61 10 4.42 -95.58 10 5.77 -97.61 5.77
3 16 5.77 -97.61 10 5.2 -96.53 5.2 5.77 -97.61 5.77
5 24 5.77 -97.61 5.77 5.77 -97.61 10 5.2 -96.53 5.2 6.13 -98.78 6.13
3 16 5.77 -97.61 10 5.77 -97.61 5.77 6.13 -98.78 6.13
5 24 6.13 -98.78 6.13 5.77 -97.61 10 5.77 -97.61 5.77 6.25 -100 10
3 16 5.77 -97.61 10 6.13 -98.78 6.13 6.25 -100 10
5 24 6.13 -98.78 6.13 6.25 -100 10 5.77 -97.61 10 6.25 -100 6.25
3 16 6.25 -100 10 6.13 -98.78 6.13 6.25 -100 6.25
5 24 6.25 -100 6.25 6.25 -100 10 6.13 -98.78 6.13 6.13 -101.22 6.13
3 16 6.25 -100 10 6.25 -100 6.25 6.13 -101.22 6.13
5 24 6.13 -101.22 6.13 6.25 -100 10 6.25 -100 6.25 5.77 -102.39 10
3 16 6.25 -100 10 6.13 -101.22 6.13 5.77 -102.39 10
5 24 6.13 -101.22 6.13 5.77 -102.39 10 6.25 -100 10 5.77 -102.39 5.77
3 16 5.77 -102.39 10 6.13 -101.22 6.13 5.77 -102.39 5.77
5 24 5.77 -102.39 5.77 5.77 -102.39 10 6.13 -101.22 6.13 5.2 -103.47 5.2
3 16 5.77 -102.39 10 5.77 -102.39 5.77 5.2 -103.47 5.2
5 24 5.2 -103.47 5.2 5.77 -102.39 10 5.77 -102.39 5.77 4.42 -104.42 10
3 16 5.77 -102.39 10 5.2 -103.47 5.2 4.42 -104.42 10
5 24 5.2 -103.47 5.2 4.42 -104.42 10 5.77 -102.39 10 4.42 -104.42 4.42
3 16 4.42 -104.42 10 5.2 -103.47 5.2 4.42 -104.42 4.42
5 24 4.42 -104.42 4.42 4.42 -104.42 10 5.2 -103.47 5.2 2.39 -105.77 2.39
4 16 4.42 -104.42 10 4.42 -104.42 4.42 2.39 -105.77 2.39 2.39 -105.77 10
