0 Bitbeam Wheel/Gear Coupling -  8 x  8
0 Name: bb-gr-up-8x8c.dat
0 Author: Tomas Feltl (e-Mole.cz)
0 !LDRAW_ORG Unofficial_Part
0 !LICENSE Redistributable under CCAL version 2.0 : see CAreadme.txt

0 BFC CERTIFY CCW

0 // Created with stl2dat conversion tool

3 16 -6.02 1.69 9.75 -10 10 9.75 -6.25 0 9.75
2 24 -6.02 1.69 9.75 -6.25 0 9.75
4 16 -6.25 0 9.75 -10 10 9.75 -10 -10 9.75 -6.02 -1.69 9.75
2 24 -10 -10 9.75 -10 10 9.75
2 24 -6.25 0 9.75 -6.02 -1.69 9.75
3 16 -6.02 -1.69 9.75 -10 -10 9.75 -5.34 -3.25 9.75
2 24 -6.02 -1.69 9.75 -5.34 -3.25 9.75
3 16 -6.02 1.69 9.75 -5.34 3.25 9.75 -10 10 9.75
2 24 -5.34 3.25 9.75 -6.02 1.69 9.75
3 16 -10 10 9.75 -5.34 3.25 9.75 -4.27 4.57 9.75
2 24 -4.27 4.57 9.75 -5.34 3.25 9.75
3 16 -10 10 9.75 -4.27 4.57 9.75 -2.88 5.55 9.75
2 24 -2.88 5.55 9.75 -4.27 4.57 9.75
3 16 -2.88 5.55 9.75 -1.27 6.12 9.75 -10 10 9.75
2 24 -1.27 6.12 9.75 -2.88 5.55 9.75
4 16 -10 10 9.75 -1.27 6.12 9.75 0.43 6.24 9.75 10 10 9.75
2 24 0.43 6.24 9.75 -1.27 6.12 9.75
2 24 -10 10 9.75 10 10 9.75
3 16 10 10 9.75 0.43 6.24 9.75 2.09 5.89 9.75
2 24 2.09 5.89 9.75 0.43 6.24 9.75
3 16 10 10 9.75 2.09 5.89 9.75 3.6 5.11 9.75
2 24 3.6 5.11 9.75 2.09 5.89 9.75
3 16 3.6 5.11 9.75 4.85 3.94 9.75 10 10 9.75
2 24 4.85 3.94 9.75 3.6 5.11 9.75
3 16 10 10 9.75 4.85 3.94 9.75 5.73 2.49 9.75
2 24 5.73 2.49 9.75 4.85 3.94 9.75
3 16 10 10 9.75 5.73 2.49 9.75 6.19 0.85 9.75
2 24 6.19 0.85 9.75 5.73 2.49 9.75
4 16 10 10 9.75 6.19 0.85 9.75 6.19 -0.85 9.75 10 -10 9.75
2 24 6.19 -0.85 9.75 6.19 0.85 9.75
2 24 10 10 9.75 10 -10 9.75
3 16 10 -10 9.75 6.19 -0.85 9.75 5.73 -2.49 9.75
2 24 5.73 -2.49 9.75 6.19 -0.85 9.75
3 16 5.73 -2.49 9.75 4.85 -3.94 9.75 10 -10 9.75
2 24 4.85 -3.94 9.75 5.73 -2.49 9.75
3 16 10 -10 9.75 4.85 -3.94 9.75 3.6 -5.11 9.75
2 24 3.6 -5.11 9.75 4.85 -3.94 9.75
3 16 10 -10 9.75 3.6 -5.11 9.75 2.09 -5.89 9.75
2 24 2.09 -5.89 9.75 3.6 -5.11 9.75
3 16 2.09 -5.89 9.75 0.43 -6.24 9.75 10 -10 9.75
2 24 0.43 -6.24 9.75 2.09 -5.89 9.75
4 16 10 -10 9.75 0.43 -6.24 9.75 -1.27 -6.12 9.75 -10 -10 9.75
2 24 -1.27 -6.12 9.75 0.43 -6.24 9.75
2 24 10 -10 9.75 -10 -10 9.75
3 16 -10 -10 9.75 -1.27 -6.12 9.75 -2.88 -5.55 9.75
2 24 -2.88 -5.55 9.75 -1.27 -6.12 9.75
3 16 -10 -10 9.75 -2.88 -5.55 9.75 -4.27 -4.57 9.75
2 24 -4.27 -4.57 9.75 -2.88 -5.55 9.75
3 16 -4.27 -4.57 9.75 -5.34 -3.25 9.75 -10 -10 9.75
2 24 -5.34 -3.25 9.75 -4.27 -4.57 9.75

3 16 5.73 -2.49 -9.75 6.19 -0.85 -9.75 10 -10 -9.75
2 24 5.73 -2.49 -9.75 6.19 -0.85 -9.75
4 16 10 -10 -9.75 6.19 -0.85 -9.75 6.19 0.85 -9.75 10 10 -9.75
2 24 6.19 -0.85 -9.75 6.19 0.85 -9.75
2 24 10 -10 -9.75 10 10 -9.75
3 16 10 10 -9.75 6.19 0.85 -9.75 5.73 2.49 -9.75
2 24 6.19 0.85 -9.75 5.73 2.49 -9.75
3 16 10 10 -9.75 5.73 2.49 -9.75 4.85 3.94 -9.75
2 24 5.73 2.49 -9.75 4.85 3.94 -9.75
3 16 -2.88 -5.55 -9.75 -1.27 -6.12 -9.75 -10 -10 -9.75
2 24 -2.88 -5.55 -9.75 -1.27 -6.12 -9.75
4 16 -10 -10 -9.75 -1.27 -6.12 -9.75 0.43 -6.24 -9.75 10 -10 -9.75
2 24 -1.27 -6.12 -9.75 0.43 -6.24 -9.75
2 24 -10 -10 -9.75 10 -10 -9.75
3 16 10 -10 -9.75 0.43 -6.24 -9.75 2.09 -5.89 -9.75
2 24 0.43 -6.24 -9.75 2.09 -5.89 -9.75
3 16 10 -10 -9.75 2.09 -5.89 -9.75 3.6 -5.11 -9.75
2 24 2.09 -5.89 -9.75 3.6 -5.11 -9.75
3 16 -5.34 3.25 -9.75 -6.02 1.69 -9.75 -10 10 -9.75
2 24 -5.34 3.25 -9.75 -6.02 1.69 -9.75
3 16 -10 10 -9.75 -6.02 1.69 -9.75 -6.25 0 -9.75
2 24 -6.02 1.69 -9.75 -6.25 0 -9.75
4 16 -10 10 -9.75 -6.25 0 -9.75 -6.02 -1.69 -9.75 -10 -10 -9.75
2 24 -6.25 0 -9.75 -6.02 -1.69 -9.75
2 24 -10 -10 -9.75 -10 10 -9.75
3 16 -10 -10 -9.75 -6.02 -1.69 -9.75 -5.34 -3.25 -9.75
2 24 -6.02 -1.69 -9.75 -5.34 -3.25 -9.75
3 16 3.6 5.11 -9.75 2.09 5.89 -9.75 10 10 -9.75
2 24 3.6 5.11 -9.75 2.09 5.89 -9.75
3 16 10 10 -9.75 2.09 5.89 -9.75 0.43 6.24 -9.75
2 24 2.09 5.89 -9.75 0.43 6.24 -9.75
4 16 10 10 -9.75 0.43 6.24 -9.75 -1.27 6.12 -9.75 -10 10 -9.75
2 24 0.43 6.24 -9.75 -1.27 6.12 -9.75
2 24 10 10 -9.75 -10 10 -9.75
3 16 -10 10 -9.75 -1.27 6.12 -9.75 -2.88 5.55 -9.75
2 24 -1.27 6.12 -9.75 -2.88 5.55 -9.75
3 16 -5.34 -3.25 -9.75 -4.27 -4.57 -9.75 -10 -10 -9.75
2 24 -5.34 -3.25 -9.75 -4.27 -4.57 -9.75
3 16 -10 -10 -9.75 -4.27 -4.57 -9.75 -2.88 -5.55 -9.75
2 24 -4.27 -4.57 -9.75 -2.88 -5.55 -9.75
3 16 3.6 -5.11 -9.75 4.85 -3.94 -9.75 10 -10 -9.75
2 24 3.6 -5.11 -9.75 4.85 -3.94 -9.75
3 16 10 -10 -9.75 4.85 -3.94 -9.75 5.73 -2.49 -9.75
2 24 4.85 -3.94 -9.75 5.73 -2.49 -9.75
3 16 4.85 3.94 -9.75 3.6 5.11 -9.75 10 10 -9.75
2 24 4.85 3.94 -9.75 3.6 5.11 -9.75
3 16 -2.88 5.55 -9.75 -4.27 4.57 -9.75 -10 10 -9.75
2 24 -2.88 5.55 -9.75 -4.27 4.57 -9.75
3 16 -10 10 -9.75 -4.27 4.57 -9.75 -5.34 3.25 -9.75
2 24 -4.27 4.57 -9.75 -5.34 3.25 -9.75

4 16 10 -10 -9.75 10 10 -9.75 10 10 9.75 10 -10 9.75
2 24 10 10 -9.75 10 10 9.75
2 24 10 -10 9.75 10 -10 -9.75
4 16 10 10 -9.75 -10 10 -9.75 -10 10 9.75 10 10 9.75
2 24 -10 10 -9.75 -10 10 9.75
4 16 -10 -10 -9.75 10 -10 -9.75 10 -10 9.75 -10 -10 9.75
2 24 -10 -10 9.75 -10 -10 -9.75
4 16 -6.02 1.69 -9.75 -6.02 1.69 9.75 -6.25 0 9.75 -6.25 0 -9.75
5 24 -6.02 1.69 9.75 -6.02 1.69 -9.75 -5.34 3.25 -9.75 -6.25 0 9.75
5 24 -6.25 0 9.75 -6.25 0 -9.75 -6.02 1.69 -9.75 -6.02 -1.69 9.75
4 16 -6.25 0 -9.75 -6.25 0 9.75 -6.02 -1.69 9.75 -6.02 -1.69 -9.75
5 24 -6.02 -1.69 9.75 -6.02 -1.69 -9.75 -6.25 0 -9.75 -5.34 -3.25 9.75
4 16 -6.02 -1.69 -9.75 -6.02 -1.69 9.75 -5.34 -3.25 9.75 -5.34 -3.25 -9.75
5 24 -5.34 -3.25 9.75 -5.34 -3.25 -9.75 -6.02 -1.69 -9.75 -4.27 -4.57 9.75
4 16 -5.34 -3.25 -9.75 -5.34 -3.25 9.75 -4.27 -4.57 9.75 -4.27 -4.57 -9.75
5 24 -4.27 -4.57 9.75 -4.27 -4.57 -9.75 -5.34 -3.25 -9.75 -2.88 -5.55 9.75
4 16 -4.27 -4.57 -9.75 -4.27 -4.57 9.75 -2.88 -5.55 9.75 -2.88 -5.55 -9.75
5 24 -2.88 -5.55 9.75 -2.88 -5.55 -9.75 -4.27 -4.57 -9.75 -1.27 -6.12 9.75
4 16 -2.88 -5.55 -9.75 -2.88 -5.55 9.75 -1.27 -6.12 9.75 -1.27 -6.12 -9.75
5 24 -1.27 -6.12 9.75 -1.27 -6.12 -9.75 -2.88 -5.55 -9.75 0.43 -6.24 9.75
4 16 -1.27 -6.12 -9.75 -1.27 -6.12 9.75 0.43 -6.24 9.75 0.43 -6.24 -9.75
5 24 0.43 -6.24 9.75 0.43 -6.24 -9.75 -1.27 -6.12 -9.75 2.09 -5.89 9.75
4 16 0.43 -6.24 -9.75 0.43 -6.24 9.75 2.09 -5.89 9.75 2.09 -5.89 -9.75
5 24 2.09 -5.89 9.75 2.09 -5.89 -9.75 0.43 -6.24 -9.75 3.6 -5.11 9.75
4 16 2.09 -5.89 -9.75 2.09 -5.89 9.75 3.6 -5.11 9.75 3.6 -5.11 -9.75
5 24 3.6 -5.11 9.75 3.6 -5.11 -9.75 2.09 -5.89 -9.75 4.85 -3.94 9.75
4 16 3.6 -5.11 -9.75 3.6 -5.11 9.75 4.85 -3.94 9.75 4.85 -3.94 -9.75
5 24 4.85 -3.94 9.75 4.85 -3.94 -9.75 3.6 -5.11 -9.75 5.73 -2.49 9.75
4 16 4.85 -3.94 -9.75 4.85 -3.94 9.75 5.73 -2.49 9.75 5.73 -2.49 -9.75
5 24 5.73 -2.49 9.75 5.73 -2.49 -9.75 4.85 -3.94 -9.75 6.19 -0.85 9.75
4 16 5.73 -2.49 -9.75 5.73 -2.49 9.75 6.19 -0.85 9.75 6.19 -0.85 -9.75
5 24 6.19 -0.85 9.75 6.19 -0.85 -9.75 5.73 -2.49 -9.75 6.19 0.85 9.75
4 16 6.19 -0.85 -9.75 6.19 -0.85 9.75 6.19 0.85 9.75 6.19 0.85 -9.75
5 24 6.19 0.85 9.75 6.19 0.85 -9.75 6.19 -0.85 -9.75 5.73 2.49 9.75
4 16 6.19 0.85 -9.75 6.19 0.85 9.75 5.73 2.49 9.75 5.73 2.49 -9.75
5 24 5.73 2.49 9.75 5.73 2.49 -9.75 6.19 0.85 -9.75 4.85 3.94 9.75
4 16 5.73 2.49 -9.75 5.73 2.49 9.75 4.85 3.94 9.75 4.85 3.94 -9.75
5 24 4.85 3.94 9.75 4.85 3.94 -9.75 5.73 2.49 -9.75 3.6 5.11 9.75
4 16 4.85 3.94 -9.75 4.85 3.94 9.75 3.6 5.11 9.75 3.6 5.11 -9.75
5 24 3.6 5.11 9.75 3.6 5.11 -9.75 4.85 3.94 -9.75 2.09 5.89 9.75
4 16 3.6 5.11 -9.75 3.6 5.11 9.75 2.09 5.89 9.75 2.09 5.89 -9.75
5 24 2.09 5.89 9.75 2.09 5.89 -9.75 3.6 5.11 -9.75 0.43 6.24 9.75
4 16 2.09 5.89 -9.75 2.09 5.89 9.75 0.43 6.24 9.75 0.43 6.24 -9.75
5 24 0.43 6.24 9.75 0.43 6.24 -9.75 2.09 5.89 -9.75 -1.27 6.12 9.75
4 16 0.43 6.24 -9.75 0.43 6.24 9.75 -1.27 6.12 9.75 -1.27 6.12 -9.75
5 24 -1.27 6.12 9.75 -1.27 6.12 -9.75 0.43 6.24 -9.75 -2.88 5.55 9.75
4 16 -1.27 6.12 -9.75 -1.27 6.12 9.75 -2.88 5.55 9.75 -2.88 5.55 -9.75
5 24 -2.88 5.55 9.75 -2.88 5.55 -9.75 -1.27 6.12 -9.75 -4.27 4.57 9.75
4 16 -2.88 5.55 -9.75 -2.88 5.55 9.75 -4.27 4.57 9.75 -4.27 4.57 -9.75
5 24 -4.27 4.57 9.75 -4.27 4.57 -9.75 -2.88 5.55 -9.75 -5.34 3.25 9.75
4 16 -4.27 4.57 -9.75 -4.27 4.57 9.75 -5.34 3.25 9.75 -5.34 3.25 -9.75
5 24 -5.34 3.25 9.75 -5.34 3.25 -9.75 -4.27 4.57 -9.75 -6.02 1.69 9.75
4 16 -5.34 3.25 -9.75 -5.34 3.25 9.75 -6.02 1.69 9.75 -6.02 1.69 -9.75
4 16 -10 -10 9.75 -10 10 9.75 -10 10 -9.75 -10 -10 -9.75
