0 Bitbeam Wheel/Gear Coupling -  8 x 10
0 Name: bb-gr-up-10x8c.dat
0 Author: Tomas Feltl (e-Mole.cz)
0 !LDRAW_ORG Unofficial_Part
0 !LICENSE Redistributable under CCAL version 2.0 : see CAreadme.txt

0 BFC CERTIFY CCW

0 // Created with stl2dat conversion tool

3 16 -3.06 -5.45 9.75 -4.42 -4.42 9.75 -12.5 -10 9.75
2 24 -4.42 -4.42 9.75 -3.06 -5.45 9.75
3 16 -12.5 -10 9.75 -4.42 -4.42 9.75 -5.45 -3.06 9.75
2 24 -5.45 -3.06 9.75 -4.42 -4.42 9.75
3 16 -12.5 -10 9.75 -5.45 -3.06 9.75 -6.07 -1.48 9.75
2 24 -6.07 -1.48 9.75 -5.45 -3.06 9.75
3 16 -6.07 -1.48 9.75 -6.25 0.21 9.75 -12.5 -10 9.75
2 24 -6.25 0.21 9.75 -6.07 -1.48 9.75
4 16 -12.5 -10 9.75 -6.25 0.21 9.75 -5.96 1.89 9.75 -12.5 10 9.75
2 24 -5.96 1.89 9.75 -6.25 0.21 9.75
2 24 -12.5 -10 9.75 -12.5 10 9.75
3 16 -12.5 10 9.75 -5.96 1.89 9.75 -5.23 3.43 9.75
2 24 -5.23 3.43 9.75 -5.96 1.89 9.75
3 16 -12.5 10 9.75 -5.23 3.43 9.75 -4.11 4.71 9.75
2 24 -4.11 4.71 9.75 -5.23 3.43 9.75
3 16 -4.11 4.71 9.75 -2.68 5.64 9.75 -12.5 10 9.75
2 24 -2.68 5.64 9.75 -4.11 4.71 9.75
3 16 -12.5 10 9.75 -2.68 5.64 9.75 -1.06 6.16 9.75
2 24 -1.06 6.16 9.75 -2.68 5.64 9.75
4 16 -12.5 10 9.75 -1.06 6.16 9.75 0.64 6.22 9.75 12.5 10 9.75
2 24 0.64 6.22 9.75 -1.06 6.16 9.75
2 24 -12.5 10 9.75 12.5 10 9.75
3 16 12.5 10 9.75 0.64 6.22 9.75 2.29 5.81 9.75
2 24 2.29 5.81 9.75 0.64 6.22 9.75
3 16 12.5 10 9.75 2.29 5.81 9.75 3.78 4.98 9.75
2 24 3.78 4.98 9.75 2.29 5.81 9.75
3 16 3.78 4.98 9.75 4.98 3.78 9.75 12.5 10 9.75
2 24 4.98 3.78 9.75 3.78 4.98 9.75
3 16 12.5 10 9.75 4.98 3.78 9.75 5.81 2.29 9.75
2 24 5.81 2.29 9.75 4.98 3.78 9.75
3 16 12.5 10 9.75 5.81 2.29 9.75 6.22 0.64 9.75
2 24 6.22 0.64 9.75 5.81 2.29 9.75
4 16 12.5 10 9.75 6.22 0.64 9.75 6.16 -1.06 9.75 12.5 -10 9.75
2 24 6.16 -1.06 9.75 6.22 0.64 9.75
2 24 12.5 10 9.75 12.5 -10 9.75
3 16 12.5 -10 9.75 6.16 -1.06 9.75 5.64 -2.68 9.75
2 24 5.64 -2.68 9.75 6.16 -1.06 9.75
3 16 5.64 -2.68 9.75 4.71 -4.11 9.75 12.5 -10 9.75
2 24 4.71 -4.11 9.75 5.64 -2.68 9.75
3 16 12.5 -10 9.75 4.71 -4.11 9.75 3.43 -5.23 9.75
2 24 3.43 -5.23 9.75 4.71 -4.11 9.75
3 16 12.5 -10 9.75 3.43 -5.23 9.75 1.89 -5.96 9.75
2 24 1.89 -5.96 9.75 3.43 -5.23 9.75
3 16 1.89 -5.96 9.75 0.21 -6.25 9.75 12.5 -10 9.75
2 24 0.21 -6.25 9.75 1.89 -5.96 9.75
4 16 12.5 -10 9.75 0.21 -6.25 9.75 -1.48 -6.07 9.75 -12.5 -10 9.75
2 24 -1.48 -6.07 9.75 0.21 -6.25 9.75
2 24 12.5 -10 9.75 -12.5 -10 9.75
3 16 -12.5 -10 9.75 -1.48 -6.07 9.75 -3.06 -5.45 9.75
2 24 -3.06 -5.45 9.75 -1.48 -6.07 9.75

3 16 -5.23 3.43 -9.75 -5.96 1.89 -9.75 -12.5 10 -9.75
2 24 -5.96 1.89 -9.75 -5.23 3.43 -9.75
3 16 -12.5 10 -9.75 -5.96 1.89 -9.75 -6.25 0.21 -9.75
2 24 -6.25 0.21 -9.75 -5.96 1.89 -9.75
4 16 -12.5 10 -9.75 -6.25 0.21 -9.75 -6.07 -1.48 -9.75 -12.5 -10 -9.75
2 24 -6.07 -1.48 -9.75 -6.25 0.21 -9.75
2 24 -12.5 10 -9.75 -12.5 -10 -9.75
3 16 -12.5 -10 -9.75 -6.07 -1.48 -9.75 -5.45 -3.06 -9.75
2 24 -5.45 -3.06 -9.75 -6.07 -1.48 -9.75
3 16 3.78 4.98 -9.75 2.29 5.81 -9.75 12.5 10 -9.75
2 24 2.29 5.81 -9.75 3.78 4.98 -9.75
3 16 12.5 10 -9.75 2.29 5.81 -9.75 0.64 6.22 -9.75
2 24 0.64 6.22 -9.75 2.29 5.81 -9.75
4 16 12.5 10 -9.75 0.64 6.22 -9.75 -1.06 6.16 -9.75 -12.5 10 -9.75
2 24 -1.06 6.16 -9.75 0.64 6.22 -9.75
2 24 12.5 10 -9.75 -12.5 10 -9.75
3 16 -12.5 10 -9.75 -1.06 6.16 -9.75 -2.68 5.64 -9.75
2 24 -2.68 5.64 -9.75 -1.06 6.16 -9.75
3 16 5.64 -2.68 -9.75 6.16 -1.06 -9.75 12.5 -10 -9.75
2 24 6.16 -1.06 -9.75 5.64 -2.68 -9.75
3 16 12.5 -10 -9.75 6.16 -1.06 -9.75 6.22 0.64 -9.75
2 24 6.22 0.64 -9.75 6.16 -1.06 -9.75
4 16 12.5 -10 -9.75 6.22 0.64 -9.75 5.81 2.29 -9.75 12.5 10 -9.75
2 24 5.81 2.29 -9.75 6.22 0.64 -9.75
2 24 12.5 -10 -9.75 12.5 10 -9.75
3 16 12.5 10 -9.75 5.81 2.29 -9.75 4.98 3.78 -9.75
2 24 4.98 3.78 -9.75 5.81 2.29 -9.75
3 16 -3.06 -5.45 -9.75 -1.48 -6.07 -9.75 -12.5 -10 -9.75
2 24 -1.48 -6.07 -9.75 -3.06 -5.45 -9.75
4 16 -12.5 -10 -9.75 -1.48 -6.07 -9.75 0.21 -6.25 -9.75 12.5 -10 -9.75
2 24 0.21 -6.25 -9.75 -1.48 -6.07 -9.75
2 24 -12.5 -10 -9.75 12.5 -10 -9.75
3 16 12.5 -10 -9.75 0.21 -6.25 -9.75 1.89 -5.96 -9.75
2 24 1.89 -5.96 -9.75 0.21 -6.25 -9.75
3 16 12.5 -10 -9.75 1.89 -5.96 -9.75 3.43 -5.23 -9.75
2 24 3.43 -5.23 -9.75 1.89 -5.96 -9.75
3 16 -5.45 -3.06 -9.75 -4.42 -4.42 -9.75 -12.5 -10 -9.75
2 24 -4.42 -4.42 -9.75 -5.45 -3.06 -9.75
3 16 -12.5 -10 -9.75 -4.42 -4.42 -9.75 -3.06 -5.45 -9.75
2 24 -3.06 -5.45 -9.75 -4.42 -4.42 -9.75
3 16 3.43 -5.23 -9.75 4.71 -4.11 -9.75 12.5 -10 -9.75
2 24 4.71 -4.11 -9.75 3.43 -5.23 -9.75
3 16 12.5 -10 -9.75 4.71 -4.11 -9.75 5.64 -2.68 -9.75
2 24 5.64 -2.68 -9.75 4.71 -4.11 -9.75
3 16 4.98 3.78 -9.75 3.78 4.98 -9.75 12.5 10 -9.75
2 24 3.78 4.98 -9.75 4.98 3.78 -9.75
3 16 -2.68 5.64 -9.75 -4.11 4.71 -9.75 -12.5 10 -9.75
2 24 -4.11 4.71 -9.75 -2.68 5.64 -9.75
3 16 -12.5 10 -9.75 -4.11 4.71 -9.75 -5.23 3.43 -9.75
2 24 -5.23 3.43 -9.75 -4.11 4.71 -9.75

4 16 -12.5 10 9.75 -12.5 10 -9.75 -12.5 -10 -9.75 -12.5 -10 9.75
2 24 -12.5 10 9.75 -12.5 10 -9.75
2 24 -12.5 -10 -9.75 -12.5 -10 9.75
4 16 12.5 10 9.75 12.5 10 -9.75 -12.5 10 -9.75 -12.5 10 9.75
2 24 12.5 10 9.75 12.5 10 -9.75
4 16 12.5 -10 9.75 12.5 -10 -9.75 12.5 10 -9.75 12.5 10 9.75
2 24 12.5 -10 9.75 12.5 -10 -9.75
4 16 -12.5 -10 9.75 -12.5 -10 -9.75 12.5 -10 -9.75 12.5 -10 9.75
4 16 -5.45 -3.06 -9.75 -5.45 -3.06 9.75 -4.42 -4.42 9.75 -4.42 -4.42 -9.75
5 24 -5.45 -3.06 9.75 -5.45 -3.06 -9.75 -6.07 -1.48 -9.75 -4.42 -4.42 9.75
5 24 -4.42 -4.42 9.75 -4.42 -4.42 -9.75 -5.45 -3.06 -9.75 -3.06 -5.45 9.75
4 16 -4.42 -4.42 -9.75 -4.42 -4.42 9.75 -3.06 -5.45 9.75 -3.06 -5.45 -9.75
5 24 -3.06 -5.45 9.75 -3.06 -5.45 -9.75 -4.42 -4.42 -9.75 -1.48 -6.07 9.75
4 16 -3.06 -5.45 -9.75 -3.06 -5.45 9.75 -1.48 -6.07 9.75 -1.48 -6.07 -9.75
5 24 -1.48 -6.07 9.75 -1.48 -6.07 -9.75 -3.06 -5.45 -9.75 0.21 -6.25 9.75
4 16 -1.48 -6.07 -9.75 -1.48 -6.07 9.75 0.21 -6.25 9.75 0.21 -6.25 -9.75
5 24 0.21 -6.25 9.75 0.21 -6.25 -9.75 -1.48 -6.07 -9.75 1.89 -5.96 9.75
4 16 0.21 -6.25 -9.75 0.21 -6.25 9.75 1.89 -5.96 9.75 1.89 -5.96 -9.75
5 24 1.89 -5.96 9.75 1.89 -5.96 -9.75 0.21 -6.25 -9.75 3.43 -5.23 9.75
4 16 1.89 -5.96 -9.75 1.89 -5.96 9.75 3.43 -5.23 9.75 3.43 -5.23 -9.75
5 24 3.43 -5.23 9.75 3.43 -5.23 -9.75 1.89 -5.96 -9.75 4.71 -4.11 9.75
4 16 3.43 -5.23 -9.75 3.43 -5.23 9.75 4.71 -4.11 9.75 4.71 -4.11 -9.75
5 24 4.71 -4.11 9.75 4.71 -4.11 -9.75 3.43 -5.23 -9.75 5.64 -2.68 9.75
4 16 4.71 -4.11 -9.75 4.71 -4.11 9.75 5.64 -2.68 9.75 5.64 -2.68 -9.75
5 24 5.64 -2.68 9.75 5.64 -2.68 -9.75 4.71 -4.11 -9.75 6.16 -1.06 9.75
4 16 5.64 -2.68 -9.75 5.64 -2.68 9.75 6.16 -1.06 9.75 6.16 -1.06 -9.75
5 24 6.16 -1.06 9.75 6.16 -1.06 -9.75 5.64 -2.68 -9.75 6.22 0.64 9.75
4 16 6.16 -1.06 -9.75 6.16 -1.06 9.75 6.22 0.64 9.75 6.22 0.64 -9.75
5 24 6.22 0.64 9.75 6.22 0.64 -9.75 6.16 -1.06 -9.75 5.81 2.29 9.75
4 16 6.22 0.64 -9.75 6.22 0.64 9.75 5.81 2.29 9.75 5.81 2.29 -9.75
5 24 5.81 2.29 9.75 5.81 2.29 -9.75 6.22 0.64 -9.75 4.98 3.78 9.75
4 16 5.81 2.29 -9.75 5.81 2.29 9.75 4.98 3.78 9.75 4.98 3.78 -9.75
5 24 4.98 3.78 9.75 4.98 3.78 -9.75 5.81 2.29 -9.75 3.78 4.98 9.75
4 16 4.98 3.78 -9.75 4.98 3.78 9.75 3.78 4.98 9.75 3.78 4.98 -9.75
5 24 3.78 4.98 9.75 3.78 4.98 -9.75 4.98 3.78 -9.75 2.29 5.81 9.75
4 16 3.78 4.98 -9.75 3.78 4.98 9.75 2.29 5.81 9.75 2.29 5.81 -9.75
5 24 2.29 5.81 9.75 2.29 5.81 -9.75 3.78 4.98 -9.75 0.64 6.22 9.75
4 16 2.29 5.81 -9.75 2.29 5.81 9.75 0.64 6.22 9.75 0.64 6.22 -9.75
5 24 0.64 6.22 9.75 0.64 6.22 -9.75 2.29 5.81 -9.75 -1.06 6.16 9.75
4 16 0.64 6.22 -9.75 0.64 6.22 9.75 -1.06 6.16 9.75 -1.06 6.16 -9.75
5 24 -1.06 6.16 9.75 -1.06 6.16 -9.75 0.64 6.22 -9.75 -2.68 5.64 9.75
4 16 -1.06 6.16 -9.75 -1.06 6.16 9.75 -2.68 5.64 9.75 -2.68 5.64 -9.75
5 24 -2.68 5.64 9.75 -2.68 5.64 -9.75 -1.06 6.16 -9.75 -4.11 4.71 9.75
4 16 -2.68 5.64 -9.75 -2.68 5.64 9.75 -4.11 4.71 9.75 -4.11 4.71 -9.75
5 24 -4.11 4.71 9.75 -4.11 4.71 -9.75 -2.68 5.64 -9.75 -5.23 3.43 9.75
4 16 -4.11 4.71 -9.75 -4.11 4.71 9.75 -5.23 3.43 9.75 -5.23 3.43 -9.75
5 24 -5.23 3.43 9.75 -5.23 3.43 -9.75 -4.11 4.71 -9.75 -5.96 1.89 9.75
4 16 -5.23 3.43 -9.75 -5.23 3.43 9.75 -5.96 1.89 9.75 -5.96 1.89 -9.75
5 24 -5.96 1.89 9.75 -5.96 1.89 -9.75 -5.23 3.43 -9.75 -6.25 0.21 9.75
4 16 -5.96 1.89 -9.75 -5.96 1.89 9.75 -6.25 0.21 9.75 -6.25 0.21 -9.75
5 24 -6.25 0.21 9.75 -6.25 0.21 -9.75 -5.96 1.89 -9.75 -6.07 -1.48 9.75
4 16 -6.25 0.21 -9.75 -6.25 0.21 9.75 -6.07 -1.48 9.75 -6.07 -1.48 -9.75
5 24 -6.07 -1.48 9.75 -6.07 -1.48 -9.75 -6.25 0.21 -9.75 -5.45 -3.06 9.75
4 16 -6.07 -1.48 -9.75 -6.07 -1.48 9.75 -5.45 -3.06 9.75 -5.45 -3.06 -9.75
