0 BB Bitbeam Sensor BT - Box
0 Name: bb-sen-bt-pr.dat
0 Author: Tomas Feltl (e-Mole.cz)
0 !LDRAW_ORG Unofficial_Part
0 !LICENSE Redistributable under CCAL version 2.0 : see CAreadme.txt

0 BFC CERTIFY CCW

0 // Created with stl2dat conversion tool

3 16 -26.24627 3.75 -1.832891 -26.25 3.75 -2 -21.25 3.75 -1.5
2 24 -26.25 3.75 -2 -26.24627 3.75 -1.832891
4 16 -21.25 3.75 -1.5 -26.25 3.75 -2 -26.25 3.75 -7 -20 3.75 -7
2 24 -26.25 3.75 -7 -26.25 3.75 -2
2 24 -20 3.75 -7 -26.25 3.75 -7
4 16 -20 3.75 -7 -20 3.75 3 -21.25 3.75 3 -21.25 3.75 -1.5
2 24 -20 3.75 3 -20 3.75 -7
2 24 -21.25 3.75 3 -20 3.75 3
2 24 -21.25 3.75 -1.5 -21.25 3.75 3
3 16 -26.21652 3.75 -1.5 -26.23511 3.75 -1.666114 -21.25 3.75 -1.5
2 24 -26.23511 3.75 -1.666114 -26.21652 3.75 -1.5
2 24 -26.21652 3.75 -1.5 -21.25 3.75 -1.5
3 16 -21.25 3.75 -1.5 -26.23511 3.75 -1.666114 -26.24627 3.75 -1.832891
2 24 -26.24627 3.75 -1.832891 -26.23511 3.75 -1.666114

4 16 -55 3.75 -7 -55 3.75 -2 -60 3.75 -1.5 -61.25 3.75 -7
2 24 -55 3.75 -2 -55 3.75 -7
2 24 -55 3.75 -7 -61.25 3.75 -7
3 16 -60 3.75 -1.5 -55 3.75 -2 -55.00373 3.75 -1.832891
2 24 -55.00373 3.75 -1.832891 -55 3.75 -2
3 16 -60 3.75 -1.5 -55.00373 3.75 -1.832891 -55.01489 3.75 -1.666114
2 24 -55.01489 3.75 -1.666114 -55.00373 3.75 -1.832891
3 16 -55.01489 3.75 -1.666114 -55.03348 3.75 -1.5 -60 3.75 -1.5
2 24 -55.03348 3.75 -1.5 -55.01489 3.75 -1.666114
2 24 -60 3.75 -1.5 -55.03348 3.75 -1.5
4 16 -60 3.75 3 -61.25 3.75 3 -61.25 3.75 -7 -60 3.75 -1.5
2 24 -61.25 3.75 3 -60 3.75 3
2 24 -61.25 3.75 -7 -61.25 3.75 3
2 24 -60 3.75 3 -60 3.75 -1.5

3 16 -57.4559 3.75 77.17037 -56.25 3.75 77.66987 -58.75 3.75 77
2 24 -56.25 3.75 77.66987 -57.4559 3.75 77.17037
2 24 -57.4559 3.75 77.17037 -58.75 3.75 77
4 16 -58.75 3.75 77 -56.25 3.75 77.66987 -55.21447 3.75 78.46447 -54.41987 3.75 79.5
2 24 -55.21447 3.75 78.46447 -56.25 3.75 77.66987
2 24 -54.41987 3.75 79.5 -55.21447 3.75 78.46447
4 16 -54.41987 3.75 79.5 -53.92037 3.75 80.7059 -53.75 3.75 82 -58.75 3.75 77
2 24 -53.92037 3.75 80.7059 -54.41987 3.75 79.5
2 24 -53.75 3.75 82 -53.92037 3.75 80.7059
4 16 -58.75 3.75 77 -53.75 3.75 82 -61.25 3.75 87 -61.25 3.75 77
2 24 -61.25 3.75 77 -61.25 3.75 87
2 24 -58.75 3.75 77 -61.25 3.75 77
3 16 -61.25 3.75 87 -53.75 3.75 82 -53.75 3.75 87
2 24 -53.75 3.75 87 -53.75 3.75 82
2 24 -61.25 3.75 87 -53.75 3.75 87

3 16 -27.32963 3.75 80.7059 -22.5 3.75 77 -27.5 3.75 82
2 24 -27.32963 3.75 80.7059 -27.5 3.75 82
4 16 -27.5 3.75 82 -22.5 3.75 77 -20 3.75 77 -20 3.75 87
2 24 -20 3.75 77 -22.5 3.75 77
2 24 -20 3.75 87 -20 3.75 77
3 16 -27.5 3.75 82 -20 3.75 87 -27.5 3.75 87
2 24 -27.5 3.75 87 -20 3.75 87
2 24 -27.5 3.75 82 -27.5 3.75 87
4 16 -27.32963 3.75 80.7059 -26.83013 3.75 79.5 -26.03553 3.75 78.46447 -22.5 3.75 77
2 24 -26.83013 3.75 79.5 -27.32963 3.75 80.7059
2 24 -26.03553 3.75 78.46447 -26.83013 3.75 79.5
4 16 -22.5 3.75 77 -26.03553 3.75 78.46447 -25 3.75 77.66987 -23.7941 3.75 77.17037
2 24 -25 3.75 77.66987 -26.03553 3.75 78.46447
2 24 -23.7941 3.75 77.17037 -25 3.75 77.66987
2 24 -22.5 3.75 77 -23.7941 3.75 77.17037

3 16 -17 -6.5 50 -17 -6.5 90 -20 -6.5 87
2 24 -17 -6.5 90 -17 -6.5 50
4 16 -20 -6.5 87 -17 -6.5 90 -64.25 -6.5 90 -61.25 -6.5 87
2 24 -17 -6.5 90 -64.25 -6.5 90
2 24 -20 -6.5 87 -61.25 -6.5 87
4 16 -61.25 -6.5 87 -64.25 -6.5 90 -64.25 -6.5 -10 -61.25 -6.5 -7
2 24 -64.25 -6.5 -10 -64.25 -6.5 90
2 24 -61.25 -6.5 87 -61.25 -6.5 -7
4 16 -61.25 -6.5 -7 -64.25 -6.5 -10 -56.25 -6.5 -10 -56.25 -6.5 -7
2 24 -56.25 -6.5 -10 -64.25 -6.5 -10
2 24 -56.25 -6.5 -7 -56.25 -6.5 -10
2 24 -61.25 -6.5 -7 -56.25 -6.5 -7
3 16 -17 -6.5 50 -20 -6.5 87 -17 -6.5 30.125
2 24 -17 -6.5 50 -17 -6.5 30.125
3 16 -17 -6.5 30.125 -20 -6.5 87 -20 -6.5 -7
2 24 -20 -6.5 -7 -20 -6.5 87
3 16 -17 -6.5 30.125 -20 -6.5 -7 -17 -6.5 9.875
2 24 -17 -6.5 30.125 -17 -6.5 9.875
3 16 -17 -6.5 9.875 -20 -6.5 -7 -17 -6.5 -10
2 24 -17 -6.5 9.875 -17 -6.5 -10
4 16 -25 -6.5 -7 -25 -6.5 -10 -17 -6.5 -10 -20 -6.5 -7
2 24 -25 -6.5 -10 -25 -6.5 -7
2 24 -17 -6.5 -10 -25 -6.5 -10
2 24 -25 -6.5 -7 -20 -6.5 -7

3 16 1.69 6.02 -10 0 6.25 -10 10 10 -10
2 24 0 6.25 -10 1.69 6.02 -10
4 16 10 10 -10 0 6.25 -10 -1.68623 6.018233 -10 -64.25 10 -10
2 24 -1.68623 6.018233 -10 0 6.25 -10
2 24 10 10 -10 -64.25 10 -10
3 16 -64.25 10 -10 -1.68623 6.018233 -10 -3.2474 5.340121 -10
2 24 -3.2474 5.340121 -10 -1.68623 6.018233 -10
4 16 -64.25 10 -10 -3.2474 5.340121 -10 -25 -1.5 -10 -56.25 -1.5 -10
2 24 -56.25 -1.5 -10 -25 -1.5 -10
3 16 -25 -1.5 -10 -3.2474 5.340121 -10 -4.567725 4.265957 -10
2 24 -4.567725 4.265957 -10 -3.2474 5.340121 -10
3 16 -25 -1.5 -10 -4.567725 4.265957 -10 -5.55 2.88 -10
2 24 -5.55 2.88 -10 -4.567725 4.265957 -10
3 16 -5.55 2.88 -10 -6.119276 1.2716 -10 -25 -1.5 -10
2 24 -6.119276 1.2716 -10 -5.55 2.88 -10
4 16 -25 -1.5 -10 -6.119276 1.2716 -10 -6.23543 -0.4265151 -10 -17 -6.5 -10
2 24 -6.23543 -0.4265151 -10 -6.119276 1.2716 -10
3 16 -25 -1.5 -10 -17 -6.5 -10 -25 -6.5 -10
2 24 -25 -1.5 -10 -25 -6.5 -10
3 16 -17 -6.5 -10 -6.23543 -0.4265151 -10 -5.889131 -2.092998 -10
2 24 -5.889131 -2.092998 -10 -6.23543 -0.4265151 -10
3 16 -17 -6.5 -10 -5.889131 -2.092998 -10 -5.106062 -3.604252 -10
2 24 -5.106062 -3.604252 -10 -5.889131 -2.092998 -10
4 16 -17 -6.5 -10 -5.106062 -3.604252 -10 -3.9443 -4.848196 -10 -17 -10 -10
2 24 -3.9443 -4.848196 -10 -5.106062 -3.604252 -10
2 24 -17 -6.5 -10 -17 -10 -10
3 16 -17 -10 -10 -3.9443 -4.848196 -10 -2.49 -5.73 -10
2 24 -2.49 -5.73 -10 -3.9443 -4.848196 -10
3 16 -2.49 -5.73 -10 -0.8510416 -6.191787 -10 -17 -10 -10
2 24 -0.8510416 -6.191787 -10 -2.49 -5.73 -10
4 16 -17 -10 -10 -0.8510416 -6.191787 -10 0.8510416 -6.191787 -10 10 -10 -10
2 24 0.8510416 -6.191787 -10 -0.8510416 -6.191787 -10
2 24 -17 -10 -10 10 -10 -10
3 16 10 -10 -10 0.8510416 -6.191787 -10 2.49 -5.73 -10
2 24 2.49 -5.73 -10 0.8510416 -6.191787 -10
3 16 10 -10 -10 2.49 -5.73 -10 3.94 -4.85 -10
2 24 3.94 -4.85 -10 2.49 -5.73 -10
3 16 3.94 -4.85 -10 5.11 -3.6 -10 10 -10 -10
2 24 5.11 -3.6 -10 3.94 -4.85 -10
3 16 10 -10 -10 5.11 -3.6 -10 5.89 -2.09 -10
2 24 5.89 -2.09 -10 5.11 -3.6 -10
3 16 10 -10 -10 5.89 -2.09 -10 6.23543 -0.4265151 -10
2 24 6.23543 -0.4265151 -10 5.89 -2.09 -10
4 16 10 -10 -10 6.23543 -0.4265151 -10 6.119276 1.2716 -10 10 10 -10
2 24 6.119276 1.2716 -10 6.23543 -0.4265151 -10
2 24 10 -10 -10 10 10 -10
3 16 10 10 -10 6.119276 1.2716 -10 5.55 2.88 -10
2 24 5.55 2.88 -10 6.119276 1.2716 -10
3 16 5.55 2.88 -10 4.568 4.266 -10 10 10 -10
2 24 4.568 4.266 -10 5.55 2.88 -10
3 16 10 10 -10 4.568 4.266 -10 3.247 5.34 -10
2 24 3.247 5.34 -10 4.568 4.266 -10
3 16 10 10 -10 3.247 5.34 -10 1.69 6.02 -10
2 24 1.69 6.02 -10 3.247 5.34 -10
4 16 -64.25 10 -10 -56.25 -1.5 -10 -56.25 -6.5 -10 -64.25 -6.5 -10
2 24 -56.25 -6.5 -10 -56.25 -1.5 -10
2 24 -64.25 10 -10 -64.25 -6.5 -10

4 16 -27.5 7 87 -53.75 7 87 -53.75 7 82 -27.5 7 82
2 24 -53.75 7 87 -27.5 7 87
2 24 -53.75 7 82 -53.75 7 87
2 24 -27.5 7 87 -27.5 7 82
4 16 -27.5 7 82 -53.75 7 82 -41.25 7 68.5 -27.32963 7 80.7059
2 24 -27.5 7 82 -27.32963 7 80.7059
3 16 -41.25 7 68.5 -53.75 7 82 -53.92037 7 80.7059
2 24 -53.75 7 82 -53.92037 7 80.7059
3 16 -41.25 7 68.5 -53.92037 7 80.7059 -54.41987 7 79.5
2 24 -53.92037 7 80.7059 -54.41987 7 79.5
3 16 -54.41987 7 79.5 -55.21447 7 78.46447 -41.25 7 68.5
2 24 -54.41987 7 79.5 -55.21447 7 78.46447
3 16 -41.25 7 68.5 -55.21447 7 78.46447 -56.25 7 77.66987
2 24 -55.21447 7 78.46447 -56.25 7 77.66987
4 16 -41.25 7 68.5 -56.25 7 77.66987 -57.4559 7 77.17037 -60 7 68.5
2 24 -56.25 7 77.66987 -57.4559 7 77.17037
2 24 -41.25 7 68.5 -60 7 68.5
3 16 -60 7 68.5 -57.4559 7 77.17037 -58.75 7 77
2 24 -57.4559 7 77.17037 -58.75 7 77
3 16 -58.75 7 77 -61.25 7 77 -60 7 68.5
2 24 -61.25 7 77 -58.75 7 77
3 16 -60 7 68.5 -61.25 7 77 -61.25 7 3
2 24 -61.25 7 3 -61.25 7 77
3 16 -60 7 68.5 -61.25 7 3 -60 7 3
2 24 -60 7 3 -61.25 7 3
2 24 -60 7 68.5 -60 7 3
3 16 -22.5 7 77 -23.7941 7 77.17037 -21.25 7 68.5
2 24 -23.7941 7 77.17037 -22.5 7 77
3 16 -21.25 7 68.5 -23.7941 7 77.17037 -25 7 77.66987
2 24 -25 7 77.66987 -23.7941 7 77.17037
4 16 -21.25 7 68.5 -25 7 77.66987 -26.03553 7 78.46447 -41.25 7 68.5
2 24 -26.03553 7 78.46447 -25 7 77.66987
2 24 -21.25 7 68.5 -41.25 7 68.5
3 16 -41.25 7 68.5 -26.03553 7 78.46447 -26.83013 7 79.5
2 24 -26.83013 7 79.5 -26.03553 7 78.46447
3 16 -21.25 7 3 -20 7 3 -21.25 7 68.5
2 24 -20 7 3 -21.25 7 3
2 24 -21.25 7 3 -21.25 7 68.5
3 16 -21.25 7 68.5 -20 7 3 -20 7 77
2 24 -20 7 77 -20 7 3
3 16 -21.25 7 68.5 -20 7 77 -22.5 7 77
2 24 -22.5 7 77 -20 7 77
3 16 -26.83013 7 79.5 -27.32963 7 80.7059 -41.25 7 68.5
2 24 -27.32963 7 80.7059 -26.83013 7 79.5

3 16 -26.21652 7 -1.5 -41.25 7 -1.5 -26.23511 7 -1.666114
2 24 -41.25 7 -1.5 -26.21652 7 -1.5
2 24 -26.21652 7 -1.5 -26.23511 7 -1.666114
3 16 -26.23511 7 -1.666114 -41.25 7 -1.5 -26.24627 7 -1.832891
2 24 -26.23511 7 -1.666114 -26.24627 7 -1.832891
3 16 -55.03348 7 -1.5 -55.01489 7 -1.666114 -41.25 7 -1.5
2 24 -55.01489 7 -1.666114 -55.03348 7 -1.5
2 24 -55.03348 7 -1.5 -41.25 7 -1.5
3 16 -41.25 7 -1.5 -55.01489 7 -1.666114 -55.00373 7 -1.832891
2 24 -55.00373 7 -1.832891 -55.01489 7 -1.666114
3 16 -41.25 7 -1.5 -55.00373 7 -1.832891 -55 7 -2
2 24 -55 7 -2 -55.00373 7 -1.832891
3 16 -55 7 -2 -55 7 -7 -41.25 7 -1.5
2 24 -55 7 -7 -55 7 -2
4 16 -41.25 7 -1.5 -55 7 -7 -26.25 7 -7 -26.25 7 -2
2 24 -26.25 7 -7 -55 7 -7
2 24 -26.25 7 -2 -26.25 7 -7
3 16 -26.25 7 -2 -26.24627 7 -1.832891 -41.25 7 -1.5
2 24 -26.24627 7 -1.832891 -26.25 7 -2

4 16 -21.25 7 68.5 -41.25 7 68.5 -60 10 68.5 -21.25 10 68.5
2 24 -21.25 10 68.5 -60 10 68.5
2 24 -21.25 7 68.5 -21.25 10 68.5
3 16 -41.25 7 68.5 -60 7 68.5 -60 10 68.5
2 24 -60 10 68.5 -60 7 68.5

4 16 -17 10 50 -17 -1.5 63.5625 -17 -3.5 63.5625 -17 -6.5 50
2 24 -17 -1.5 63.5625 -17 -3.5 63.5625
2 24 -17 10 50 -17 -6.5 50
4 16 -17 -6.5 50 -17 -3.5 63.5625 -17 -3.5 78.5625 -17 -6.5 90
2 24 -17 -3.5 78.5625 -17 -3.5 63.5625
4 16 -17 -6.5 90 -17 -3.5 78.5625 -17 -1.5 78.5625 -17 10 90
2 24 -17 -1.5 78.5625 -17 -3.5 78.5625
2 24 -17 10 90 -17 -6.5 90
4 16 -17 10 50 -17 10 90 -17 -1.5 78.5625 -17 -1.5 63.5625
2 24 -17 10 90 -17 10 50
2 24 -17 -1.5 63.5625 -17 -1.5 78.5625

3 16 1.69 -10 46.02 10 -10 50 0 -10 46.25
2 24 0 -10 46.25 1.69 -10 46.02
4 16 0 -10 46.25 10 -10 50 -17 -10 50 -1.68623 -10 46.01823
2 24 -17 -10 50 10 -10 50
2 24 -1.68623 -10 46.01823 0 -10 46.25
3 16 -1.68623 -10 46.01823 -17 -10 50 -3.2474 -10 45.34012
2 24 -3.2474 -10 45.34012 -1.68623 -10 46.01823
3 16 1.69 -10 46.02 3.247 -10 45.34 10 -10 50
2 24 1.69 -10 46.02 3.247 -10 45.34
3 16 10 -10 50 3.247 -10 45.34 4.568 -10 44.266
2 24 3.247 -10 45.34 4.568 -10 44.266
3 16 10 -10 50 4.568 -10 44.266 5.55 -10 42.88
2 24 4.568 -10 44.266 5.55 -10 42.88
3 16 5.55 -10 42.88 6.119276 -10 41.2716 10 -10 50
2 24 5.55 -10 42.88 6.119276 -10 41.2716
4 16 10 -10 50 6.119276 -10 41.2716 6.23543 -10 39.57348 10 -10 30.125
2 24 6.119276 -10 41.2716 6.23543 -10 39.57348
2 24 10 -10 30.125 10 -10 50
3 16 10 -10 30.125 6.23543 -10 39.57348 5.89 -10 37.91
2 24 6.23543 -10 39.57348 5.89 -10 37.91
3 16 10 -10 30.125 5.89 -10 37.91 5.11 -10 36.4
2 24 5.89 -10 37.91 5.11 -10 36.4
3 16 5.11 -10 36.4 3.94 -10 35.15 10 -10 30.125
2 24 5.11 -10 36.4 3.94 -10 35.15
3 16 10 -10 30.125 3.94 -10 35.15 2.49 -10 34.27
2 24 3.94 -10 35.15 2.49 -10 34.27
3 16 10 -10 30.125 2.49 -10 34.27 0.8510416 -10 33.80821
2 24 2.49 -10 34.27 0.8510416 -10 33.80821
4 16 0.8510416 -10 33.80821 -0.8510416 -10 33.80821 -17 -10 30.125 10 -10 30.125
2 24 0.8510416 -10 33.80821 -0.8510416 -10 33.80821
2 24 10 -10 30.125 -17 -10 30.125
3 16 -0.8510416 -10 33.80821 -2.49 -10 34.27 -17 -10 30.125
2 24 -0.8510416 -10 33.80821 -2.49 -10 34.27
3 16 -17 -10 30.125 -2.49 -10 34.27 -3.94 -10 35.15
2 24 -2.49 -10 34.27 -3.94 -10 35.15
3 16 -17 -10 30.125 -3.94 -10 35.15 -5.11 -10 36.4
2 24 -3.94 -10 35.15 -5.11 -10 36.4
3 16 -5.11 -10 36.4 -5.89 -10 37.91 -17 -10 30.125
2 24 -5.11 -10 36.4 -5.89 -10 37.91
3 16 -17 -10 30.125 -5.89 -10 37.91 -6.23543 -10 39.57348
2 24 -5.89 -10 37.91 -6.23543 -10 39.57348
4 16 -17 -10 30.125 -6.23543 -10 39.57348 -6.119276 -10 41.2716 -17 -10 50
2 24 -6.23543 -10 39.57348 -6.119276 -10 41.2716
2 24 -17 -10 50 -17 -10 30.125
3 16 -17 -10 50 -6.119276 -10 41.2716 -5.55 -10 42.88
2 24 -6.119276 -10 41.2716 -5.55 -10 42.88
3 16 -5.55 -10 42.88 -4.567725 -10 44.26596 -17 -10 50
2 24 -5.55 -10 42.88 -4.567725 -10 44.26596
3 16 -17 -10 50 -4.567725 -10 44.26596 -3.2474 -10 45.34012
2 24 -4.567725 -10 44.26596 -3.2474 -10 45.34012

4 16 -60 10 68.5 -60 10 -1.5 -64.25 10 -10 -64.25 10 90
2 24 -60 10 -1.5 -60 10 68.5
2 24 -64.25 10 90 -64.25 10 -10
3 16 -64.25 10 -10 -60 10 -1.5 -21.25 10 -1.5
2 24 -21.25 10 -1.5 -60 10 -1.5
4 16 -64.25 10 -10 -21.25 10 -1.5 -3.2474 10 -5.340121 -1.68623 10 -6.018233
2 24 -3.2474 10 -5.340121 -1.68623 10 -6.018233
3 16 -17 10 90 -17 10 50 -21.25 10 68.5
3 16 -21.25 10 68.5 -17 10 50 -17 10 30.125
3 16 -21.25 10 68.5 -17 10 30.125 -21.25 10 -1.5
2 24 -21.25 10 68.5 -21.25 10 -1.5
3 16 -21.25 10 -1.5 -17 10 30.125 -17 10 9.875
2 24 -17 10 9.875 -17 10 30.125
4 16 -21.25 10 -1.5 -17 10 9.875 -6.23543 10 0.4265151 -6.119276 10 -1.2716
2 24 -6.23543 10 0.4265151 -6.119276 10 -1.2716
3 16 -6.23543 10 0.4265151 -17 10 9.875 -5.889131 10 2.092998
2 24 -5.889131 10 2.092998 -6.23543 10 0.4265151
4 16 -21.25 10 68.5 -60 10 68.5 -64.25 10 90 -17 10 90
2 24 -64.25 10 90 -17 10 90
4 16 -1.68623 10 -6.018233 0 10 -6.25 10 10 -10 -64.25 10 -10
2 24 -1.68623 10 -6.018233 0 10 -6.25
3 16 10 10 -10 0 10 -6.25 1.69 10 -6.02
2 24 0 10 -6.25 1.69 10 -6.02
3 16 10 10 -10 1.69 10 -6.02 3.247 10 -5.34
2 24 1.69 10 -6.02 3.247 10 -5.34
3 16 3.247 10 -5.34 4.568 10 -4.266 10 10 -10
2 24 3.247 10 -5.34 4.568 10 -4.266
3 16 10 10 -10 4.568 10 -4.266 5.55 10 -2.88
2 24 4.568 10 -4.266 5.55 10 -2.88
3 16 10 10 -10 5.55 10 -2.88 6.119276 10 -1.2716
2 24 5.55 10 -2.88 6.119276 10 -1.2716
4 16 6.119276 10 -1.2716 6.23543 10 0.4265151 10 10 9.875 10 10 -10
2 24 6.119276 10 -1.2716 6.23543 10 0.4265151
2 24 10 10 9.875 10 10 -10
3 16 6.23543 10 0.4265151 5.89 10 2.09 10 10 9.875
2 24 6.23543 10 0.4265151 5.89 10 2.09
3 16 10 10 9.875 5.89 10 2.09 5.11 10 3.6
2 24 5.89 10 2.09 5.11 10 3.6
3 16 10 10 9.875 5.11 10 3.6 3.94 10 4.85
2 24 5.11 10 3.6 3.94 10 4.85
3 16 3.94 10 4.85 2.49 10 5.73 10 10 9.875
2 24 3.94 10 4.85 2.49 10 5.73
3 16 10 10 9.875 2.49 10 5.73 0.8510416 10 6.191787
2 24 2.49 10 5.73 0.8510416 10 6.191787
4 16 10 10 9.875 0.8510416 10 6.191787 -0.8510416 10 6.191787 -17 10 9.875
2 24 0.8510416 10 6.191787 -0.8510416 10 6.191787
2 24 10 10 9.875 -17 10 9.875
3 16 -17 10 9.875 -0.8510416 10 6.191787 -2.49 10 5.73
2 24 -0.8510416 10 6.191787 -2.49 10 5.73
3 16 -17 10 9.875 -2.49 10 5.73 -3.94 10 4.85
2 24 -2.49 10 5.73 -3.94 10 4.85
3 16 -3.94 10 4.85 -5.106062 10 3.604252 -17 10 9.875
2 24 -3.94 10 4.85 -5.106062 10 3.604252
3 16 -17 10 9.875 -5.106062 10 3.604252 -5.889131 10 2.092998
2 24 -5.106062 10 3.604252 -5.889131 10 2.092998
3 16 -21.25 10 -1.5 -6.119276 10 -1.2716 -5.55 10 -2.88
2 24 -6.119276 10 -1.2716 -5.55 10 -2.88
3 16 -21.25 10 -1.5 -5.55 10 -2.88 -4.567725 10 -4.265957
2 24 -5.55 10 -2.88 -4.567725 10 -4.265957
3 16 -4.567725 10 -4.265957 -3.2474 10 -5.340121 -21.25 10 -1.5
2 24 -4.567725 10 -4.265957 -3.2474 10 -5.340121
3 16 1.69 10 33.98 10 10 30.125 0 10 33.75
2 24 0 10 33.75 1.69 10 33.98
4 16 0 10 33.75 10 10 30.125 -17 10 30.125 -1.68623 10 33.98177
2 24 -17 10 30.125 10 10 30.125
2 24 -1.68623 10 33.98177 0 10 33.75
3 16 -1.68623 10 33.98177 -17 10 30.125 -3.247 10 34.66
2 24 -3.247 10 34.66 -1.68623 10 33.98177
3 16 1.69 10 33.98 3.247 10 34.66 10 10 30.125
2 24 1.69 10 33.98 3.247 10 34.66
3 16 10 10 30.125 3.247 10 34.66 4.568 10 35.734
2 24 3.247 10 34.66 4.568 10 35.734
3 16 10 10 30.125 4.568 10 35.734 5.55 10 37.12
2 24 4.568 10 35.734 5.55 10 37.12
3 16 5.55 10 37.12 6.119276 10 38.7284 10 10 30.125
2 24 5.55 10 37.12 6.119276 10 38.7284
4 16 10 10 30.125 6.119276 10 38.7284 6.23543 10 40.42652 10 10 50
2 24 6.119276 10 38.7284 6.23543 10 40.42652
2 24 10 10 50 10 10 30.125
3 16 10 10 50 6.23543 10 40.42652 5.89 10 42.09
2 24 6.23543 10 40.42652 5.89 10 42.09
3 16 10 10 50 5.89 10 42.09 5.11 10 43.6
2 24 5.89 10 42.09 5.11 10 43.6
3 16 5.11 10 43.6 3.94 10 44.85 10 10 50
2 24 5.11 10 43.6 3.94 10 44.85
3 16 10 10 50 3.94 10 44.85 2.49 10 45.73
2 24 3.94 10 44.85 2.49 10 45.73
3 16 10 10 50 2.49 10 45.73 0.8510416 10 46.19179
2 24 2.49 10 45.73 0.8510416 10 46.19179
4 16 0.8510416 10 46.19179 -0.8510416 10 46.19179 -17 10 50 10 10 50
2 24 0.8510416 10 46.19179 -0.8510416 10 46.19179
2 24 10 10 50 -17 10 50
3 16 -0.8510416 10 46.19179 -2.49 10 45.73 -17 10 50
2 24 -0.8510416 10 46.19179 -2.49 10 45.73
3 16 -17 10 50 -2.49 10 45.73 -3.94 10 44.85
2 24 -2.49 10 45.73 -3.94 10 44.85
3 16 -17 10 50 -3.94 10 44.85 -5.106062 10 43.60425
2 24 -3.94 10 44.85 -5.106062 10 43.60425
3 16 -5.106062 10 43.60425 -5.889131 10 42.093 -17 10 50
2 24 -5.106062 10 43.60425 -5.889131 10 42.093
3 16 -17 10 50 -5.889131 10 42.093 -6.23543 10 40.42652
2 24 -5.889131 10 42.093 -6.23543 10 40.42652
4 16 -17 10 50 -6.23543 10 40.42652 -6.119276 10 38.7284 -17 10 30.125
2 24 -6.23543 10 40.42652 -6.119276 10 38.7284
3 16 -17 10 30.125 -6.119276 10 38.7284 -5.55 10 37.12
2 24 -6.119276 10 38.7284 -5.55 10 37.12
3 16 -5.55 10 37.12 -4.568 10 35.734 -17 10 30.125
2 24 -5.55 10 37.12 -4.568 10 35.734
3 16 -17 10 30.125 -4.568 10 35.734 -3.247 10 34.66
2 24 -4.568 10 35.734 -3.247 10 34.66

3 16 1.69 -10 6.02 10 -10 9.875 0 -10 6.25
2 24 0 -10 6.25 1.69 -10 6.02
4 16 0 -10 6.25 10 -10 9.875 -17 -10 9.875 -1.68623 -10 6.018233
2 24 -17 -10 9.875 10 -10 9.875
2 24 -1.68623 -10 6.018233 0 -10 6.25
3 16 -1.68623 -10 6.018233 -17 -10 9.875 -3.2474 -10 5.340121
2 24 -3.2474 -10 5.340121 -1.68623 -10 6.018233
3 16 1.69 -10 6.02 3.247 -10 5.34 10 -10 9.875
2 24 1.69 -10 6.02 3.247 -10 5.34
3 16 10 -10 9.875 3.247 -10 5.34 4.568 -10 4.266
2 24 3.247 -10 5.34 4.568 -10 4.266
3 16 10 -10 9.875 4.568 -10 4.266 5.55 -10 2.88
2 24 4.568 -10 4.266 5.55 -10 2.88
3 16 5.55 -10 2.88 6.119276 -10 1.2716 10 -10 9.875
2 24 5.55 -10 2.88 6.119276 -10 1.2716
4 16 10 -10 9.875 6.119276 -10 1.2716 6.23543 -10 -0.4265151 10 -10 -10
2 24 6.119276 -10 1.2716 6.23543 -10 -0.4265151
2 24 10 -10 -10 10 -10 9.875
3 16 10 -10 -10 6.23543 -10 -0.4265151 5.89 -10 -2.09
2 24 6.23543 -10 -0.4265151 5.89 -10 -2.09
3 16 10 -10 -10 5.89 -10 -2.09 5.11 -10 -3.6
2 24 5.89 -10 -2.09 5.11 -10 -3.6
3 16 5.11 -10 -3.6 3.94 -10 -4.85 10 -10 -10
2 24 5.11 -10 -3.6 3.94 -10 -4.85
3 16 10 -10 -10 3.94 -10 -4.85 2.49 -10 -5.73
2 24 3.94 -10 -4.85 2.49 -10 -5.73
3 16 10 -10 -10 2.49 -10 -5.73 0.8510416 -10 -6.191787
2 24 2.49 -10 -5.73 0.8510416 -10 -6.191787
4 16 0.8510416 -10 -6.191787 -0.8510416 -10 -6.191787 -17 -10 -10 10 -10 -10
2 24 0.8510416 -10 -6.191787 -0.8510416 -10 -6.191787
3 16 -0.8510416 -10 -6.191787 -2.49 -10 -5.73 -17 -10 -10
2 24 -0.8510416 -10 -6.191787 -2.49 -10 -5.73
3 16 -17 -10 -10 -2.49 -10 -5.73 -3.94 -10 -4.85
2 24 -2.49 -10 -5.73 -3.94 -10 -4.85
3 16 -17 -10 -10 -3.94 -10 -4.85 -5.106062 -10 -3.604252
2 24 -3.94 -10 -4.85 -5.106062 -10 -3.604252
3 16 -5.106062 -10 -3.604252 -5.889131 -10 -2.092998 -17 -10 -10
2 24 -5.106062 -10 -3.604252 -5.889131 -10 -2.092998
3 16 -17 -10 -10 -5.889131 -10 -2.092998 -6.23543 -10 -0.4265151
2 24 -5.889131 -10 -2.092998 -6.23543 -10 -0.4265151
4 16 -17 -10 -10 -6.23543 -10 -0.4265151 -6.119276 -10 1.2716 -17 -10 9.875
2 24 -6.23543 -10 -0.4265151 -6.119276 -10 1.2716
2 24 -17 -10 9.875 -17 -10 -10
3 16 -17 -10 9.875 -6.119276 -10 1.2716 -5.55 -10 2.88
2 24 -6.119276 -10 1.2716 -5.55 -10 2.88
3 16 -5.55 -10 2.88 -4.567725 -10 4.265957 -17 -10 9.875
2 24 -5.55 -10 2.88 -4.567725 -10 4.265957
3 16 -17 -10 9.875 -4.567725 -10 4.265957 -3.2474 -10 5.340121
2 24 -4.567725 -10 4.265957 -3.2474 -10 5.340121

3 16 5.11 3.6 9.88 5.89 2.09 9.88 10 10 9.875
2 24 5.11 3.6 9.88 5.89 2.09 9.88
3 16 10 10 9.875 5.89 2.09 9.88 6.23543 0.4265151 9.875
2 24 5.89 2.09 9.88 6.23543 0.4265151 9.875
4 16 10 10 9.875 6.23543 0.4265151 9.875 6.119276 -1.2716 9.875 10 -10 9.875
2 24 6.23543 0.4265151 9.875 6.119276 -1.2716 9.875
2 24 10 -10 9.875 10 10 9.875
3 16 10 -10 9.875 6.119276 -1.2716 9.875 5.55 -2.88 9.88
2 24 6.119276 -1.2716 9.875 5.55 -2.88 9.88
3 16 -3.94 4.85 9.88 -2.49 5.73 9.88 -17 10 9.875
2 24 -3.94 4.85 9.88 -2.49 5.73 9.88
3 16 -17 10 9.875 -2.49 5.73 9.88 -0.8510416 6.191787 9.875
2 24 -2.49 5.73 9.88 -0.8510416 6.191787 9.875
4 16 -17 10 9.875 -0.8510416 6.191787 9.875 0.8510416 6.191787 9.875 10 10 9.875
2 24 -0.8510416 6.191787 9.875 0.8510416 6.191787 9.875
3 16 10 10 9.875 0.8510416 6.191787 9.875 2.49 5.73 9.88
2 24 0.8510416 6.191787 9.875 2.49 5.73 9.88
3 16 -5.55 -2.88 9.88 -6.12 -1.27 9.88 -17 -6.5 9.875
2 24 -5.55 -2.88 9.88 -6.12 -1.27 9.88
3 16 -17 -6.5 9.875 -6.12 -1.27 9.88 -6.23543 0.4265151 9.875
2 24 -6.12 -1.27 9.88 -6.23543 0.4265151 9.875
4 16 -17 -6.5 9.875 -6.23543 0.4265151 9.875 -5.889131 2.092998 9.875 -17 10 9.875
2 24 -6.23543 0.4265151 9.875 -5.889131 2.092998 9.875
2 24 -17 -6.5 9.875 -17 10 9.875
3 16 -17 10 9.875 -5.889131 2.092998 9.875 -5.106062 3.604252 9.875
2 24 -5.889131 2.092998 9.875 -5.106062 3.604252 9.875
3 16 -5.55 -2.88 9.88 -17 -6.5 9.875 -4.567725 -4.265957 9.875
2 24 -4.567725 -4.265957 9.875 -5.55 -2.88 9.88
4 16 -4.567725 -4.265957 9.875 -17 -6.5 9.875 -17 -10 9.875 -3.2474 -5.340121 9.875
2 24 -17 -6.5 9.875 -17 -10 9.875
2 24 -3.2474 -5.340121 9.875 -4.567725 -4.265957 9.875
3 16 -3.2474 -5.340121 9.875 -17 -10 9.875 -1.68623 -6.018233 9.875
2 24 -1.68623 -6.018233 9.875 -3.2474 -5.340121 9.875
4 16 -1.68623 -6.018233 9.875 -17 -10 9.875 10 -10 9.875 0 -6.25 9.875
2 24 0 -6.25 9.875 -1.68623 -6.018233 9.875
3 16 0 -6.25 9.875 10 -10 9.875 1.69 -6.02 9.88
2 24 1.69 -6.02 9.88 0 -6.25 9.875
3 16 1.69 -6.02 9.88 10 -10 9.875 3.247 -5.34 9.875
2 24 3.247 -5.34 9.875 1.69 -6.02 9.88
3 16 -5.106062 3.604252 9.875 -3.94 4.85 9.88 -17 10 9.875
2 24 -5.106062 3.604252 9.875 -3.94 4.85 9.88
3 16 2.49 5.73 9.88 3.94 4.85 9.88 10 10 9.875
2 24 2.49 5.73 9.88 3.94 4.85 9.88
3 16 10 10 9.875 3.94 4.85 9.88 5.11 3.6 9.88
2 24 3.94 4.85 9.88 5.11 3.6 9.88
3 16 5.55 -2.88 9.88 4.568 -4.266 9.875 10 -10 9.875
2 24 5.55 -2.88 9.88 4.568 -4.266 9.875
3 16 10 -10 9.875 4.568 -4.266 9.875 3.247 -5.34 9.875
2 24 4.568 -4.266 9.875 3.247 -5.34 9.875

3 16 -17 -1.5 11.125 -17 -3.5 11.125 -17 -6.5 9.875
2 24 -17 -1.5 11.125 -17 -3.5 11.125
4 16 -17 -6.5 9.875 -17 -3.5 11.125 -17 -3.5 26.125 -17 -6.5 30.125
2 24 -17 -3.5 26.125 -17 -3.5 11.125
4 16 -17 -6.5 30.125 -17 -3.5 26.125 -17 -1.5 26.125 -17 10 30.125
2 24 -17 -1.5 26.125 -17 -3.5 26.125
2 24 -17 -6.5 30.125 -17 10 30.125
4 16 -17 10 30.125 -17 -1.5 26.125 -17 -1.5 11.125 -17 10 9.875
2 24 -17 -1.5 11.125 -17 -1.5 26.125
3 16 -17 10 9.875 -17 -1.5 11.125 -17 -6.5 9.875

3 16 -64.25 -3.5 11.125 -64.25 -6.5 -10 -64.25 -3.5 26.125
2 24 -64.25 -3.5 26.125 -64.25 -3.5 11.125
3 16 -64.25 -3.5 26.125 -64.25 -6.5 -10 -64.25 -6.5 90
3 16 -64.25 -3.5 26.125 -64.25 -6.5 90 -64.25 -3.5 63.5625
3 16 -64.25 -3.5 63.5625 -64.25 -6.5 90 -64.25 -3.5 78.5625
2 24 -64.25 -3.5 63.5625 -64.25 -3.5 78.5625
4 16 -64.25 -3.5 11.125 -64.25 -1.5 11.125 -64.25 10 -10 -64.25 -6.5 -10
2 24 -64.25 -3.5 11.125 -64.25 -1.5 11.125
3 16 -64.25 -1.5 11.125 -64.25 -1.5 26.125 -64.25 10 -10
2 24 -64.25 -1.5 11.125 -64.25 -1.5 26.125
4 16 -64.25 10 -10 -64.25 -1.5 26.125 -64.25 -1.5 63.5625 -64.25 10 90
4 16 -64.25 -3.5 26.125 -64.25 -3.5 63.5625 -64.25 -1.5 63.5625 -64.25 -1.5 26.125
2 24 -64.25 -1.5 63.5625 -64.25 -3.5 63.5625
2 24 -64.25 -3.5 26.125 -64.25 -1.5 26.125
3 16 -64.25 10 90 -64.25 -1.5 63.5625 -64.25 -1.5 78.5625
2 24 -64.25 -1.5 78.5625 -64.25 -1.5 63.5625
4 16 -64.25 10 90 -64.25 -1.5 78.5625 -64.25 -3.5 78.5625 -64.25 -6.5 90
2 24 -64.25 -1.5 78.5625 -64.25 -3.5 78.5625
2 24 -64.25 -6.5 90 -64.25 10 90

4 16 -1.68623 -6.018233 50 -17 -10 50 10 -10 50 0 -6.25 50
2 24 0 -6.25 50 -1.68623 -6.018233 50
3 16 0 -6.25 50 10 -10 50 1.69 -6.02 50
2 24 1.69 -6.02 50 0 -6.25 50
3 16 1.69 -6.02 50 10 -10 50 3.247 -5.34 50
2 24 3.247 -5.34 50 1.69 -6.02 50
3 16 -1.68623 -6.018233 50 -3.2474 -5.340121 50 -17 -10 50
2 24 -1.68623 -6.018233 50 -3.2474 -5.340121 50
3 16 -17 -10 50 -3.2474 -5.340121 50 -4.567725 -4.265957 50
2 24 -3.2474 -5.340121 50 -4.567725 -4.265957 50
4 16 -17 -10 50 -4.567725 -4.265957 50 -5.549283 -2.875406 50 -17 -6.5 50
2 24 -4.567725 -4.265957 50 -5.549283 -2.875406 50
2 24 -17 -6.5 50 -17 -10 50
3 16 -17 -6.5 50 -5.549283 -2.875406 50 -6.12 -1.27 50
2 24 -5.549283 -2.875406 50 -6.12 -1.27 50
3 16 -6.12 -1.27 50 -6.23543 0.4265151 50 -17 -6.5 50
2 24 -6.12 -1.27 50 -6.23543 0.4265151 50
4 16 -17 -6.5 50 -6.23543 0.4265151 50 -5.889131 2.092998 50 -17 10 50
2 24 -6.23543 0.4265151 50 -5.889131 2.092998 50
3 16 -17 10 50 -5.889131 2.092998 50 -5.106062 3.604252 50
2 24 -5.889131 2.092998 50 -5.106062 3.604252 50
3 16 -17 10 50 -5.106062 3.604252 50 -3.94 4.85 50
2 24 -5.106062 3.604252 50 -3.94 4.85 50
3 16 -3.94 4.85 50 -2.49 5.73 50 -17 10 50
2 24 -3.94 4.85 50 -2.49 5.73 50
3 16 -17 10 50 -2.49 5.73 50 -0.8510416 6.191787 50
2 24 -2.49 5.73 50 -0.8510416 6.191787 50
4 16 -17 10 50 -0.8510416 6.191787 50 0.8510416 6.191787 50 10 10 50
2 24 -0.8510416 6.191787 50 0.8510416 6.191787 50
3 16 10 10 50 0.8510416 6.191787 50 2.49 5.73 50
2 24 0.8510416 6.191787 50 2.49 5.73 50
3 16 2.49 5.73 50 3.94 4.85 50 10 10 50
2 24 2.49 5.73 50 3.94 4.85 50
3 16 10 10 50 3.94 4.85 50 5.11 3.6 50
2 24 3.94 4.85 50 5.11 3.6 50
3 16 10 10 50 5.11 3.6 50 5.89 2.09 50
2 24 5.11 3.6 50 5.89 2.09 50
3 16 5.89 2.09 50 6.23543 0.4265151 50 10 10 50
2 24 5.89 2.09 50 6.23543 0.4265151 50
4 16 10 10 50 6.23543 0.4265151 50 6.119276 -1.2716 50 10 -10 50
2 24 6.23543 0.4265151 50 6.119276 -1.2716 50
2 24 10 -10 50 10 10 50
3 16 10 -10 50 6.119276 -1.2716 50 5.55 -2.88 50
2 24 6.119276 -1.2716 50 5.55 -2.88 50
3 16 10 -10 50 5.55 -2.88 50 4.568 -4.266 50
2 24 5.55 -2.88 50 4.568 -4.266 50
3 16 4.568 -4.266 50 3.247 -5.34 50 10 -10 50
2 24 4.568 -4.266 50 3.247 -5.34 50

3 16 2.49 5.73 30.13 0.8510416 6.191787 30.125 10 10 30.125
2 24 2.49 5.73 30.13 0.8510416 6.191787 30.125
4 16 10 10 30.125 0.8510416 6.191787 30.125 -0.8510416 6.191787 30.125 -17 10 30.125
2 24 0.8510416 6.191787 30.125 -0.8510416 6.191787 30.125
3 16 -17 10 30.125 -0.8510416 6.191787 30.125 -2.49 5.73 30.13
2 24 -0.8510416 6.191787 30.125 -2.49 5.73 30.13
3 16 -17 10 30.125 -2.49 5.73 30.13 -3.94 4.85 30.13
2 24 -2.49 5.73 30.13 -3.94 4.85 30.13
3 16 5.549 -2.875 30.125 6.119276 -1.2716 30.125 10 -10 30.125
2 24 5.549 -2.875 30.125 6.119276 -1.2716 30.125
4 16 10 -10 30.125 6.119276 -1.2716 30.125 6.23543 0.4265151 30.125 10 10 30.125
2 24 6.119276 -1.2716 30.125 6.23543 0.4265151 30.125
2 24 10 10 30.125 10 -10 30.125
3 16 10 10 30.125 6.23543 0.4265151 30.125 5.89 2.09 30.13
2 24 6.23543 0.4265151 30.125 5.89 2.09 30.13
3 16 10 10 30.125 5.89 2.09 30.13 5.11 3.6 30.13
2 24 5.89 2.09 30.13 5.11 3.6 30.13
3 16 -3.2474 -5.340121 30.125 -1.68623 -6.018233 30.125 -17 -10 30.125
2 24 -3.2474 -5.340121 30.125 -1.68623 -6.018233 30.125
4 16 -17 -10 30.125 -1.68623 -6.018233 30.125 0 -6.25 30.125 10 -10 30.125
2 24 -1.68623 -6.018233 30.125 0 -6.25 30.125
3 16 10 -10 30.125 0 -6.25 30.125 1.69 -6.02 30.12
2 24 0 -6.25 30.125 1.69 -6.02 30.12
3 16 10 -10 30.125 1.69 -6.02 30.12 3.247 -5.34 30.125
2 24 1.69 -6.02 30.12 3.247 -5.34 30.125
3 16 -3.2474 -5.340121 30.125 -17 -10 30.125 -4.567725 -4.265957 30.125
2 24 -4.567725 -4.265957 30.125 -3.2474 -5.340121 30.125
4 16 -4.567725 -4.265957 30.125 -17 -10 30.125 -17 -6.5 30.125 -5.549283 -2.875406 30.125
2 24 -17 -10 30.125 -17 -6.5 30.125
2 24 -5.549283 -2.875406 30.125 -4.567725 -4.265957 30.125
3 16 -5.549283 -2.875406 30.125 -17 -6.5 30.125 -6.119 -1.272 30.125
2 24 -6.119 -1.272 30.125 -5.549283 -2.875406 30.125
3 16 -6.119 -1.272 30.125 -17 -6.5 30.125 -6.23543 0.4265151 30.125
2 24 -6.23543 0.4265151 30.125 -6.119 -1.272 30.125
4 16 -6.23543 0.4265151 30.125 -17 -6.5 30.125 -17 10 30.125 -5.889131 2.092998 30.125
2 24 -5.889131 2.092998 30.125 -6.23543 0.4265151 30.125
3 16 -5.889131 2.092998 30.125 -17 10 30.125 -5.106062 3.604252 30.125
2 24 -5.106062 3.604252 30.125 -5.889131 2.092998 30.125
3 16 3.247 -5.34 30.125 4.568 -4.266 30.125 10 -10 30.125
2 24 3.247 -5.34 30.125 4.568 -4.266 30.125
3 16 10 -10 30.125 4.568 -4.266 30.125 5.549 -2.875 30.125
2 24 4.568 -4.266 30.125 5.549 -2.875 30.125
3 16 5.11 3.6 30.13 3.94 4.85 30.13 10 10 30.125
2 24 5.11 3.6 30.13 3.94 4.85 30.13
3 16 10 10 30.125 3.94 4.85 30.13 2.49 5.73 30.13
2 24 3.94 4.85 30.13 2.49 5.73 30.13
3 16 -3.94 4.85 30.13 -5.106062 3.604252 30.125 -17 10 30.125
2 24 -3.94 4.85 30.13 -5.106062 3.604252 30.125

4 16 -53.75 3.75 82 -53.75 7 82 -53.75 7 87 -53.75 3.75 87
5 24 -53.75 3.75 82 -53.75 7 82 -53.75 7 87 -53.92037 3.75 80.7059
2 24 -53.75 3.75 87 -53.75 7 87
4 16 -53.75 3.75 82 -53.92037 3.75 80.7059 -53.92037 7 80.7059 -53.75 7 82
5 24 -53.92037 3.75 80.7059 -53.92037 7 80.7059 -53.75 7 82 -54.41987 3.75 79.5

3 16 -20 3.75 87 -20 -6.5 87 -27.5 3.75 87
2 24 -20 -6.5 87 -20 3.75 87
4 16 -27.5 3.75 87 -20 -6.5 87 -61.25 -6.5 87 -53.75 3.75 87
3 16 -53.75 3.75 87 -61.25 -6.5 87 -61.25 3.75 87
2 24 -61.25 3.75 87 -61.25 -6.5 87
4 16 -53.75 7 87 -27.5 7 87 -27.5 3.75 87 -53.75 3.75 87
2 24 -27.5 3.75 87 -27.5 7 87

4 16 -61.25 7 3 -61.25 7 77 -61.25 3.75 77 -61.25 3.75 3
2 24 -61.25 3.75 77 -61.25 7 77
2 24 -61.25 7 3 -61.25 3.75 3
4 16 -61.25 3.75 3 -61.25 3.75 77 -61.25 -6.5 87 -61.25 -6.5 -7
3 16 -61.25 3.75 77 -61.25 3.75 87 -61.25 -6.5 87
3 16 -61.25 -6.5 -7 -61.25 3.75 -7 -61.25 3.75 3
2 24 -61.25 3.75 -7 -61.25 -6.5 -7

4 16 -58.75 7 77 -58.75 3.75 77 -61.25 3.75 77 -61.25 7 77
5 24 -58.75 7 77 -58.75 3.75 77 -61.25 3.75 77 -57.4559 7 77.17037
4 16 -57.4559 3.75 77.17037 -58.75 3.75 77 -58.75 7 77 -57.4559 7 77.17037
5 24 -57.4559 3.75 77.17037 -57.4559 7 77.17037 -56.25 7 77.66987 -58.75 3.75 77

3 16 -20 3.75 -7 -20 -6.5 -7 -20 3.75 3
2 24 -20 -6.5 -7 -20 3.75 -7
4 16 -20 3.75 3 -20 -6.5 -7 -20 -6.5 87 -20 3.75 77
3 16 -20 3.75 77 -20 -6.5 87 -20 3.75 87
4 16 -20 7 77 -20 7 3 -20 3.75 3 -20 3.75 77
2 24 -20 3.75 3 -20 7 3
2 24 -20 7 77 -20 3.75 77

4 16 -22.5 3.75 77 -22.5 7 77 -20 7 77 -20 3.75 77
5 24 -22.5 3.75 77 -22.5 7 77 -20 7 77 -23.7941 3.75 77.17037
4 16 -22.5 3.75 77 -23.7941 3.75 77.17037 -23.7941 7 77.17037 -22.5 7 77
5 24 -23.7941 3.75 77.17037 -23.7941 7 77.17037 -22.5 7 77 -25 3.75 77.66987

4 16 -27.5 7 82 -27.5 3.75 82 -27.5 3.75 87 -27.5 7 87
5 24 -27.5 7 82 -27.5 3.75 82 -27.5 3.75 87 -27.32963 7 80.7059
4 16 -27.32963 3.75 80.7059 -27.5 3.75 82 -27.5 7 82 -27.32963 7 80.7059
5 24 -27.32963 3.75 80.7059 -27.32963 7 80.7059 -26.83013 7 79.5 -27.5 3.75 82

4 16 -60 3.75 -1.5 -55.03348 3.75 -1.5 -55.03348 7 -1.5 -60 10 -1.5
2 24 -55.03348 3.75 -1.5 -55.03348 7 -1.5
2 24 -60 3.75 -1.5 -60 10 -1.5
3 16 -60 10 -1.5 -55.03348 7 -1.5 -41.25 7 -1.5
4 16 -60 10 -1.5 -41.25 7 -1.5 -26.21652 7 -1.5 -21.25 10 -1.5
4 16 -21.25 10 -1.5 -26.21652 7 -1.5 -26.21652 3.75 -1.5 -21.25 3.75 -1.5
2 24 -26.21652 3.75 -1.5 -26.21652 7 -1.5
2 24 -21.25 10 -1.5 -21.25 3.75 -1.5

4 16 -60 3.75 3 -60 3.75 -1.5 -60 10 -1.5 -60 7 3
2 24 -60 3.75 3 -60 7 3
4 16 -60 7 3 -60 10 -1.5 -60 10 68.5 -60 7 68.5

3 16 -26.25 7 -7 -55 7 -7 -26.25 3.75 -7
2 24 -26.25 7 -7 -26.25 3.75 -7
4 16 -26.25 3.75 -7 -55 7 -7 -55 3.75 -7 -25 -1.5 -7
2 24 -55 3.75 -7 -55 7 -7
4 16 -25 -1.5 -7 -55 3.75 -7 -61.25 3.75 -7 -56.25 -1.5 -7
2 24 -56.25 -1.5 -7 -25 -1.5 -7
4 16 -56.25 -1.5 -7 -61.25 3.75 -7 -61.25 -6.5 -7 -56.25 -6.5 -7
2 24 -56.25 -6.5 -7 -56.25 -1.5 -7
3 16 -25 -6.5 -7 -20 -6.5 -7 -25 -1.5 -7
2 24 -25 -1.5 -7 -25 -6.5 -7
4 16 -25 -1.5 -7 -20 -6.5 -7 -20 3.75 -7 -26.25 3.75 -7

4 16 -21.25 3.75 3 -21.25 7 3 -21.25 10 -1.5 -21.25 3.75 -1.5
2 24 -21.25 7 3 -21.25 3.75 3
4 16 -21.25 7 68.5 -21.25 10 68.5 -21.25 10 -1.5 -21.25 7 3

4 16 -26.25 7 -2 -26.25 3.75 -2 -26.24627 3.75 -1.832891 -26.24627 7 -1.832891
5 24 -26.25 7 -2 -26.25 3.75 -2 -26.24627 3.75 -1.832891 -26.25 7 -7
5 24 -26.24627 3.75 -1.832891 -26.24627 7 -1.832891 -26.25 7 -2 -26.23511 3.75 -1.666114
4 16 -26.24627 7 -1.832891 -26.24627 3.75 -1.832891 -26.23511 3.75 -1.666114 -26.23511 7 -1.666114
5 24 -26.23511 3.75 -1.666114 -26.23511 7 -1.666114 -26.24627 7 -1.832891 -26.21652 3.75 -1.5
4 16 -26.23511 7 -1.666114 -26.23511 3.75 -1.666114 -26.21652 3.75 -1.5 -26.21652 7 -1.5
4 16 -21.25 7 3 -21.25 3.75 3 -20 3.75 3 -20 7 3
4 16 -26.25 3.75 -2 -26.25 7 -2 -26.25 7 -7 -26.25 3.75 -7
4 16 -55 7 -2 -55 3.75 -2 -55 3.75 -7 -55 7 -7
5 24 -55 7 -2 -55 3.75 -2 -55 3.75 -7 -55.00373 7 -1.832891
4 16 -60 3.75 3 -60 7 3 -61.25 7 3 -61.25 3.75 3
4 16 -55.03348 3.75 -1.5 -55.01489 3.75 -1.666114 -55.01489 7 -1.666114 -55.03348 7 -1.5
5 24 -55.01489 3.75 -1.666114 -55.01489 7 -1.666114 -55.03348 7 -1.5 -55.00373 3.75 -1.832891
4 16 -55.01489 3.75 -1.666114 -55.00373 3.75 -1.832891 -55.00373 7 -1.832891 -55.01489 7 -1.666114
5 24 -55.00373 3.75 -1.832891 -55.00373 7 -1.832891 -55.01489 7 -1.666114 -55 3.75 -2
4 16 -55.00373 3.75 -1.832891 -55 3.75 -2 -55 7 -2 -55.00373 7 -1.832891
4 16 -23.7941 3.75 77.17037 -25 3.75 77.66987 -25 7 77.66987 -23.7941 7 77.17037
5 24 -25 3.75 77.66987 -25 7 77.66987 -23.7941 7 77.17037 -26.03553 3.75 78.46447
4 16 -25 3.75 77.66987 -26.03553 3.75 78.46447 -26.03553 7 78.46447 -25 7 77.66987
5 24 -26.03553 3.75 78.46447 -26.03553 7 78.46447 -25 7 77.66987 -26.83013 3.75 79.5
4 16 -26.03553 3.75 78.46447 -26.83013 3.75 79.5 -26.83013 7 79.5 -26.03553 7 78.46447
5 24 -26.83013 3.75 79.5 -26.83013 7 79.5 -26.03553 7 78.46447 -27.32963 3.75 80.7059
4 16 -26.83013 3.75 79.5 -27.32963 3.75 80.7059 -27.32963 7 80.7059 -26.83013 7 79.5
4 16 -17 -1.5 78.5625 -17.75 -2.25 78.5625 -17.75 -2.25 63.5625 -17 -1.5 63.5625
2 24 -17 -1.5 78.5625 -17.75 -2.25 78.5625
2 24 -17.75 -2.25 78.5625 -17.75 -2.25 63.5625
2 24 -17.75 -2.25 63.5625 -17 -1.5 63.5625
4 16 -17.75 -2.25 78.5625 -17.75 -2.75 78.5625 -17.75 -2.75 63.5625 -17.75 -2.25 63.5625
2 24 -17.75 -2.25 78.5625 -17.75 -2.75 78.5625
2 24 -17.75 -2.75 78.5625 -17.75 -2.75 63.5625
2 24 -17.75 -2.75 63.5625 -17.75 -2.25 63.5625
4 16 -17.75 -2.75 78.5625 -17 -3.5 78.5625 -17 -3.5 63.5625 -17.75 -2.75 63.5625
2 24 -17.75 -2.75 78.5625 -17 -3.5 78.5625
2 24 -17 -3.5 63.5625 -17.75 -2.75 63.5625
4 16 -17 -1.5 78.5625 -17 -3.5 78.5625 -17.75 -2.75 78.5625 -17.75 -2.25 78.5625
4 16 -64.25 -3.5 78.5625 -63.5 -2.75 78.5625 -63.5 -2.75 63.5625 -64.25 -3.5 63.5625
2 24 -64.25 -3.5 78.5625 -63.5 -2.75 78.5625
2 24 -63.5 -2.75 78.5625 -63.5 -2.75 63.5625
2 24 -63.5 -2.75 63.5625 -64.25 -3.5 63.5625
4 16 -63.5 -2.75 78.5625 -63.5 -2.25 78.5625 -63.5 -2.25 63.5625 -63.5 -2.75 63.5625
2 24 -63.5 -2.75 78.5625 -63.5 -2.25 78.5625
2 24 -63.5 -2.25 78.5625 -63.5 -2.25 63.5625
2 24 -63.5 -2.25 63.5625 -63.5 -2.75 63.5625
4 16 -63.5 -2.25 78.5625 -64.25 -1.5 78.5625 -64.25 -1.5 63.5625 -63.5 -2.25 63.5625
2 24 -63.5 -2.25 78.5625 -64.25 -1.5 78.5625
2 24 -64.25 -1.5 63.5625 -63.5 -2.25 63.5625
4 16 -64.25 -1.5 63.5625 -64.25 -3.5 63.5625 -63.5 -2.75 63.5625 -63.5 -2.25 63.5625
4 16 -64.25 -1.5 26.125 -63.5 -2.25 26.125 -63.5 -2.75 26.125 -64.25 -3.5 26.125
2 24 -64.25 -1.5 26.125 -63.5 -2.25 26.125
2 24 -63.5 -2.25 26.125 -63.5 -2.75 26.125
2 24 -63.5 -2.75 26.125 -64.25 -3.5 26.125
4 16 -64.25 -1.5 11.125 -64.25 -3.5 11.125 -63.5 -2.75 11.125 -63.5 -2.25 11.125
2 24 -64.25 -3.5 11.125 -63.5 -2.75 11.125
2 24 -63.5 -2.75 11.125 -63.5 -2.25 11.125
2 24 -63.5 -2.25 11.125 -64.25 -1.5 11.125
4 16 -56.25 -6.5 -7 -56.25 -6.5 -10 -56.25 -1.5 -10 -56.25 -1.5 -7
2 24 -56.25 -1.5 -10 -56.25 -1.5 -7
4 16 -64.25 -1.5 11.125 -63.5 -2.25 11.125 -63.5 -2.25 26.125 -64.25 -1.5 26.125
2 24 -63.5 -2.25 11.125 -63.5 -2.25 26.125
4 16 -63.5 -2.25 11.125 -63.5 -2.75 11.125 -63.5 -2.75 26.125 -63.5 -2.25 26.125
2 24 -63.5 -2.75 11.125 -63.5 -2.75 26.125
4 16 -63.5 -2.75 11.125 -64.25 -3.5 11.125 -64.25 -3.5 26.125 -63.5 -2.75 26.125
4 16 -17.75 -2.25 11.125 -17 -1.5 11.125 -17 -1.5 26.125 -17.75 -2.25 26.125
2 24 -17.75 -2.25 11.125 -17 -1.5 11.125
2 24 -17 -1.5 26.125 -17.75 -2.25 26.125
2 24 -17.75 -2.25 26.125 -17.75 -2.25 11.125
4 16 -17.75 -2.75 11.125 -17.75 -2.25 11.125 -17.75 -2.25 26.125 -17.75 -2.75 26.125
2 24 -17.75 -2.75 11.125 -17.75 -2.25 11.125
2 24 -17.75 -2.25 26.125 -17.75 -2.75 26.125
2 24 -17.75 -2.75 26.125 -17.75 -2.75 11.125
4 16 -17 -3.5 11.125 -17.75 -2.75 11.125 -17.75 -2.75 26.125 -17 -3.5 26.125
2 24 -17 -3.5 11.125 -17.75 -2.75 11.125
2 24 -17.75 -2.75 26.125 -17 -3.5 26.125
4 16 -17 -1.5 26.125 -17 -3.5 26.125 -17.75 -2.75 26.125 -17.75 -2.25 26.125
4 16 10 10 -10 10 10 9.875 10 -10 9.875 10 -10 -10
3 16 -5.774247 -2.391771 -2.391771 -5.889131 -2.092998 -10 -6.13 -1.22 -1.22
5 24 -5.774247 -2.391771 -2.391771 -5.889131 -2.092998 -10 -6.13 -1.22 -1.22 -5.196685 -3.472314 -3.472314
5 24 -5.889131 -2.092998 -10 -6.13 -1.22 -1.22 -5.774247 -2.391771 -2.391771 -6.23543 -0.4265151 -10
2 24 -6.13 -1.22 -1.22 -5.774247 -2.391771 -2.391771
3 16 -6.13 -1.22 -1.22 -5.889131 -2.092998 -10 -6.23543 -0.4265151 -10
5 24 -6.23543 -0.4265151 -10 -6.13 -1.22 -1.22 -5.889131 -2.092998 -10 -6.25 0 0
3 16 -6.13 -1.22 -1.22 -6.23543 -0.4265151 -10 -6.25 0 0
5 24 -6.23543 -0.4265151 -10 -6.25 0 0 -6.13 -1.22 -1.22 -6.119276 1.2716 -10
5 24 -6.25 0 0 -6.13 -1.22 -1.22 -6.23543 -0.4265151 -10 -6.23543 -10 -0.4265151
3 16 -6.25 0 0 -6.23543 -0.4265151 -10 -6.119276 1.2716 -10
5 24 -6.119276 1.2716 -10 -6.25 0 0 -6.23543 -0.4265151 -10 -6.13 1.22 -1.22
3 16 -6.25 0 0 -6.119276 1.2716 -10 -6.13 1.22 -1.22
5 24 -6.119276 1.2716 -10 -6.13 1.22 -1.22 -6.25 0 0 -5.77 2.39 -2.39
5 24 -6.13 1.22 -1.22 -6.25 0 0 -6.119276 1.2716 -10 -6.23543 10 0.4265151
3 16 -6.13 1.22 -1.22 -6.119276 1.2716 -10 -5.77 2.39 -2.39
5 24 -6.119276 1.2716 -10 -5.77 2.39 -2.39 -6.13 1.22 -1.22 -5.55 2.88 -10
2 24 -5.77 2.39 -2.39 -6.13 1.22 -1.22
4 16 -5.774247 -2.391771 -2.391771 -5.196685 -3.472314 -3.472314 -5.106062 -3.604252 -10 -5.889131 -2.092998 -10
2 24 -5.774247 -2.391771 -2.391771 -5.196685 -3.472314 -3.472314
5 24 -5.196685 -3.472314 -3.472314 -5.106062 -3.604252 -10 -5.889131 -2.092998 -10 -4.42 -4.42 -4.42
3 16 -5.196685 -3.472314 -3.472314 -4.42 -4.42 -4.42 -5.106062 -3.604252 -10
2 24 -5.196685 -3.472314 -3.472314 -4.42 -4.42 -4.42
5 24 -4.42 -4.42 -4.42 -5.106062 -3.604252 -10 -5.196685 -3.472314 -3.472314 -3.9443 -4.848196 -10
3 16 -5.106062 -3.604252 -10 -4.42 -4.42 -4.42 -3.9443 -4.848196 -10
5 24 -4.42 -4.42 -4.42 -3.9443 -4.848196 -10 -5.106062 -3.604252 -10 -3.47 -5.2 -5.2
3 16 -4.42 -4.42 -4.42 -3.47 -5.2 -5.2 -3.9443 -4.848196 -10
2 24 -4.42 -4.42 -4.42 -3.47 -5.2 -5.2
5 24 -3.47 -5.2 -5.2 -3.9443 -4.848196 -10 -4.42 -4.42 -4.42 -2.49 -5.73 -10
3 16 -3.9443 -4.848196 -10 -3.47 -5.2 -5.2 -2.49 -5.73 -10
5 24 -3.47 -5.2 -5.2 -2.49 -5.73 -10 -3.9443 -4.848196 -10 -2.39 -5.77 -5.77
3 16 -3.47 -5.2 -5.2 -2.39 -5.77 -5.77 -2.49 -5.73 -10
2 24 -3.47 -5.2 -5.2 -2.39 -5.77 -5.77
5 24 -2.39 -5.77 -5.77 -2.49 -5.73 -10 -3.47 -5.2 -5.2 -1.22 -6.13 -6.13
3 16 -2.49 -5.73 -10 -2.39 -5.77 -5.77 -1.22 -6.13 -6.13
2 24 -2.39 -5.77 -5.77 -1.22 -6.13 -6.13
5 24 -1.22 -6.13 -6.13 -2.49 -5.73 -10 -2.39 -5.77 -5.77 -0.8510416 -6.191787 -10
3 16 -2.49 -5.73 -10 -1.22 -6.13 -6.13 -0.8510416 -6.191787 -10
5 24 -1.22 -6.13 -6.13 -0.8510416 -6.191787 -10 -2.49 -5.73 -10 0 -6.25 -6.25
3 16 -0.8510416 -6.191787 -10 -1.22 -6.13 -6.13 0 -6.25 -6.25
2 24 -1.22 -6.13 -6.13 0 -6.25 -6.25
5 24 0 -6.25 -6.25 -0.8510416 -6.191787 -10 -1.22 -6.13 -6.13 0.8510416 -6.191787 -10
3 16 -0.8510416 -6.191787 -10 0 -6.25 -6.25 0.8510416 -6.191787 -10
5 24 0 -6.25 -6.25 0.8510416 -6.191787 -10 -0.8510416 -6.191787 -10 1.22 -6.13 -6.13
3 16 0.8510416 -6.191787 -10 0 -6.25 -6.25 1.22 -6.13 -6.13
2 24 0 -6.25 -6.25 1.22 -6.13 -6.13
5 24 1.22 -6.13 -6.13 0.8510416 -6.191787 -10 0 -6.25 -6.25 2.49 -5.73 -10
3 16 0.8510416 -6.191787 -10 1.22 -6.13 -6.13 2.49 -5.73 -10
5 24 1.22 -6.13 -6.13 2.49 -5.73 -10 0.8510416 -6.191787 -10 2.39 -5.77 -5.77
3 16 2.49 -5.73 -10 1.22 -6.13 -6.13 2.39 -5.77 -5.77
2 24 1.22 -6.13 -6.13 2.39 -5.77 -5.77
5 24 2.39 -5.77 -5.77 2.49 -5.73 -10 1.22 -6.13 -6.13 3.47 -5.2 -5.2
3 16 2.49 -5.73 -10 2.39 -5.77 -5.77 3.47 -5.2 -5.2
2 24 2.39 -5.77 -5.77 3.47 -5.2 -5.2
5 24 3.47 -5.2 -5.2 2.49 -5.73 -10 2.39 -5.77 -5.77 3.94 -4.85 -10
3 16 2.49 -5.73 -10 3.47 -5.2 -5.2 3.94 -4.85 -10
5 24 3.47 -5.2 -5.2 3.94 -4.85 -10 2.49 -5.73 -10 4.42 -4.42 -4.42
3 16 3.94 -4.85 -10 3.47 -5.2 -5.2 4.42 -4.42 -4.42
2 24 3.47 -5.2 -5.2 4.42 -4.42 -4.42
5 24 4.42 -4.42 -4.42 3.94 -4.85 -10 3.47 -5.2 -5.2 5.11 -3.6 -10
3 16 3.94 -4.85 -10 4.42 -4.42 -4.42 5.11 -3.6 -10
5 24 4.42 -4.42 -4.42 5.11 -3.6 -10 3.94 -4.85 -10 5.2 -3.47 -3.47
3 16 5.11 -3.6 -10 4.42 -4.42 -4.42 5.2 -3.47 -3.47
2 24 4.42 -4.42 -4.42 5.2 -3.47 -3.47
5 24 5.2 -3.47 -3.47 5.11 -3.6 -10 4.42 -4.42 -4.42 5.77 -2.39 -2.39
4 16 5.11 -3.6 -10 5.2 -3.47 -3.47 5.77 -2.39 -2.39 5.89 -2.09 -10
2 24 5.2 -3.47 -3.47 5.77 -2.39 -2.39
5 24 5.77 -2.39 -2.39 5.89 -2.09 -10 5.11 -3.6 -10 6.13 -1.22 -1.22
3 16 5.89 -2.09 -10 5.77 -2.39 -2.39 6.13 -1.22 -1.22
2 24 5.77 -2.39 -2.39 6.13 -1.22 -1.22
5 24 6.13 -1.22 -1.22 5.89 -2.09 -10 5.77 -2.39 -2.39 6.23543 -0.4265151 -10
3 16 5.89 -2.09 -10 6.13 -1.22 -1.22 6.23543 -0.4265151 -10
5 24 6.13 -1.22 -1.22 6.23543 -0.4265151 -10 5.89 -2.09 -10 6.25 0 0
3 16 6.23543 -0.4265151 -10 6.13 -1.22 -1.22 6.25 0 0
5 24 6.13 -1.22 -1.22 6.25 0 0 6.23543 -0.4265151 -10 6.23543 -10 -0.4265151
5 24 6.25 0 0 6.23543 -0.4265151 -10 6.13 -1.22 -1.22 6.13 1.22 -1.22
3 16 6.23543 -0.4265151 -10 6.25 0 0 6.13 1.22 -1.22
5 24 6.25 0 0 6.13 1.22 -1.22 6.23543 -0.4265151 -10 6.119276 10 -1.2716
5 24 6.13 1.22 -1.22 6.23543 -0.4265151 -10 6.25 0 0 6.119276 1.2716 -10
3 16 6.23543 -0.4265151 -10 6.13 1.22 -1.22 6.119276 1.2716 -10
5 24 6.13 1.22 -1.22 6.119276 1.2716 -10 6.23543 -0.4265151 -10 5.77 2.39 -2.39
3 16 6.119276 1.2716 -10 6.13 1.22 -1.22 5.77 2.39 -2.39
2 24 6.13 1.22 -1.22 5.77 2.39 -2.39
5 24 5.77 2.39 -2.39 6.119276 1.2716 -10 6.13 1.22 -1.22 5.55 2.88 -10
3 16 6.119276 1.2716 -10 5.77 2.39 -2.39 5.55 2.88 -10
5 24 5.77 2.39 -2.39 5.55 2.88 -10 6.119276 1.2716 -10 5.2 3.47 -3.47
3 16 5.55 2.88 -10 5.77 2.39 -2.39 5.2 3.47 -3.47
2 24 5.77 2.39 -2.39 5.2 3.47 -3.47
5 24 5.2 3.47 -3.47 5.55 2.88 -10 5.77 2.39 -2.39 4.568 4.266 -10
3 16 5.55 2.88 -10 5.2 3.47 -3.47 4.568 4.266 -10
5 24 5.2 3.47 -3.47 4.568 4.266 -10 5.55 2.88 -10 4.419 4.419 -4.419
3 16 4.568 4.266 -10 5.2 3.47 -3.47 4.419 4.419 -4.419
2 24 5.2 3.47 -3.47 4.419 4.419 -4.419
5 24 4.419 4.419 -4.419 4.568 4.266 -10 5.2 3.47 -3.47 3.472 5.197 -5.197
4 16 4.568 4.266 -10 4.419 4.419 -4.419 3.472 5.197 -5.197 3.247 5.34 -10
2 24 4.419 4.419 -4.419 3.472 5.197 -5.197
5 24 3.472 5.197 -5.197 3.247 5.34 -10 4.568 4.266 -10 2.39 5.77 -5.77
3 16 3.247 5.34 -10 3.472 5.197 -5.197 2.39 5.77 -5.77
2 24 3.472 5.197 -5.197 2.39 5.77 -5.77
5 24 2.39 5.77 -5.77 3.247 5.34 -10 3.472 5.197 -5.197 1.69 6.02 -10
3 16 3.247 5.34 -10 2.39 5.77 -5.77 1.69 6.02 -10
5 24 2.39 5.77 -5.77 1.69 6.02 -10 3.247 5.34 -10 1.22 6.13 -6.13
3 16 1.69 6.02 -10 2.39 5.77 -5.77 1.22 6.13 -6.13
2 24 2.39 5.77 -5.77 1.22 6.13 -6.13
5 24 1.22 6.13 -6.13 1.69 6.02 -10 2.39 5.77 -5.77 0 6.25 -10
3 16 1.69 6.02 -10 1.22 6.13 -6.13 0 6.25 -10
5 24 1.22 6.13 -6.13 0 6.25 -10 1.69 6.02 -10 0 6.25 -6.25
3 16 0 6.25 -10 1.22 6.13 -6.13 0 6.25 -6.25
2 24 1.22 6.13 -6.13 0 6.25 -6.25
5 24 0 6.25 -6.25 0 6.25 -10 1.22 6.13 -6.13 -1.22 6.13 -6.13
3 16 0 6.25 -10 0 6.25 -6.25 -1.22 6.13 -6.13
2 24 0 6.25 -6.25 -1.22 6.13 -6.13
5 24 -1.22 6.13 -6.13 0 6.25 -10 0 6.25 -6.25 -1.68623 6.018233 -10
3 16 0 6.25 -10 -1.22 6.13 -6.13 -1.68623 6.018233 -10
5 24 -1.22 6.13 -6.13 -1.68623 6.018233 -10 0 6.25 -10 -2.39 5.77 -5.77
3 16 -1.68623 6.018233 -10 -1.22 6.13 -6.13 -2.39 5.77 -5.77
2 24 -1.22 6.13 -6.13 -2.39 5.77 -5.77
5 24 -2.39 5.77 -5.77 -1.68623 6.018233 -10 -1.22 6.13 -6.13 -3.2474 5.340121 -10
3 16 -1.68623 6.018233 -10 -2.39 5.77 -5.77 -3.2474 5.340121 -10
5 24 -2.39 5.77 -5.77 -3.2474 5.340121 -10 -1.68623 6.018233 -10 -3.472314 5.196685 -5.196685
3 16 -3.2474 5.340121 -10 -2.39 5.77 -5.77 -3.472314 5.196685 -5.196685
2 24 -2.39 5.77 -5.77 -3.472314 5.196685 -5.196685
5 24 -3.472314 5.196685 -5.196685 -3.2474 5.340121 -10 -2.39 5.77 -5.77 -4.419417 4.419417 -4.419417
4 16 -3.2474 5.340121 -10 -3.472314 5.196685 -5.196685 -4.419417 4.419417 -4.419417 -4.567725 4.265957 -10
2 24 -3.472314 5.196685 -5.196685 -4.419417 4.419417 -4.419417
5 24 -4.419417 4.419417 -4.419417 -4.567725 4.265957 -10 -3.2474 5.340121 -10 -5.2 3.47 -3.47
3 16 -4.567725 4.265957 -10 -4.419417 4.419417 -4.419417 -5.2 3.47 -3.47
2 24 -4.419417 4.419417 -4.419417 -5.2 3.47 -3.47
5 24 -5.2 3.47 -3.47 -4.567725 4.265957 -10 -4.419417 4.419417 -4.419417 -5.55 2.88 -10
3 16 -4.567725 4.265957 -10 -5.2 3.47 -3.47 -5.55 2.88 -10
5 24 -5.2 3.47 -3.47 -5.55 2.88 -10 -4.567725 4.265957 -10 -5.77 2.39 -2.39
3 16 -5.55 2.88 -10 -5.2 3.47 -3.47 -5.77 2.39 -2.39
2 24 -5.2 3.47 -3.47 -5.77 2.39 -2.39
5 24 -5.77 2.39 -2.39 -5.55 2.88 -10 -5.2 3.47 -3.47 -6.119276 1.2716 -10
3 16 -5.55 2.88 -10 -5.77 2.39 -2.39 -6.119276 1.2716 -10
3 16 -5.774247 2.391771 2.391771 -5.889131 2.092998 9.875 -6.13 1.22 1.22
5 24 -5.774247 2.391771 2.391771 -5.889131 2.092998 9.875 -6.13 1.22 1.22 -5.196685 3.472314 3.472314
5 24 -5.889131 2.092998 9.875 -6.13 1.22 1.22 -5.774247 2.391771 2.391771 -6.23543 0.4265151 9.875
2 24 -6.13 1.22 1.22 -5.774247 2.391771 2.391771
3 16 -6.13 1.22 1.22 -5.889131 2.092998 9.875 -6.23543 0.4265151 9.875
5 24 -6.23543 0.4265151 9.875 -6.13 1.22 1.22 -5.889131 2.092998 9.875 -6.25 0 0
3 16 -6.13 1.22 1.22 -6.23543 0.4265151 9.875 -6.25 0 0
5 24 -6.23543 0.4265151 9.875 -6.25 0 0 -6.13 1.22 1.22 -6.12 -1.27 9.88
5 24 -6.25 0 0 -6.13 1.22 1.22 -6.23543 0.4265151 9.875 -6.23543 10 0.4265151
3 16 -6.25 0 0 -6.23543 0.4265151 9.875 -6.12 -1.27 9.88
5 24 -6.12 -1.27 9.88 -6.25 0 0 -6.23543 0.4265151 9.875 -6.13 -1.22 1.22
3 16 -6.25 0 0 -6.12 -1.27 9.88 -6.13 -1.22 1.22
5 24 -6.12 -1.27 9.88 -6.13 -1.22 1.22 -6.25 0 0 -5.77 -2.39 2.39
5 24 -6.13 -1.22 1.22 -6.25 0 0 -6.12 -1.27 9.88 -6.23543 -10 -0.4265151
3 16 -6.13 -1.22 1.22 -6.12 -1.27 9.88 -5.77 -2.39 2.39
5 24 -6.12 -1.27 9.88 -5.77 -2.39 2.39 -6.13 -1.22 1.22 -5.55 -2.88 9.88
2 24 -5.77 -2.39 2.39 -6.13 -1.22 1.22
4 16 -5.774247 2.391771 2.391771 -5.196685 3.472314 3.472314 -5.106062 3.604252 9.875 -5.889131 2.092998 9.875
2 24 -5.774247 2.391771 2.391771 -5.196685 3.472314 3.472314
5 24 -5.196685 3.472314 3.472314 -5.106062 3.604252 9.875 -5.889131 2.092998 9.875 -4.42 4.42 4.42
3 16 -5.196685 3.472314 3.472314 -4.42 4.42 4.42 -5.106062 3.604252 9.875
2 24 -5.196685 3.472314 3.472314 -4.42 4.42 4.42
5 24 -4.42 4.42 4.42 -5.106062 3.604252 9.875 -5.196685 3.472314 3.472314 -3.94 4.85 9.88
3 16 -5.106062 3.604252 9.875 -4.42 4.42 4.42 -3.94 4.85 9.88
5 24 -4.42 4.42 4.42 -3.94 4.85 9.88 -5.106062 3.604252 9.875 -3.47 5.2 5.2
3 16 -4.42 4.42 4.42 -3.47 5.2 5.2 -3.94 4.85 9.88
2 24 -4.42 4.42 4.42 -3.47 5.2 5.2
5 24 -3.47 5.2 5.2 -3.94 4.85 9.88 -4.42 4.42 4.42 -2.49 5.73 9.88
3 16 -3.94 4.85 9.88 -3.47 5.2 5.2 -2.49 5.73 9.88
5 24 -3.47 5.2 5.2 -2.49 5.73 9.88 -3.94 4.85 9.88 -2.39 5.77 5.77
3 16 -3.47 5.2 5.2 -2.39 5.77 5.77 -2.49 5.73 9.88
2 24 -3.47 5.2 5.2 -2.39 5.77 5.77
5 24 -2.39 5.77 5.77 -2.49 5.73 9.88 -3.47 5.2 5.2 -1.22 6.13 6.13
3 16 -2.49 5.73 9.88 -2.39 5.77 5.77 -1.22 6.13 6.13
2 24 -2.39 5.77 5.77 -1.22 6.13 6.13
5 24 -1.22 6.13 6.13 -2.49 5.73 9.88 -2.39 5.77 5.77 -0.8510416 6.191787 9.875
3 16 -2.49 5.73 9.88 -1.22 6.13 6.13 -0.8510416 6.191787 9.875
5 24 -1.22 6.13 6.13 -0.8510416 6.191787 9.875 -2.49 5.73 9.88 0 6.25 6.25
3 16 -0.8510416 6.191787 9.875 -1.22 6.13 6.13 0 6.25 6.25
2 24 -1.22 6.13 6.13 0 6.25 6.25
5 24 0 6.25 6.25 -0.8510416 6.191787 9.875 -1.22 6.13 6.13 0.8510416 6.191787 9.875
3 16 -0.8510416 6.191787 9.875 0 6.25 6.25 0.8510416 6.191787 9.875
5 24 0 6.25 6.25 0.8510416 6.191787 9.875 -0.8510416 6.191787 9.875 1.22 6.13 6.13
3 16 0.8510416 6.191787 9.875 0 6.25 6.25 1.22 6.13 6.13
2 24 0 6.25 6.25 1.22 6.13 6.13
5 24 1.22 6.13 6.13 0.8510416 6.191787 9.875 0 6.25 6.25 2.49 5.73 9.88
3 16 0.8510416 6.191787 9.875 1.22 6.13 6.13 2.49 5.73 9.88
5 24 1.22 6.13 6.13 2.49 5.73 9.88 0.8510416 6.191787 9.875 2.39 5.77 5.77
3 16 2.49 5.73 9.88 1.22 6.13 6.13 2.39 5.77 5.77
2 24 1.22 6.13 6.13 2.39 5.77 5.77
5 24 2.39 5.77 5.77 2.49 5.73 9.88 1.22 6.13 6.13 3.47 5.2 5.2
3 16 2.49 5.73 9.88 2.39 5.77 5.77 3.47 5.2 5.2
2 24 2.39 5.77 5.77 3.47 5.2 5.2
5 24 3.47 5.2 5.2 2.49 5.73 9.88 2.39 5.77 5.77 3.94 4.85 9.88
3 16 2.49 5.73 9.88 3.47 5.2 5.2 3.94 4.85 9.88
5 24 3.47 5.2 5.2 3.94 4.85 9.88 2.49 5.73 9.88 4.42 4.42 4.42
3 16 3.94 4.85 9.88 3.47 5.2 5.2 4.42 4.42 4.42
2 24 3.47 5.2 5.2 4.42 4.42 4.42
5 24 4.42 4.42 4.42 3.94 4.85 9.88 3.47 5.2 5.2 5.11 3.6 9.88
3 16 3.94 4.85 9.88 4.42 4.42 4.42 5.11 3.6 9.88
5 24 4.42 4.42 4.42 5.11 3.6 9.88 3.94 4.85 9.88 5.2 3.47 3.47
3 16 5.11 3.6 9.88 4.42 4.42 4.42 5.2 3.47 3.47
2 24 4.42 4.42 4.42 5.2 3.47 3.47
5 24 5.2 3.47 3.47 5.11 3.6 9.88 4.42 4.42 4.42 5.77 2.39 2.39
4 16 5.11 3.6 9.88 5.2 3.47 3.47 5.77 2.39 2.39 5.89 2.09 9.88
2 24 5.2 3.47 3.47 5.77 2.39 2.39
5 24 5.77 2.39 2.39 5.89 2.09 9.88 5.11 3.6 9.88 6.13 1.22 1.22
3 16 5.89 2.09 9.88 5.77 2.39 2.39 6.13 1.22 1.22
2 24 5.77 2.39 2.39 6.13 1.22 1.22
5 24 6.13 1.22 1.22 5.89 2.09 9.88 5.77 2.39 2.39 6.23543 0.4265151 9.875
3 16 5.89 2.09 9.88 6.13 1.22 1.22 6.23543 0.4265151 9.875
5 24 6.13 1.22 1.22 6.23543 0.4265151 9.875 5.89 2.09 9.88 6.25 0 0
3 16 6.23543 0.4265151 9.875 6.13 1.22 1.22 6.25 0 0
5 24 6.13 1.22 1.22 6.25 0 0 6.23543 0.4265151 9.875 6.23543 10 0.4265151
5 24 6.25 0 0 6.23543 0.4265151 9.875 6.13 1.22 1.22 6.13 -1.22 1.22
3 16 6.23543 0.4265151 9.875 6.25 0 0 6.13 -1.22 1.22
5 24 6.25 0 0 6.13 -1.22 1.22 6.23543 0.4265151 9.875 6.119276 -10 1.2716
5 24 6.13 -1.22 1.22 6.23543 0.4265151 9.875 6.25 0 0 6.119276 -1.2716 9.875
3 16 6.23543 0.4265151 9.875 6.13 -1.22 1.22 6.119276 -1.2716 9.875
5 24 6.13 -1.22 1.22 6.119276 -1.2716 9.875 6.23543 0.4265151 9.875 5.77 -2.39 2.39
3 16 6.119276 -1.2716 9.875 6.13 -1.22 1.22 5.77 -2.39 2.39
2 24 6.13 -1.22 1.22 5.77 -2.39 2.39
5 24 5.77 -2.39 2.39 6.119276 -1.2716 9.875 6.13 -1.22 1.22 5.55 -2.88 9.88
3 16 6.119276 -1.2716 9.875 5.77 -2.39 2.39 5.55 -2.88 9.88
5 24 5.77 -2.39 2.39 5.55 -2.88 9.88 6.119276 -1.2716 9.875 5.2 -3.47 3.47
3 16 5.55 -2.88 9.88 5.77 -2.39 2.39 5.2 -3.47 3.47
2 24 5.77 -2.39 2.39 5.2 -3.47 3.47
5 24 5.2 -3.47 3.47 5.55 -2.88 9.88 5.77 -2.39 2.39 4.568 -4.266 9.875
3 16 5.55 -2.88 9.88 5.2 -3.47 3.47 4.568 -4.266 9.875
5 24 5.2 -3.47 3.47 4.568 -4.266 9.875 5.55 -2.88 9.88 4.419 -4.419 4.419
3 16 4.568 -4.266 9.875 5.2 -3.47 3.47 4.419 -4.419 4.419
2 24 5.2 -3.47 3.47 4.419 -4.419 4.419
5 24 4.419 -4.419 4.419 4.568 -4.266 9.875 5.2 -3.47 3.47 3.472 -5.197 5.197
4 16 4.568 -4.266 9.875 4.419 -4.419 4.419 3.472 -5.197 5.197 3.247 -5.34 9.875
2 24 4.419 -4.419 4.419 3.472 -5.197 5.197
5 24 3.472 -5.197 5.197 3.247 -5.34 9.875 4.568 -4.266 9.875 2.39 -5.77 5.77
3 16 3.247 -5.34 9.875 3.472 -5.197 5.197 2.39 -5.77 5.77
2 24 3.472 -5.197 5.197 2.39 -5.77 5.77
5 24 2.39 -5.77 5.77 3.247 -5.34 9.875 3.472 -5.197 5.197 1.69 -6.02 9.88
3 16 3.247 -5.34 9.875 2.39 -5.77 5.77 1.69 -6.02 9.88
5 24 2.39 -5.77 5.77 1.69 -6.02 9.88 3.247 -5.34 9.875 1.22 -6.13 6.13
3 16 1.69 -6.02 9.88 2.39 -5.77 5.77 1.22 -6.13 6.13
2 24 2.39 -5.77 5.77 1.22 -6.13 6.13
5 24 1.22 -6.13 6.13 1.69 -6.02 9.88 2.39 -5.77 5.77 0 -6.25 9.875
3 16 1.69 -6.02 9.88 1.22 -6.13 6.13 0 -6.25 9.875
5 24 1.22 -6.13 6.13 0 -6.25 9.875 1.69 -6.02 9.88 0 -6.25 6.25
3 16 0 -6.25 9.875 1.22 -6.13 6.13 0 -6.25 6.25
2 24 1.22 -6.13 6.13 0 -6.25 6.25
5 24 0 -6.25 6.25 0 -6.25 9.875 1.22 -6.13 6.13 -1.22 -6.13 6.13
3 16 0 -6.25 9.875 0 -6.25 6.25 -1.22 -6.13 6.13
2 24 0 -6.25 6.25 -1.22 -6.13 6.13
5 24 -1.22 -6.13 6.13 0 -6.25 9.875 0 -6.25 6.25 -1.68623 -6.018233 9.875
3 16 0 -6.25 9.875 -1.22 -6.13 6.13 -1.68623 -6.018233 9.875
5 24 -1.22 -6.13 6.13 -1.68623 -6.018233 9.875 0 -6.25 9.875 -2.39 -5.77 5.77
3 16 -1.68623 -6.018233 9.875 -1.22 -6.13 6.13 -2.39 -5.77 5.77
2 24 -1.22 -6.13 6.13 -2.39 -5.77 5.77
5 24 -2.39 -5.77 5.77 -1.68623 -6.018233 9.875 -1.22 -6.13 6.13 -3.2474 -5.340121 9.875
3 16 -1.68623 -6.018233 9.875 -2.39 -5.77 5.77 -3.2474 -5.340121 9.875
5 24 -2.39 -5.77 5.77 -3.2474 -5.340121 9.875 -1.68623 -6.018233 9.875 -3.472314 -5.196685 5.196685
3 16 -3.2474 -5.340121 9.875 -2.39 -5.77 5.77 -3.472314 -5.196685 5.196685
2 24 -2.39 -5.77 5.77 -3.472314 -5.196685 5.196685
5 24 -3.472314 -5.196685 5.196685 -3.2474 -5.340121 9.875 -2.39 -5.77 5.77 -4.419417 -4.419417 4.419417
4 16 -3.2474 -5.340121 9.875 -3.472314 -5.196685 5.196685 -4.419417 -4.419417 4.419417 -4.567725 -4.265957 9.875
2 24 -3.472314 -5.196685 5.196685 -4.419417 -4.419417 4.419417
5 24 -4.419417 -4.419417 4.419417 -4.567725 -4.265957 9.875 -3.2474 -5.340121 9.875 -5.2 -3.47 3.47
3 16 -4.567725 -4.265957 9.875 -4.419417 -4.419417 4.419417 -5.2 -3.47 3.47
2 24 -4.419417 -4.419417 4.419417 -5.2 -3.47 3.47
5 24 -5.2 -3.47 3.47 -4.567725 -4.265957 9.875 -4.419417 -4.419417 4.419417 -5.55 -2.88 9.88
3 16 -4.567725 -4.265957 9.875 -5.2 -3.47 3.47 -5.55 -2.88 9.88
5 24 -5.2 -3.47 3.47 -5.55 -2.88 9.88 -4.567725 -4.265957 9.875 -5.77 -2.39 2.39
3 16 -5.55 -2.88 9.88 -5.2 -3.47 3.47 -5.77 -2.39 2.39
2 24 -5.2 -3.47 3.47 -5.77 -2.39 2.39
5 24 -5.77 -2.39 2.39 -5.55 -2.88 9.88 -5.2 -3.47 3.47 -6.12 -1.27 9.88
3 16 -5.55 -2.88 9.88 -5.77 -2.39 2.39 -6.12 -1.27 9.88
3 16 5.77 2.39 2.39 5.89 10 2.09 6.13 1.22 1.22
5 24 5.77 2.39 2.39 5.89 10 2.09 6.13 1.22 1.22 5.2 3.47 3.47
5 24 5.89 10 2.09 6.13 1.22 1.22 5.77 2.39 2.39 6.23543 10 0.4265151
3 16 6.13 1.22 1.22 5.89 10 2.09 6.23543 10 0.4265151
5 24 6.23543 10 0.4265151 6.13 1.22 1.22 5.89 10 2.09 6.25 0 0
3 16 6.13 1.22 1.22 6.23543 10 0.4265151 6.25 0 0
5 24 6.23543 10 0.4265151 6.25 0 0 6.13 1.22 1.22 6.119276 10 -1.2716
3 16 6.25 0 0 6.23543 10 0.4265151 6.119276 10 -1.2716
5 24 6.119276 10 -1.2716 6.25 0 0 6.23543 10 0.4265151 6.13 1.22 -1.22
3 16 6.25 0 0 6.119276 10 -1.2716 6.13 1.22 -1.22
5 24 6.119276 10 -1.2716 6.13 1.22 -1.22 6.25 0 0 5.77 2.39 -2.39
3 16 6.13 1.22 -1.22 6.119276 10 -1.2716 5.77 2.39 -2.39
5 24 6.119276 10 -1.2716 5.77 2.39 -2.39 6.13 1.22 -1.22 5.55 10 -2.88
4 16 5.77 2.39 2.39 5.2 3.47 3.47 5.11 10 3.6 5.89 10 2.09
5 24 5.2 3.47 3.47 5.11 10 3.6 5.89 10 2.09 4.42 4.42 4.42
3 16 5.2 3.47 3.47 4.42 4.42 4.42 5.11 10 3.6
5 24 4.42 4.42 4.42 5.11 10 3.6 5.2 3.47 3.47 3.94 10 4.85
3 16 5.11 10 3.6 4.42 4.42 4.42 3.94 10 4.85
5 24 4.42 4.42 4.42 3.94 10 4.85 5.11 10 3.6 3.47 5.2 5.2
3 16 4.42 4.42 4.42 3.47 5.2 5.2 3.94 10 4.85
5 24 3.47 5.2 5.2 3.94 10 4.85 4.42 4.42 4.42 2.49 10 5.73
3 16 3.94 10 4.85 3.47 5.2 5.2 2.49 10 5.73
5 24 3.47 5.2 5.2 2.49 10 5.73 3.94 10 4.85 2.39 5.77 5.77
3 16 3.47 5.2 5.2 2.39 5.77 5.77 2.49 10 5.73
5 24 2.39 5.77 5.77 2.49 10 5.73 3.47 5.2 5.2 1.22 6.13 6.13
3 16 2.49 10 5.73 2.39 5.77 5.77 1.22 6.13 6.13
5 24 1.22 6.13 6.13 2.49 10 5.73 2.39 5.77 5.77 0.8510416 10 6.191787
3 16 2.49 10 5.73 1.22 6.13 6.13 0.8510416 10 6.191787
5 24 1.22 6.13 6.13 0.8510416 10 6.191787 2.49 10 5.73 0 6.25 6.25
3 16 0.8510416 10 6.191787 1.22 6.13 6.13 0 6.25 6.25
5 24 0 6.25 6.25 0.8510416 10 6.191787 1.22 6.13 6.13 -0.8510416 10 6.191787
3 16 0.8510416 10 6.191787 0 6.25 6.25 -0.8510416 10 6.191787
5 24 0 6.25 6.25 -0.8510416 10 6.191787 0.8510416 10 6.191787 -1.22 6.13 6.13
3 16 -0.8510416 10 6.191787 0 6.25 6.25 -1.22 6.13 6.13
5 24 -1.22 6.13 6.13 -0.8510416 10 6.191787 0 6.25 6.25 -2.49 10 5.73
3 16 -0.8510416 10 6.191787 -1.22 6.13 6.13 -2.49 10 5.73
5 24 -1.22 6.13 6.13 -2.49 10 5.73 -0.8510416 10 6.191787 -2.39 5.77 5.77
3 16 -2.49 10 5.73 -1.22 6.13 6.13 -2.39 5.77 5.77
5 24 -2.39 5.77 5.77 -2.49 10 5.73 -1.22 6.13 6.13 -3.47 5.2 5.2
3 16 -2.49 10 5.73 -2.39 5.77 5.77 -3.47 5.2 5.2
5 24 -3.47 5.2 5.2 -2.49 10 5.73 -2.39 5.77 5.77 -3.94 10 4.85
3 16 -2.49 10 5.73 -3.47 5.2 5.2 -3.94 10 4.85
5 24 -3.47 5.2 5.2 -3.94 10 4.85 -2.49 10 5.73 -4.42 4.42 4.42
3 16 -3.94 10 4.85 -3.47 5.2 5.2 -4.42 4.42 4.42
5 24 -4.42 4.42 4.42 -3.94 10 4.85 -3.47 5.2 5.2 -5.106062 10 3.604252
3 16 -3.94 10 4.85 -4.42 4.42 4.42 -5.106062 10 3.604252
5 24 -4.42 4.42 4.42 -5.106062 10 3.604252 -3.94 10 4.85 -5.196685 3.472314 3.472314
3 16 -5.106062 10 3.604252 -4.42 4.42 4.42 -5.196685 3.472314 3.472314
5 24 -5.196685 3.472314 3.472314 -5.106062 10 3.604252 -4.42 4.42 4.42 -5.774247 2.391771 2.391771
4 16 -5.106062 10 3.604252 -5.196685 3.472314 3.472314 -5.774247 2.391771 2.391771 -5.889131 10 2.092998
5 24 -5.774247 2.391771 2.391771 -5.889131 10 2.092998 -5.106062 10 3.604252 -6.13 1.22 1.22
3 16 -5.889131 10 2.092998 -5.774247 2.391771 2.391771 -6.13 1.22 1.22
5 24 -6.13 1.22 1.22 -5.889131 10 2.092998 -5.774247 2.391771 2.391771 -6.23543 10 0.4265151
3 16 -5.889131 10 2.092998 -6.13 1.22 1.22 -6.23543 10 0.4265151
5 24 -6.13 1.22 1.22 -6.23543 10 0.4265151 -5.889131 10 2.092998 -6.25 0 0
3 16 -6.23543 10 0.4265151 -6.13 1.22 1.22 -6.25 0 0
5 24 -6.25 0 0 -6.23543 10 0.4265151 -6.13 1.22 1.22 -6.13 1.22 -1.22
3 16 -6.23543 10 0.4265151 -6.25 0 0 -6.13 1.22 -1.22
5 24 -6.13 1.22 -1.22 -6.23543 10 0.4265151 -6.25 0 0 -6.119276 10 -1.2716
3 16 -6.23543 10 0.4265151 -6.13 1.22 -1.22 -6.119276 10 -1.2716
5 24 -6.13 1.22 -1.22 -6.119276 10 -1.2716 -6.23543 10 0.4265151 -5.77 2.39 -2.39
3 16 -6.119276 10 -1.2716 -6.13 1.22 -1.22 -5.77 2.39 -2.39
5 24 -5.77 2.39 -2.39 -6.119276 10 -1.2716 -6.13 1.22 -1.22 -5.55 10 -2.88
3 16 -6.119276 10 -1.2716 -5.77 2.39 -2.39 -5.55 10 -2.88
5 24 -5.77 2.39 -2.39 -5.55 10 -2.88 -6.119276 10 -1.2716 -5.2 3.47 -3.47
3 16 -5.55 10 -2.88 -5.77 2.39 -2.39 -5.2 3.47 -3.47
5 24 -5.2 3.47 -3.47 -5.55 10 -2.88 -5.77 2.39 -2.39 -4.567725 10 -4.265957
3 16 -5.55 10 -2.88 -5.2 3.47 -3.47 -4.567725 10 -4.265957
5 24 -5.2 3.47 -3.47 -4.567725 10 -4.265957 -5.55 10 -2.88 -4.419417 4.419417 -4.419417
3 16 -4.567725 10 -4.265957 -5.2 3.47 -3.47 -4.419417 4.419417 -4.419417
5 24 -4.419417 4.419417 -4.419417 -4.567725 10 -4.265957 -5.2 3.47 -3.47 -3.472314 5.196685 -5.196685
4 16 -4.567725 10 -4.265957 -4.419417 4.419417 -4.419417 -3.472314 5.196685 -5.196685 -3.2474 10 -5.340121
5 24 -3.472314 5.196685 -5.196685 -3.2474 10 -5.340121 -4.567725 10 -4.265957 -2.39 5.77 -5.77
3 16 -3.2474 10 -5.340121 -3.472314 5.196685 -5.196685 -2.39 5.77 -5.77
5 24 -2.39 5.77 -5.77 -3.2474 10 -5.340121 -3.472314 5.196685 -5.196685 -1.68623 10 -6.018233
3 16 -3.2474 10 -5.340121 -2.39 5.77 -5.77 -1.68623 10 -6.018233
5 24 -2.39 5.77 -5.77 -1.68623 10 -6.018233 -3.2474 10 -5.340121 -1.22 6.13 -6.13
3 16 -1.68623 10 -6.018233 -2.39 5.77 -5.77 -1.22 6.13 -6.13
5 24 -1.22 6.13 -6.13 -1.68623 10 -6.018233 -2.39 5.77 -5.77 0 10 -6.25
3 16 -1.68623 10 -6.018233 -1.22 6.13 -6.13 0 10 -6.25
5 24 -1.22 6.13 -6.13 0 10 -6.25 -1.68623 10 -6.018233 0 6.25 -6.25
3 16 0 10 -6.25 -1.22 6.13 -6.13 0 6.25 -6.25
5 24 0 6.25 -6.25 0 10 -6.25 -1.22 6.13 -6.13 1.22 6.13 -6.13
3 16 0 10 -6.25 0 6.25 -6.25 1.22 6.13 -6.13
5 24 1.22 6.13 -6.13 0 10 -6.25 0 6.25 -6.25 1.69 10 -6.02
3 16 0 10 -6.25 1.22 6.13 -6.13 1.69 10 -6.02
5 24 1.22 6.13 -6.13 1.69 10 -6.02 0 10 -6.25 2.39 5.77 -5.77
3 16 1.69 10 -6.02 1.22 6.13 -6.13 2.39 5.77 -5.77
5 24 2.39 5.77 -5.77 1.69 10 -6.02 1.22 6.13 -6.13 3.247 10 -5.34
3 16 1.69 10 -6.02 2.39 5.77 -5.77 3.247 10 -5.34
5 24 2.39 5.77 -5.77 3.247 10 -5.34 1.69 10 -6.02 3.472 5.197 -5.197
3 16 3.247 10 -5.34 2.39 5.77 -5.77 3.472 5.197 -5.197
5 24 3.472 5.197 -5.197 3.247 10 -5.34 2.39 5.77 -5.77 4.419 4.419 -4.419
4 16 3.247 10 -5.34 3.472 5.197 -5.197 4.419 4.419 -4.419 4.568 10 -4.266
5 24 4.419 4.419 -4.419 4.568 10 -4.266 3.247 10 -5.34 5.2 3.47 -3.47
3 16 4.568 10 -4.266 4.419 4.419 -4.419 5.2 3.47 -3.47
5 24 5.2 3.47 -3.47 4.568 10 -4.266 4.419 4.419 -4.419 5.55 10 -2.88
3 16 4.568 10 -4.266 5.2 3.47 -3.47 5.55 10 -2.88
5 24 5.2 3.47 -3.47 5.55 10 -2.88 4.568 10 -4.266 5.77 2.39 -2.39
3 16 5.55 10 -2.88 5.2 3.47 -3.47 5.77 2.39 -2.39
5 24 5.77 2.39 -2.39 5.55 10 -2.88 5.2 3.47 -3.47 6.119276 10 -1.2716
3 16 5.55 10 -2.88 5.77 2.39 -2.39 6.119276 10 -1.2716
4 16 -17 -6.5 50 -17 -6.5 30.125 -17 -10 30.125 -17 -10 50
3 16 -5.2 -3.47 3.47 -4.419417 -4.419417 4.419417 -4.567725 -10 4.265957
5 24 -4.419417 -4.419417 4.419417 -4.567725 -10 4.265957 -5.2 -3.47 3.47 -3.472314 -5.196685 5.196685
5 24 -4.567725 -10 4.265957 -5.2 -3.47 3.47 -4.419417 -4.419417 4.419417 -5.55 -10 2.88
4 16 -4.567725 -10 4.265957 -4.419417 -4.419417 4.419417 -3.472314 -5.196685 5.196685 -3.2474 -10 5.340121
5 24 -3.472314 -5.196685 5.196685 -3.2474 -10 5.340121 -4.567725 -10 4.265957 -2.39 -5.77 5.77
3 16 -3.2474 -10 5.340121 -3.472314 -5.196685 5.196685 -2.39 -5.77 5.77
5 24 -2.39 -5.77 5.77 -3.2474 -10 5.340121 -3.472314 -5.196685 5.196685 -1.68623 -10 6.018233
3 16 -3.2474 -10 5.340121 -2.39 -5.77 5.77 -1.68623 -10 6.018233
5 24 -2.39 -5.77 5.77 -1.68623 -10 6.018233 -3.2474 -10 5.340121 -1.22 -6.13 6.13
3 16 -1.68623 -10 6.018233 -2.39 -5.77 5.77 -1.22 -6.13 6.13
5 24 -1.22 -6.13 6.13 -1.68623 -10 6.018233 -2.39 -5.77 5.77 0 -10 6.25
3 16 -1.68623 -10 6.018233 -1.22 -6.13 6.13 0 -10 6.25
5 24 -1.22 -6.13 6.13 0 -10 6.25 -1.68623 -10 6.018233 0 -6.25 6.25
3 16 0 -10 6.25 -1.22 -6.13 6.13 0 -6.25 6.25
5 24 0 -6.25 6.25 0 -10 6.25 -1.22 -6.13 6.13 1.22 -6.13 6.13
3 16 0 -10 6.25 0 -6.25 6.25 1.22 -6.13 6.13
5 24 1.22 -6.13 6.13 0 -10 6.25 0 -6.25 6.25 1.69 -10 6.02
3 16 -4.567725 -10 4.265957 -5.55 -10 2.88 -5.2 -3.47 3.47
5 24 -5.55 -10 2.88 -5.2 -3.47 3.47 -4.567725 -10 4.265957 -5.77 -2.39 2.39
3 16 -5.2 -3.47 3.47 -5.55 -10 2.88 -5.77 -2.39 2.39
5 24 -5.55 -10 2.88 -5.77 -2.39 2.39 -5.2 -3.47 3.47 -6.119276 -10 1.2716
3 16 -5.55 -10 2.88 -6.119276 -10 1.2716 -5.77 -2.39 2.39
5 24 -6.119276 -10 1.2716 -5.77 -2.39 2.39 -5.55 -10 2.88 -6.13 -1.22 1.22
3 16 -5.77 -2.39 2.39 -6.119276 -10 1.2716 -6.13 -1.22 1.22
5 24 -6.119276 -10 1.2716 -6.13 -1.22 1.22 -5.77 -2.39 2.39 -6.23543 -10 -0.4265151
3 16 -6.119276 -10 1.2716 -6.23543 -10 -0.4265151 -6.13 -1.22 1.22
5 24 -6.23543 -10 -0.4265151 -6.13 -1.22 1.22 -6.119276 -10 1.2716 -6.25 0 0
3 16 -6.13 -1.22 1.22 -6.23543 -10 -0.4265151 -6.25 0 0
5 24 -6.23543 -10 -0.4265151 -6.25 0 0 -6.13 -1.22 1.22 -6.13 -1.22 -1.22
3 16 -6.25 0 0 -6.23543 -10 -0.4265151 -6.13 -1.22 -1.22
5 24 -6.23543 -10 -0.4265151 -6.13 -1.22 -1.22 -6.25 0 0 -5.889131 -10 -2.092998
3 16 -6.13 -1.22 -1.22 -6.23543 -10 -0.4265151 -5.889131 -10 -2.092998
5 24 -5.889131 -10 -2.092998 -6.13 -1.22 -1.22 -6.23543 -10 -0.4265151 -5.774247 -2.391771 -2.391771
3 16 -6.13 -1.22 -1.22 -5.889131 -10 -2.092998 -5.774247 -2.391771 -2.391771
5 24 -5.889131 -10 -2.092998 -5.774247 -2.391771 -2.391771 -6.13 -1.22 -1.22 -5.106062 -10 -3.604252
4 16 -5.774247 -2.391771 -2.391771 -5.889131 -10 -2.092998 -5.106062 -10 -3.604252 -5.196685 -3.472314 -3.472314
5 24 -5.106062 -10 -3.604252 -5.196685 -3.472314 -3.472314 -5.774247 -2.391771 -2.391771 -4.42 -4.42 -4.42
3 16 -5.196685 -3.472314 -3.472314 -5.106062 -10 -3.604252 -4.42 -4.42 -4.42
5 24 -5.106062 -10 -3.604252 -4.42 -4.42 -4.42 -5.196685 -3.472314 -3.472314 -3.94 -10 -4.85
3 16 -5.106062 -10 -3.604252 -3.94 -10 -4.85 -4.42 -4.42 -4.42
5 24 -3.94 -10 -4.85 -4.42 -4.42 -4.42 -5.106062 -10 -3.604252 -3.47 -5.2 -5.2
3 16 -4.42 -4.42 -4.42 -3.94 -10 -4.85 -3.47 -5.2 -5.2
5 24 -3.94 -10 -4.85 -3.47 -5.2 -5.2 -4.42 -4.42 -4.42 -2.49 -10 -5.73
3 16 -3.94 -10 -4.85 -2.49 -10 -5.73 -3.47 -5.2 -5.2
5 24 -2.49 -10 -5.73 -3.47 -5.2 -5.2 -3.94 -10 -4.85 -2.39 -5.77 -5.77
3 16 -3.47 -5.2 -5.2 -2.49 -10 -5.73 -2.39 -5.77 -5.77
5 24 -2.49 -10 -5.73 -2.39 -5.77 -5.77 -3.47 -5.2 -5.2 -1.22 -6.13 -6.13
3 16 -2.39 -5.77 -5.77 -2.49 -10 -5.73 -1.22 -6.13 -6.13
5 24 -2.49 -10 -5.73 -1.22 -6.13 -6.13 -2.39 -5.77 -5.77 -0.8510416 -10 -6.191787
3 16 -1.22 -6.13 -6.13 -2.49 -10 -5.73 -0.8510416 -10 -6.191787
5 24 -0.8510416 -10 -6.191787 -1.22 -6.13 -6.13 -2.49 -10 -5.73 0 -6.25 -6.25
3 16 -1.22 -6.13 -6.13 -0.8510416 -10 -6.191787 0 -6.25 -6.25
5 24 -0.8510416 -10 -6.191787 0 -6.25 -6.25 -1.22 -6.13 -6.13 0.8510416 -10 -6.191787
3 16 0 -6.25 -6.25 -0.8510416 -10 -6.191787 0.8510416 -10 -6.191787
5 24 0.8510416 -10 -6.191787 0 -6.25 -6.25 -0.8510416 -10 -6.191787 1.22 -6.13 -6.13
3 16 0 -6.25 -6.25 0.8510416 -10 -6.191787 1.22 -6.13 -6.13
5 24 0.8510416 -10 -6.191787 1.22 -6.13 -6.13 0 -6.25 -6.25 2.49 -10 -5.73
3 16 1.22 -6.13 -6.13 0.8510416 -10 -6.191787 2.49 -10 -5.73
5 24 2.49 -10 -5.73 1.22 -6.13 -6.13 0.8510416 -10 -6.191787 2.39 -5.77 -5.77
3 16 1.22 -6.13 -6.13 2.49 -10 -5.73 2.39 -5.77 -5.77
5 24 2.49 -10 -5.73 2.39 -5.77 -5.77 1.22 -6.13 -6.13 3.47 -5.2 -5.2
3 16 2.39 -5.77 -5.77 2.49 -10 -5.73 3.47 -5.2 -5.2
5 24 2.49 -10 -5.73 3.47 -5.2 -5.2 2.39 -5.77 -5.77 3.94 -10 -4.85
3 16 2.49 -10 -5.73 3.94 -10 -4.85 3.47 -5.2 -5.2
5 24 3.94 -10 -4.85 3.47 -5.2 -5.2 2.49 -10 -5.73 4.42 -4.42 -4.42
3 16 3.47 -5.2 -5.2 3.94 -10 -4.85 4.42 -4.42 -4.42
5 24 3.94 -10 -4.85 4.42 -4.42 -4.42 3.47 -5.2 -5.2 5.11 -10 -3.6
3 16 3.94 -10 -4.85 5.11 -10 -3.6 4.42 -4.42 -4.42
5 24 5.11 -10 -3.6 4.42 -4.42 -4.42 3.94 -10 -4.85 5.2 -3.47 -3.47
3 16 4.42 -4.42 -4.42 5.11 -10 -3.6 5.2 -3.47 -3.47
5 24 5.11 -10 -3.6 5.2 -3.47 -3.47 4.42 -4.42 -4.42 5.89 -10 -2.09
4 16 5.11 -10 -3.6 5.89 -10 -2.09 5.77 -2.39 -2.39 5.2 -3.47 -3.47
5 24 5.89 -10 -2.09 5.77 -2.39 -2.39 5.2 -3.47 -3.47 6.13 -1.22 -1.22
3 16 5.77 -2.39 -2.39 5.89 -10 -2.09 6.13 -1.22 -1.22
5 24 5.89 -10 -2.09 6.13 -1.22 -1.22 5.77 -2.39 -2.39 6.23543 -10 -0.4265151
3 16 6.13 -1.22 -1.22 5.89 -10 -2.09 6.23543 -10 -0.4265151
5 24 6.23543 -10 -0.4265151 6.13 -1.22 -1.22 5.89 -10 -2.09 6.25 0 0
3 16 6.13 -1.22 -1.22 6.23543 -10 -0.4265151 6.25 0 0
5 24 6.23543 -10 -0.4265151 6.25 0 0 6.13 -1.22 -1.22 6.119276 -10 1.2716
3 16 6.25 0 0 6.23543 -10 -0.4265151 6.119276 -10 1.2716
5 24 6.119276 -10 1.2716 6.25 0 0 6.23543 -10 -0.4265151 6.13 -1.22 1.22
3 16 6.25 0 0 6.119276 -10 1.2716 6.13 -1.22 1.22
5 24 6.119276 -10 1.2716 6.13 -1.22 1.22 6.25 0 0 5.77 -2.39 2.39
3 16 6.13 -1.22 1.22 6.119276 -10 1.2716 5.77 -2.39 2.39
5 24 6.119276 -10 1.2716 5.77 -2.39 2.39 6.13 -1.22 1.22 5.55 -10 2.88
3 16 6.119276 -10 1.2716 5.55 -10 2.88 5.77 -2.39 2.39
5 24 5.55 -10 2.88 5.77 -2.39 2.39 6.119276 -10 1.2716 5.2 -3.47 3.47
3 16 5.77 -2.39 2.39 5.55 -10 2.88 5.2 -3.47 3.47
5 24 5.55 -10 2.88 5.2 -3.47 3.47 5.77 -2.39 2.39 4.568 -10 4.266
3 16 5.55 -10 2.88 4.568 -10 4.266 5.2 -3.47 3.47
5 24 4.568 -10 4.266 5.2 -3.47 3.47 5.55 -10 2.88 4.419 -4.419 4.419
3 16 5.2 -3.47 3.47 4.568 -10 4.266 4.419 -4.419 4.419
5 24 4.568 -10 4.266 4.419 -4.419 4.419 5.2 -3.47 3.47 3.247 -10 5.34
4 16 4.419 -4.419 4.419 4.568 -10 4.266 3.247 -10 5.34 3.472 -5.197 5.197
5 24 3.247 -10 5.34 3.472 -5.197 5.197 4.419 -4.419 4.419 2.39 -5.77 5.77
3 16 3.472 -5.197 5.197 3.247 -10 5.34 2.39 -5.77 5.77
5 24 3.247 -10 5.34 2.39 -5.77 5.77 3.472 -5.197 5.197 1.69 -10 6.02
3 16 2.39 -5.77 5.77 3.247 -10 5.34 1.69 -10 6.02
5 24 1.69 -10 6.02 2.39 -5.77 5.77 3.247 -10 5.34 1.22 -6.13 6.13
3 16 2.39 -5.77 5.77 1.69 -10 6.02 1.22 -6.13 6.13
5 24 1.69 -10 6.02 1.22 -6.13 6.13 2.39 -5.77 5.77 0 -10 6.25
3 16 1.22 -6.13 6.13 1.69 -10 6.02 0 -10 6.25
3 16 -6.13 1.22 38.78 -6.25 0 40 -6.23543 0.4265151 30.125
5 24 -6.13 1.22 38.78 -6.25 0 40 -6.23543 0.4265151 30.125 -6.23543 10 40.42652
5 24 -6.25 0 40 -6.23543 0.4265151 30.125 -6.13 1.22 38.78 -6.13 -1.22 38.78
5 24 -6.23543 0.4265151 30.125 -6.13 1.22 38.78 -6.25 0 40 -5.889131 2.092998 30.125
3 16 -6.23543 0.4265151 30.125 -6.25 0 40 -6.13 -1.22 38.78
5 24 -6.25 0 40 -6.13 -1.22 38.78 -6.23543 0.4265151 30.125 -6.23543 -10 39.57348
5 24 -6.13 -1.22 38.78 -6.23543 0.4265151 30.125 -6.25 0 40 -6.119 -1.272 30.125
3 16 -6.23543 0.4265151 30.125 -6.13 -1.22 38.78 -6.119 -1.272 30.125
5 24 -6.13 -1.22 38.78 -6.119 -1.272 30.125 -6.23543 0.4265151 30.125 -5.77 -2.39 37.61
3 16 -6.119 -1.272 30.125 -6.13 -1.22 38.78 -5.77 -2.39 37.61
2 24 -6.13 -1.22 38.78 -5.77 -2.39 37.61
5 24 -5.77 -2.39 37.61 -6.119 -1.272 30.125 -6.13 -1.22 38.78 -5.549283 -2.875406 30.125
3 16 -6.119 -1.272 30.125 -5.77 -2.39 37.61 -5.549283 -2.875406 30.125
5 24 -5.77 -2.39 37.61 -5.549283 -2.875406 30.125 -6.119 -1.272 30.125 -5.2 -3.47 36.53
3 16 -5.549283 -2.875406 30.125 -5.77 -2.39 37.61 -5.2 -3.47 36.53
2 24 -5.77 -2.39 37.61 -5.2 -3.47 36.53
5 24 -5.2 -3.47 36.53 -5.549283 -2.875406 30.125 -5.77 -2.39 37.61 -4.567725 -4.265957 30.125
3 16 -5.549283 -2.875406 30.125 -5.2 -3.47 36.53 -4.567725 -4.265957 30.125
5 24 -5.2 -3.47 36.53 -4.567725 -4.265957 30.125 -5.549283 -2.875406 30.125 -4.419417 -4.419417 35.58058
3 16 -4.567725 -4.265957 30.125 -5.2 -3.47 36.53 -4.419417 -4.419417 35.58058
2 24 -5.2 -3.47 36.53 -4.419417 -4.419417 35.58058
5 24 -4.419417 -4.419417 35.58058 -4.567725 -4.265957 30.125 -5.2 -3.47 36.53 -3.472314 -5.196685 34.80331
4 16 -4.567725 -4.265957 30.125 -4.419417 -4.419417 35.58058 -3.472314 -5.196685 34.80331 -3.2474 -5.340121 30.125
2 24 -4.419417 -4.419417 35.58058 -3.472314 -5.196685 34.80331
5 24 -3.472314 -5.196685 34.80331 -3.2474 -5.340121 30.125 -4.567725 -4.265957 30.125 -2.39 -5.77 34.23
3 16 -3.2474 -5.340121 30.125 -3.472314 -5.196685 34.80331 -2.39 -5.77 34.23
2 24 -3.472314 -5.196685 34.80331 -2.39 -5.77 34.23
5 24 -2.39 -5.77 34.23 -3.2474 -5.340121 30.125 -3.472314 -5.196685 34.80331 -1.68623 -6.018233 30.125
3 16 -3.2474 -5.340121 30.125 -2.39 -5.77 34.23 -1.68623 -6.018233 30.125
5 24 -2.39 -5.77 34.23 -1.68623 -6.018233 30.125 -3.2474 -5.340121 30.125 -1.22 -6.13 33.87
3 16 -1.68623 -6.018233 30.125 -2.39 -5.77 34.23 -1.22 -6.13 33.87
2 24 -2.39 -5.77 34.23 -1.22 -6.13 33.87
5 24 -1.22 -6.13 33.87 -1.68623 -6.018233 30.125 -2.39 -5.77 34.23 0 -6.25 30.125
3 16 -1.68623 -6.018233 30.125 -1.22 -6.13 33.87 0 -6.25 30.125
5 24 -1.22 -6.13 33.87 0 -6.25 30.125 -1.68623 -6.018233 30.125 0 -6.25 33.75
3 16 0 -6.25 30.125 -1.22 -6.13 33.87 0 -6.25 33.75
2 24 -1.22 -6.13 33.87 0 -6.25 33.75
5 24 0 -6.25 33.75 0 -6.25 30.125 -1.22 -6.13 33.87 1.22 -6.13 33.87
3 16 0 -6.25 30.125 0 -6.25 33.75 1.22 -6.13 33.87
2 24 0 -6.25 33.75 1.22 -6.13 33.87
5 24 1.22 -6.13 33.87 0 -6.25 30.125 0 -6.25 33.75 1.69 -6.02 30.12
3 16 0 -6.25 30.125 1.22 -6.13 33.87 1.69 -6.02 30.12
5 24 1.22 -6.13 33.87 1.69 -6.02 30.12 0 -6.25 30.125 2.39 -5.77 34.23
3 16 1.69 -6.02 30.12 1.22 -6.13 33.87 2.39 -5.77 34.23
2 24 1.22 -6.13 33.87 2.39 -5.77 34.23
5 24 2.39 -5.77 34.23 1.69 -6.02 30.12 1.22 -6.13 33.87 3.247 -5.34 30.125
3 16 1.69 -6.02 30.12 2.39 -5.77 34.23 3.247 -5.34 30.125
5 24 2.39 -5.77 34.23 3.247 -5.34 30.125 1.69 -6.02 30.12 3.472 -5.197 34.803
3 16 3.247 -5.34 30.125 2.39 -5.77 34.23 3.472 -5.197 34.803
2 24 2.39 -5.77 34.23 3.472 -5.197 34.803
5 24 3.472 -5.197 34.803 3.247 -5.34 30.125 2.39 -5.77 34.23 4.419 -4.419 35.581
4 16 3.247 -5.34 30.125 3.472 -5.197 34.803 4.419 -4.419 35.581 4.568 -4.266 30.125
2 24 3.472 -5.197 34.803 4.419 -4.419 35.581
5 24 4.419 -4.419 35.581 4.568 -4.266 30.125 3.247 -5.34 30.125 5.2 -3.47 36.53
3 16 4.568 -4.266 30.125 4.419 -4.419 35.581 5.2 -3.47 36.53
2 24 4.419 -4.419 35.581 5.2 -3.47 36.53
5 24 5.2 -3.47 36.53 4.568 -4.266 30.125 4.419 -4.419 35.581 5.549 -2.875 30.125
3 16 4.568 -4.266 30.125 5.2 -3.47 36.53 5.549 -2.875 30.125
5 24 5.2 -3.47 36.53 5.549 -2.875 30.125 4.568 -4.266 30.125 5.77 -2.39 37.61
3 16 5.549 -2.875 30.125 5.2 -3.47 36.53 5.77 -2.39 37.61
2 24 5.2 -3.47 36.53 5.77 -2.39 37.61
5 24 5.77 -2.39 37.61 5.549 -2.875 30.125 5.2 -3.47 36.53 6.119276 -1.2716 30.125
3 16 5.549 -2.875 30.125 5.77 -2.39 37.61 6.119276 -1.2716 30.125
5 24 5.77 -2.39 37.61 6.119276 -1.2716 30.125 5.549 -2.875 30.125 6.13 -1.22 38.78
3 16 6.119276 -1.2716 30.125 5.77 -2.39 37.61 6.13 -1.22 38.78
2 24 5.77 -2.39 37.61 6.13 -1.22 38.78
5 24 6.13 -1.22 38.78 6.119276 -1.2716 30.125 5.77 -2.39 37.61 6.25 0 40
3 16 6.119276 -1.2716 30.125 6.13 -1.22 38.78 6.25 0 40
5 24 6.13 -1.22 38.78 6.25 0 40 6.119276 -1.2716 30.125 6.23543 -10 39.57348
5 24 6.25 0 40 6.119276 -1.2716 30.125 6.13 -1.22 38.78 6.23543 0.4265151 30.125
3 16 6.119276 -1.2716 30.125 6.25 0 40 6.23543 0.4265151 30.125
5 24 6.25 0 40 6.23543 0.4265151 30.125 6.119276 -1.2716 30.125 6.13 1.22 38.78
3 16 6.23543 0.4265151 30.125 6.25 0 40 6.13 1.22 38.78
5 24 6.25 0 40 6.13 1.22 38.78 6.23543 0.4265151 30.125 6.119276 10 38.7284
5 24 6.13 1.22 38.78 6.23543 0.4265151 30.125 6.25 0 40 5.89 2.09 30.13
3 16 6.23543 0.4265151 30.125 6.13 1.22 38.78 5.89 2.09 30.13
5 24 6.13 1.22 38.78 5.89 2.09 30.13 6.23543 0.4265151 30.125 5.77 2.39 37.61
3 16 5.89 2.09 30.13 6.13 1.22 38.78 5.77 2.39 37.61
2 24 6.13 1.22 38.78 5.77 2.39 37.61
5 24 5.77 2.39 37.61 5.89 2.09 30.13 6.13 1.22 38.78 5.2 3.47 36.53
4 16 5.89 2.09 30.13 5.77 2.39 37.61 5.2 3.47 36.53 5.11 3.6 30.13
2 24 5.77 2.39 37.61 5.2 3.47 36.53
5 24 5.2 3.47 36.53 5.11 3.6 30.13 5.89 2.09 30.13 4.419 4.419 35.581
3 16 5.11 3.6 30.13 5.2 3.47 36.53 4.419 4.419 35.581
2 24 5.2 3.47 36.53 4.419 4.419 35.581
5 24 4.419 4.419 35.581 5.11 3.6 30.13 5.2 3.47 36.53 3.94 4.85 30.13
3 16 5.11 3.6 30.13 4.419 4.419 35.581 3.94 4.85 30.13
5 24 4.419 4.419 35.581 3.94 4.85 30.13 5.11 3.6 30.13 3.472 5.197 34.803
3 16 3.94 4.85 30.13 4.419 4.419 35.581 3.472 5.197 34.803
2 24 4.419 4.419 35.581 3.472 5.197 34.803
5 24 3.472 5.197 34.803 3.94 4.85 30.13 4.419 4.419 35.581 2.49 5.73 30.13
3 16 3.94 4.85 30.13 3.472 5.197 34.803 2.49 5.73 30.13
5 24 3.472 5.197 34.803 2.49 5.73 30.13 3.94 4.85 30.13 2.39 5.77 34.23
3 16 2.49 5.73 30.13 3.472 5.197 34.803 2.39 5.77 34.23
2 24 3.472 5.197 34.803 2.39 5.77 34.23
5 24 2.39 5.77 34.23 2.49 5.73 30.13 3.472 5.197 34.803 1.22 6.13 33.87
3 16 2.49 5.73 30.13 2.39 5.77 34.23 1.22 6.13 33.87
2 24 2.39 5.77 34.23 1.22 6.13 33.87
5 24 1.22 6.13 33.87 2.49 5.73 30.13 2.39 5.77 34.23 0.8510416 6.191787 30.125
3 16 2.49 5.73 30.13 1.22 6.13 33.87 0.8510416 6.191787 30.125
5 24 1.22 6.13 33.87 0.8510416 6.191787 30.125 2.49 5.73 30.13 0 6.25 33.75
3 16 0.8510416 6.191787 30.125 1.22 6.13 33.87 0 6.25 33.75
2 24 1.22 6.13 33.87 0 6.25 33.75
5 24 0 6.25 33.75 0.8510416 6.191787 30.125 1.22 6.13 33.87 -0.8510416 6.191787 30.125
3 16 0.8510416 6.191787 30.125 0 6.25 33.75 -0.8510416 6.191787 30.125
5 24 0 6.25 33.75 -0.8510416 6.191787 30.125 0.8510416 6.191787 30.125 -1.22 6.13 33.87
3 16 -0.8510416 6.191787 30.125 0 6.25 33.75 -1.22 6.13 33.87
2 24 0 6.25 33.75 -1.22 6.13 33.87
5 24 -1.22 6.13 33.87 -0.8510416 6.191787 30.125 0 6.25 33.75 -2.49 5.73 30.13
3 16 -0.8510416 6.191787 30.125 -1.22 6.13 33.87 -2.49 5.73 30.13
5 24 -1.22 6.13 33.87 -2.49 5.73 30.13 -0.8510416 6.191787 30.125 -2.39 5.77 34.23
3 16 -2.49 5.73 30.13 -1.22 6.13 33.87 -2.39 5.77 34.23
2 24 -1.22 6.13 33.87 -2.39 5.77 34.23
5 24 -2.39 5.77 34.23 -2.49 5.73 30.13 -1.22 6.13 33.87 -3.472 5.197 34.803
3 16 -2.49 5.73 30.13 -2.39 5.77 34.23 -3.472 5.197 34.803
2 24 -2.39 5.77 34.23 -3.472 5.197 34.803
5 24 -3.472 5.197 34.803 -2.49 5.73 30.13 -2.39 5.77 34.23 -3.94 4.85 30.13
3 16 -2.49 5.73 30.13 -3.472 5.197 34.803 -3.94 4.85 30.13
5 24 -3.472 5.197 34.803 -3.94 4.85 30.13 -2.49 5.73 30.13 -4.419 4.419 35.581
3 16 -3.94 4.85 30.13 -3.472 5.197 34.803 -4.419 4.419 35.581
2 24 -3.472 5.197 34.803 -4.419 4.419 35.581
5 24 -4.419 4.419 35.581 -3.94 4.85 30.13 -3.472 5.197 34.803 -5.106062 3.604252 30.125
3 16 -3.94 4.85 30.13 -4.419 4.419 35.581 -5.106062 3.604252 30.125
5 24 -4.419 4.419 35.581 -5.106062 3.604252 30.125 -3.94 4.85 30.13 -5.196685 3.472314 36.52769
3 16 -5.106062 3.604252 30.125 -4.419 4.419 35.581 -5.196685 3.472314 36.52769
2 24 -4.419 4.419 35.581 -5.196685 3.472314 36.52769
5 24 -5.196685 3.472314 36.52769 -5.106062 3.604252 30.125 -4.419 4.419 35.581 -5.774247 2.391771 37.60823
4 16 -5.106062 3.604252 30.125 -5.196685 3.472314 36.52769 -5.774247 2.391771 37.60823 -5.889131 2.092998 30.125
2 24 -5.196685 3.472314 36.52769 -5.774247 2.391771 37.60823
5 24 -5.774247 2.391771 37.60823 -5.889131 2.092998 30.125 -5.106062 3.604252 30.125 -6.13 1.22 38.78
3 16 -5.889131 2.092998 30.125 -5.774247 2.391771 37.60823 -6.13 1.22 38.78
2 24 -5.774247 2.391771 37.60823 -6.13 1.22 38.78
5 24 -6.13 1.22 38.78 -5.889131 2.092998 30.125 -5.774247 2.391771 37.60823 -6.23543 0.4265151 30.125
3 16 -5.889131 2.092998 30.125 -6.13 1.22 38.78 -6.23543 0.4265151 30.125
3 16 -5.774247 2.391771 42.39177 -5.889131 2.092998 50 -6.13 1.22 41.22
5 24 -5.774247 2.391771 42.39177 -5.889131 2.092998 50 -6.13 1.22 41.22 -5.196685 3.472314 43.47231
5 24 -5.889131 2.092998 50 -6.13 1.22 41.22 -5.774247 2.391771 42.39177 -6.23543 0.4265151 50
2 24 -6.13 1.22 41.22 -5.774247 2.391771 42.39177
3 16 -6.13 1.22 41.22 -5.889131 2.092998 50 -6.23543 0.4265151 50
5 24 -6.23543 0.4265151 50 -6.13 1.22 41.22 -5.889131 2.092998 50 -6.25 0 40
3 16 -6.13 1.22 41.22 -6.23543 0.4265151 50 -6.25 0 40
5 24 -6.23543 0.4265151 50 -6.25 0 40 -6.13 1.22 41.22 -6.12 -1.27 50
5 24 -6.25 0 40 -6.13 1.22 41.22 -6.23543 0.4265151 50 -6.23543 10 40.42652
3 16 -6.25 0 40 -6.23543 0.4265151 50 -6.12 -1.27 50
5 24 -6.12 -1.27 50 -6.25 0 40 -6.23543 0.4265151 50 -6.13 -1.22 41.22
3 16 -6.25 0 40 -6.12 -1.27 50 -6.13 -1.22 41.22
5 24 -6.12 -1.27 50 -6.13 -1.22 41.22 -6.25 0 40 -5.77 -2.39 42.39
5 24 -6.13 -1.22 41.22 -6.25 0 40 -6.12 -1.27 50 -6.23543 -10 39.57348
3 16 -6.13 -1.22 41.22 -6.12 -1.27 50 -5.77 -2.39 42.39
5 24 -6.12 -1.27 50 -5.77 -2.39 42.39 -6.13 -1.22 41.22 -5.549283 -2.875406 50
2 24 -5.77 -2.39 42.39 -6.13 -1.22 41.22
4 16 -5.774247 2.391771 42.39177 -5.196685 3.472314 43.47231 -5.106062 3.604252 50 -5.889131 2.092998 50
2 24 -5.774247 2.391771 42.39177 -5.196685 3.472314 43.47231
5 24 -5.196685 3.472314 43.47231 -5.106062 3.604252 50 -5.889131 2.092998 50 -4.42 4.42 44.42
3 16 -5.196685 3.472314 43.47231 -4.42 4.42 44.42 -5.106062 3.604252 50
2 24 -5.196685 3.472314 43.47231 -4.42 4.42 44.42
5 24 -4.42 4.42 44.42 -5.106062 3.604252 50 -5.196685 3.472314 43.47231 -3.94 4.85 50
3 16 -5.106062 3.604252 50 -4.42 4.42 44.42 -3.94 4.85 50
5 24 -4.42 4.42 44.42 -3.94 4.85 50 -5.106062 3.604252 50 -3.47 5.2 45.2
3 16 -4.42 4.42 44.42 -3.47 5.2 45.2 -3.94 4.85 50
2 24 -4.42 4.42 44.42 -3.47 5.2 45.2
5 24 -3.47 5.2 45.2 -3.94 4.85 50 -4.42 4.42 44.42 -2.49 5.73 50
3 16 -3.94 4.85 50 -3.47 5.2 45.2 -2.49 5.73 50
5 24 -3.47 5.2 45.2 -2.49 5.73 50 -3.94 4.85 50 -2.39 5.77 45.77
3 16 -3.47 5.2 45.2 -2.39 5.77 45.77 -2.49 5.73 50
2 24 -3.47 5.2 45.2 -2.39 5.77 45.77
5 24 -2.39 5.77 45.77 -2.49 5.73 50 -3.47 5.2 45.2 -1.22 6.13 46.13
3 16 -2.49 5.73 50 -2.39 5.77 45.77 -1.22 6.13 46.13
2 24 -2.39 5.77 45.77 -1.22 6.13 46.13
5 24 -1.22 6.13 46.13 -2.49 5.73 50 -2.39 5.77 45.77 -0.8510416 6.191787 50
3 16 -2.49 5.73 50 -1.22 6.13 46.13 -0.8510416 6.191787 50
5 24 -1.22 6.13 46.13 -0.8510416 6.191787 50 -2.49 5.73 50 0 6.25 46.25
3 16 -0.8510416 6.191787 50 -1.22 6.13 46.13 0 6.25 46.25
2 24 -1.22 6.13 46.13 0 6.25 46.25
5 24 0 6.25 46.25 -0.8510416 6.191787 50 -1.22 6.13 46.13 0.8510416 6.191787 50
3 16 -0.8510416 6.191787 50 0 6.25 46.25 0.8510416 6.191787 50
5 24 0 6.25 46.25 0.8510416 6.191787 50 -0.8510416 6.191787 50 1.22 6.13 46.13
3 16 0.8510416 6.191787 50 0 6.25 46.25 1.22 6.13 46.13
2 24 0 6.25 46.25 1.22 6.13 46.13
5 24 1.22 6.13 46.13 0.8510416 6.191787 50 0 6.25 46.25 2.49 5.73 50
3 16 0.8510416 6.191787 50 1.22 6.13 46.13 2.49 5.73 50
5 24 1.22 6.13 46.13 2.49 5.73 50 0.8510416 6.191787 50 2.39 5.77 45.77
3 16 2.49 5.73 50 1.22 6.13 46.13 2.39 5.77 45.77
2 24 1.22 6.13 46.13 2.39 5.77 45.77
5 24 2.39 5.77 45.77 2.49 5.73 50 1.22 6.13 46.13 3.47 5.2 45.2
3 16 2.49 5.73 50 2.39 5.77 45.77 3.47 5.2 45.2
2 24 2.39 5.77 45.77 3.47 5.2 45.2
5 24 3.47 5.2 45.2 2.49 5.73 50 2.39 5.77 45.77 3.94 4.85 50
3 16 2.49 5.73 50 3.47 5.2 45.2 3.94 4.85 50
5 24 3.47 5.2 45.2 3.94 4.85 50 2.49 5.73 50 4.42 4.42 44.42
3 16 3.94 4.85 50 3.47 5.2 45.2 4.42 4.42 44.42
2 24 3.47 5.2 45.2 4.42 4.42 44.42
5 24 4.42 4.42 44.42 3.94 4.85 50 3.47 5.2 45.2 5.11 3.6 50
3 16 3.94 4.85 50 4.42 4.42 44.42 5.11 3.6 50
5 24 4.42 4.42 44.42 5.11 3.6 50 3.94 4.85 50 5.2 3.47 43.47
3 16 5.11 3.6 50 4.42 4.42 44.42 5.2 3.47 43.47
2 24 4.42 4.42 44.42 5.2 3.47 43.47
5 24 5.2 3.47 43.47 5.11 3.6 50 4.42 4.42 44.42 5.77 2.39 42.39
4 16 5.11 3.6 50 5.2 3.47 43.47 5.77 2.39 42.39 5.89 2.09 50
2 24 5.2 3.47 43.47 5.77 2.39 42.39
5 24 5.77 2.39 42.39 5.89 2.09 50 5.11 3.6 50 6.13 1.22 41.22
3 16 5.89 2.09 50 5.77 2.39 42.39 6.13 1.22 41.22
2 24 5.77 2.39 42.39 6.13 1.22 41.22
5 24 6.13 1.22 41.22 5.89 2.09 50 5.77 2.39 42.39 6.23543 0.4265151 50
3 16 5.89 2.09 50 6.13 1.22 41.22 6.23543 0.4265151 50
5 24 6.13 1.22 41.22 6.23543 0.4265151 50 5.89 2.09 50 6.25 0 40
3 16 6.23543 0.4265151 50 6.13 1.22 41.22 6.25 0 40
5 24 6.13 1.22 41.22 6.25 0 40 6.23543 0.4265151 50 6.23543 10 40.42652
5 24 6.25 0 40 6.23543 0.4265151 50 6.13 1.22 41.22 6.13 -1.22 41.22
3 16 6.23543 0.4265151 50 6.25 0 40 6.13 -1.22 41.22
5 24 6.25 0 40 6.13 -1.22 41.22 6.23543 0.4265151 50 6.119276 -10 41.2716
5 24 6.13 -1.22 41.22 6.23543 0.4265151 50 6.25 0 40 6.119276 -1.2716 50
3 16 6.23543 0.4265151 50 6.13 -1.22 41.22 6.119276 -1.2716 50
5 24 6.13 -1.22 41.22 6.119276 -1.2716 50 6.23543 0.4265151 50 5.77 -2.39 42.39
3 16 6.119276 -1.2716 50 6.13 -1.22 41.22 5.77 -2.39 42.39
2 24 6.13 -1.22 41.22 5.77 -2.39 42.39
5 24 5.77 -2.39 42.39 6.119276 -1.2716 50 6.13 -1.22 41.22 5.55 -2.88 50
3 16 6.119276 -1.2716 50 5.77 -2.39 42.39 5.55 -2.88 50
5 24 5.77 -2.39 42.39 5.55 -2.88 50 6.119276 -1.2716 50 5.2 -3.47 43.47
3 16 5.55 -2.88 50 5.77 -2.39 42.39 5.2 -3.47 43.47
2 24 5.77 -2.39 42.39 5.2 -3.47 43.47
5 24 5.2 -3.47 43.47 5.55 -2.88 50 5.77 -2.39 42.39 4.568 -4.266 50
3 16 5.55 -2.88 50 5.2 -3.47 43.47 4.568 -4.266 50
5 24 5.2 -3.47 43.47 4.568 -4.266 50 5.55 -2.88 50 4.419 -4.419 44.419
3 16 4.568 -4.266 50 5.2 -3.47 43.47 4.419 -4.419 44.419
2 24 5.2 -3.47 43.47 4.419 -4.419 44.419
5 24 4.419 -4.419 44.419 4.568 -4.266 50 5.2 -3.47 43.47 3.472 -5.197 45.197
4 16 4.568 -4.266 50 4.419 -4.419 44.419 3.472 -5.197 45.197 3.247 -5.34 50
2 24 4.419 -4.419 44.419 3.472 -5.197 45.197
5 24 3.472 -5.197 45.197 3.247 -5.34 50 4.568 -4.266 50 2.39 -5.77 45.77
3 16 3.247 -5.34 50 3.472 -5.197 45.197 2.39 -5.77 45.77
2 24 3.472 -5.197 45.197 2.39 -5.77 45.77
5 24 2.39 -5.77 45.77 3.247 -5.34 50 3.472 -5.197 45.197 1.69 -6.02 50
3 16 3.247 -5.34 50 2.39 -5.77 45.77 1.69 -6.02 50
5 24 2.39 -5.77 45.77 1.69 -6.02 50 3.247 -5.34 50 1.22 -6.13 46.13
3 16 1.69 -6.02 50 2.39 -5.77 45.77 1.22 -6.13 46.13
2 24 2.39 -5.77 45.77 1.22 -6.13 46.13
5 24 1.22 -6.13 46.13 1.69 -6.02 50 2.39 -5.77 45.77 0 -6.25 50
3 16 1.69 -6.02 50 1.22 -6.13 46.13 0 -6.25 50
5 24 1.22 -6.13 46.13 0 -6.25 50 1.69 -6.02 50 0 -6.25 46.25
3 16 0 -6.25 50 1.22 -6.13 46.13 0 -6.25 46.25
2 24 1.22 -6.13 46.13 0 -6.25 46.25
5 24 0 -6.25 46.25 0 -6.25 50 1.22 -6.13 46.13 -1.22 -6.13 46.13
3 16 0 -6.25 50 0 -6.25 46.25 -1.22 -6.13 46.13
2 24 0 -6.25 46.25 -1.22 -6.13 46.13
5 24 -1.22 -6.13 46.13 0 -6.25 50 0 -6.25 46.25 -1.68623 -6.018233 50
3 16 0 -6.25 50 -1.22 -6.13 46.13 -1.68623 -6.018233 50
5 24 -1.22 -6.13 46.13 -1.68623 -6.018233 50 0 -6.25 50 -2.39 -5.77 45.77
3 16 -1.68623 -6.018233 50 -1.22 -6.13 46.13 -2.39 -5.77 45.77
2 24 -1.22 -6.13 46.13 -2.39 -5.77 45.77
5 24 -2.39 -5.77 45.77 -1.68623 -6.018233 50 -1.22 -6.13 46.13 -3.2474 -5.340121 50
3 16 -1.68623 -6.018233 50 -2.39 -5.77 45.77 -3.2474 -5.340121 50
5 24 -2.39 -5.77 45.77 -3.2474 -5.340121 50 -1.68623 -6.018233 50 -3.472314 -5.196685 45.19669
3 16 -3.2474 -5.340121 50 -2.39 -5.77 45.77 -3.472314 -5.196685 45.19669
2 24 -2.39 -5.77 45.77 -3.472314 -5.196685 45.19669
5 24 -3.472314 -5.196685 45.19669 -3.2474 -5.340121 50 -2.39 -5.77 45.77 -4.419417 -4.419417 44.41942
4 16 -3.2474 -5.340121 50 -3.472314 -5.196685 45.19669 -4.419417 -4.419417 44.41942 -4.567725 -4.265957 50
2 24 -3.472314 -5.196685 45.19669 -4.419417 -4.419417 44.41942
5 24 -4.419417 -4.419417 44.41942 -4.567725 -4.265957 50 -3.2474 -5.340121 50 -5.2 -3.47 43.47
3 16 -4.567725 -4.265957 50 -4.419417 -4.419417 44.41942 -5.2 -3.47 43.47
2 24 -4.419417 -4.419417 44.41942 -5.2 -3.47 43.47
5 24 -5.2 -3.47 43.47 -4.567725 -4.265957 50 -4.419417 -4.419417 44.41942 -5.549283 -2.875406 50
3 16 -4.567725 -4.265957 50 -5.2 -3.47 43.47 -5.549283 -2.875406 50
5 24 -5.2 -3.47 43.47 -5.549283 -2.875406 50 -4.567725 -4.265957 50 -5.77 -2.39 42.39
3 16 -5.549283 -2.875406 50 -5.2 -3.47 43.47 -5.77 -2.39 42.39
2 24 -5.2 -3.47 43.47 -5.77 -2.39 42.39
5 24 -5.77 -2.39 42.39 -5.549283 -2.875406 50 -5.2 -3.47 43.47 -6.12 -1.27 50
3 16 -5.549283 -2.875406 50 -5.77 -2.39 42.39 -6.12 -1.27 50
4 16 -25 -6.5 -10 -25 -6.5 -7 -25 -1.5 -7 -25 -1.5 -10
2 24 -25 -1.5 -7 -25 -1.5 -10
3 16 5.77 2.39 42.39 5.89 10 42.09 6.13 1.22 41.22
5 24 5.77 2.39 42.39 5.89 10 42.09 6.13 1.22 41.22 5.2 3.47 43.47
5 24 5.89 10 42.09 6.13 1.22 41.22 5.77 2.39 42.39 6.23543 10 40.42652
3 16 6.13 1.22 41.22 5.89 10 42.09 6.23543 10 40.42652
5 24 6.23543 10 40.42652 6.13 1.22 41.22 5.89 10 42.09 6.25 0 40
3 16 6.13 1.22 41.22 6.23543 10 40.42652 6.25 0 40
5 24 6.23543 10 40.42652 6.25 0 40 6.13 1.22 41.22 6.119276 10 38.7284
3 16 6.25 0 40 6.23543 10 40.42652 6.119276 10 38.7284
5 24 6.119276 10 38.7284 6.25 0 40 6.23543 10 40.42652 6.13 1.22 38.78
3 16 6.25 0 40 6.119276 10 38.7284 6.13 1.22 38.78
5 24 6.119276 10 38.7284 6.13 1.22 38.78 6.25 0 40 5.77 2.39 37.61
3 16 6.13 1.22 38.78 6.119276 10 38.7284 5.77 2.39 37.61
5 24 6.119276 10 38.7284 5.77 2.39 37.61 6.13 1.22 38.78 5.55 10 37.12
4 16 5.77 2.39 42.39 5.2 3.47 43.47 5.11 10 43.6 5.89 10 42.09
5 24 5.2 3.47 43.47 5.11 10 43.6 5.89 10 42.09 4.42 4.42 44.42
3 16 5.2 3.47 43.47 4.42 4.42 44.42 5.11 10 43.6
5 24 4.42 4.42 44.42 5.11 10 43.6 5.2 3.47 43.47 3.94 10 44.85
3 16 5.11 10 43.6 4.42 4.42 44.42 3.94 10 44.85
5 24 4.42 4.42 44.42 3.94 10 44.85 5.11 10 43.6 3.47 5.2 45.2
3 16 4.42 4.42 44.42 3.47 5.2 45.2 3.94 10 44.85
5 24 3.47 5.2 45.2 3.94 10 44.85 4.42 4.42 44.42 2.49 10 45.73
3 16 3.94 10 44.85 3.47 5.2 45.2 2.49 10 45.73
5 24 3.47 5.2 45.2 2.49 10 45.73 3.94 10 44.85 2.39 5.77 45.77
3 16 3.47 5.2 45.2 2.39 5.77 45.77 2.49 10 45.73
5 24 2.39 5.77 45.77 2.49 10 45.73 3.47 5.2 45.2 1.22 6.13 46.13
3 16 2.49 10 45.73 2.39 5.77 45.77 1.22 6.13 46.13
5 24 1.22 6.13 46.13 2.49 10 45.73 2.39 5.77 45.77 0.8510416 10 46.19179
3 16 2.49 10 45.73 1.22 6.13 46.13 0.8510416 10 46.19179
5 24 1.22 6.13 46.13 0.8510416 10 46.19179 2.49 10 45.73 0 6.25 46.25
3 16 0.8510416 10 46.19179 1.22 6.13 46.13 0 6.25 46.25
5 24 0 6.25 46.25 0.8510416 10 46.19179 1.22 6.13 46.13 -0.8510416 10 46.19179
3 16 0.8510416 10 46.19179 0 6.25 46.25 -0.8510416 10 46.19179
5 24 0 6.25 46.25 -0.8510416 10 46.19179 0.8510416 10 46.19179 -1.22 6.13 46.13
3 16 -0.8510416 10 46.19179 0 6.25 46.25 -1.22 6.13 46.13
5 24 -1.22 6.13 46.13 -0.8510416 10 46.19179 0 6.25 46.25 -2.49 10 45.73
3 16 -0.8510416 10 46.19179 -1.22 6.13 46.13 -2.49 10 45.73
5 24 -1.22 6.13 46.13 -2.49 10 45.73 -0.8510416 10 46.19179 -2.39 5.77 45.77
3 16 -2.49 10 45.73 -1.22 6.13 46.13 -2.39 5.77 45.77
5 24 -2.39 5.77 45.77 -2.49 10 45.73 -1.22 6.13 46.13 -3.47 5.2 45.2
3 16 -2.49 10 45.73 -2.39 5.77 45.77 -3.47 5.2 45.2
5 24 -3.47 5.2 45.2 -2.49 10 45.73 -2.39 5.77 45.77 -3.94 10 44.85
3 16 -2.49 10 45.73 -3.47 5.2 45.2 -3.94 10 44.85
5 24 -3.47 5.2 45.2 -3.94 10 44.85 -2.49 10 45.73 -4.42 4.42 44.42
3 16 -3.94 10 44.85 -3.47 5.2 45.2 -4.42 4.42 44.42
5 24 -4.42 4.42 44.42 -3.94 10 44.85 -3.47 5.2 45.2 -5.106062 10 43.60425
3 16 -3.94 10 44.85 -4.42 4.42 44.42 -5.106062 10 43.60425
5 24 -4.42 4.42 44.42 -5.106062 10 43.60425 -3.94 10 44.85 -5.196685 3.472314 43.47231
3 16 -5.106062 10 43.60425 -4.42 4.42 44.42 -5.196685 3.472314 43.47231
5 24 -5.196685 3.472314 43.47231 -5.106062 10 43.60425 -4.42 4.42 44.42 -5.774247 2.391771 42.39177
4 16 -5.106062 10 43.60425 -5.196685 3.472314 43.47231 -5.774247 2.391771 42.39177 -5.889131 10 42.093
5 24 -5.774247 2.391771 42.39177 -5.889131 10 42.093 -5.106062 10 43.60425 -6.13 1.22 41.22
3 16 -5.889131 10 42.093 -5.774247 2.391771 42.39177 -6.13 1.22 41.22
5 24 -6.13 1.22 41.22 -5.889131 10 42.093 -5.774247 2.391771 42.39177 -6.23543 10 40.42652
3 16 -5.889131 10 42.093 -6.13 1.22 41.22 -6.23543 10 40.42652
5 24 -6.13 1.22 41.22 -6.23543 10 40.42652 -5.889131 10 42.093 -6.25 0 40
3 16 -6.23543 10 40.42652 -6.13 1.22 41.22 -6.25 0 40
5 24 -6.25 0 40 -6.23543 10 40.42652 -6.13 1.22 41.22 -6.13 1.22 38.78
3 16 -6.23543 10 40.42652 -6.25 0 40 -6.13 1.22 38.78
5 24 -6.13 1.22 38.78 -6.23543 10 40.42652 -6.25 0 40 -6.119276 10 38.7284
3 16 -6.23543 10 40.42652 -6.13 1.22 38.78 -6.119276 10 38.7284
5 24 -6.13 1.22 38.78 -6.119276 10 38.7284 -6.23543 10 40.42652 -5.774247 2.391771 37.60823
3 16 -6.119276 10 38.7284 -6.13 1.22 38.78 -5.774247 2.391771 37.60823
5 24 -5.774247 2.391771 37.60823 -6.119276 10 38.7284 -6.13 1.22 38.78 -5.55 10 37.12
3 16 -6.119276 10 38.7284 -5.774247 2.391771 37.60823 -5.55 10 37.12
5 24 -5.774247 2.391771 37.60823 -5.55 10 37.12 -6.119276 10 38.7284 -5.196685 3.472314 36.52769
3 16 -5.55 10 37.12 -5.774247 2.391771 37.60823 -5.196685 3.472314 36.52769
5 24 -5.196685 3.472314 36.52769 -5.55 10 37.12 -5.774247 2.391771 37.60823 -4.568 10 35.734
3 16 -5.55 10 37.12 -5.196685 3.472314 36.52769 -4.568 10 35.734
5 24 -5.196685 3.472314 36.52769 -4.568 10 35.734 -5.55 10 37.12 -4.419 4.419 35.581
3 16 -4.568 10 35.734 -5.196685 3.472314 36.52769 -4.419 4.419 35.581
5 24 -4.419 4.419 35.581 -4.568 10 35.734 -5.196685 3.472314 36.52769 -3.472 5.197 34.803
4 16 -4.568 10 35.734 -4.419 4.419 35.581 -3.472 5.197 34.803 -3.247 10 34.66
5 24 -3.472 5.197 34.803 -3.247 10 34.66 -4.568 10 35.734 -2.39 5.77 34.23
3 16 -3.247 10 34.66 -3.472 5.197 34.803 -2.39 5.77 34.23
5 24 -2.39 5.77 34.23 -3.247 10 34.66 -3.472 5.197 34.803 -1.68623 10 33.98177
3 16 -3.247 10 34.66 -2.39 5.77 34.23 -1.68623 10 33.98177
5 24 -2.39 5.77 34.23 -1.68623 10 33.98177 -3.247 10 34.66 -1.22 6.13 33.87
3 16 -1.68623 10 33.98177 -2.39 5.77 34.23 -1.22 6.13 33.87
5 24 -1.22 6.13 33.87 -1.68623 10 33.98177 -2.39 5.77 34.23 0 10 33.75
3 16 -1.68623 10 33.98177 -1.22 6.13 33.87 0 10 33.75
5 24 -1.22 6.13 33.87 0 10 33.75 -1.68623 10 33.98177 0 6.25 33.75
3 16 0 10 33.75 -1.22 6.13 33.87 0 6.25 33.75
5 24 0 6.25 33.75 0 10 33.75 -1.22 6.13 33.87 1.22 6.13 33.87
3 16 0 10 33.75 0 6.25 33.75 1.22 6.13 33.87
5 24 1.22 6.13 33.87 0 10 33.75 0 6.25 33.75 1.69 10 33.98
3 16 0 10 33.75 1.22 6.13 33.87 1.69 10 33.98
5 24 1.22 6.13 33.87 1.69 10 33.98 0 10 33.75 2.39 5.77 34.23
3 16 1.69 10 33.98 1.22 6.13 33.87 2.39 5.77 34.23
5 24 2.39 5.77 34.23 1.69 10 33.98 1.22 6.13 33.87 3.247 10 34.66
3 16 1.69 10 33.98 2.39 5.77 34.23 3.247 10 34.66
5 24 2.39 5.77 34.23 3.247 10 34.66 1.69 10 33.98 3.472 5.197 34.803
3 16 3.247 10 34.66 2.39 5.77 34.23 3.472 5.197 34.803
5 24 3.472 5.197 34.803 3.247 10 34.66 2.39 5.77 34.23 4.419 4.419 35.581
4 16 3.247 10 34.66 3.472 5.197 34.803 4.419 4.419 35.581 4.568 10 35.734
5 24 4.419 4.419 35.581 4.568 10 35.734 3.247 10 34.66 5.2 3.47 36.53
3 16 4.568 10 35.734 4.419 4.419 35.581 5.2 3.47 36.53
5 24 5.2 3.47 36.53 4.568 10 35.734 4.419 4.419 35.581 5.55 10 37.12
3 16 4.568 10 35.734 5.2 3.47 36.53 5.55 10 37.12
5 24 5.2 3.47 36.53 5.55 10 37.12 4.568 10 35.734 5.77 2.39 37.61
3 16 5.55 10 37.12 5.2 3.47 36.53 5.77 2.39 37.61
5 24 5.77 2.39 37.61 5.55 10 37.12 5.2 3.47 36.53 6.119276 10 38.7284
3 16 5.55 10 37.12 5.77 2.39 37.61 6.119276 10 38.7284
3 16 -5.2 -3.47 43.47 -4.419417 -4.419417 44.41942 -4.567725 -10 44.26596
5 24 -4.419417 -4.419417 44.41942 -4.567725 -10 44.26596 -5.2 -3.47 43.47 -3.472314 -5.196685 45.19669
5 24 -4.567725 -10 44.26596 -5.2 -3.47 43.47 -4.419417 -4.419417 44.41942 -5.55 -10 42.88
4 16 -4.567725 -10 44.26596 -4.419417 -4.419417 44.41942 -3.472314 -5.196685 45.19669 -3.2474 -10 45.34012
5 24 -3.472314 -5.196685 45.19669 -3.2474 -10 45.34012 -4.567725 -10 44.26596 -2.39 -5.77 45.77
3 16 -3.2474 -10 45.34012 -3.472314 -5.196685 45.19669 -2.39 -5.77 45.77
5 24 -2.39 -5.77 45.77 -3.2474 -10 45.34012 -3.472314 -5.196685 45.19669 -1.68623 -10 46.01823
3 16 -3.2474 -10 45.34012 -2.39 -5.77 45.77 -1.68623 -10 46.01823
5 24 -2.39 -5.77 45.77 -1.68623 -10 46.01823 -3.2474 -10 45.34012 -1.22 -6.13 46.13
3 16 -1.68623 -10 46.01823 -2.39 -5.77 45.77 -1.22 -6.13 46.13
5 24 -1.22 -6.13 46.13 -1.68623 -10 46.01823 -2.39 -5.77 45.77 0 -10 46.25
3 16 -1.68623 -10 46.01823 -1.22 -6.13 46.13 0 -10 46.25
5 24 -1.22 -6.13 46.13 0 -10 46.25 -1.68623 -10 46.01823 0 -6.25 46.25
3 16 0 -10 46.25 -1.22 -6.13 46.13 0 -6.25 46.25
5 24 0 -6.25 46.25 0 -10 46.25 -1.22 -6.13 46.13 1.22 -6.13 46.13
3 16 0 -10 46.25 0 -6.25 46.25 1.22 -6.13 46.13
5 24 1.22 -6.13 46.13 0 -10 46.25 0 -6.25 46.25 1.69 -10 46.02
3 16 -4.567725 -10 44.26596 -5.55 -10 42.88 -5.2 -3.47 43.47
5 24 -5.55 -10 42.88 -5.2 -3.47 43.47 -4.567725 -10 44.26596 -5.77 -2.39 42.39
3 16 -5.2 -3.47 43.47 -5.55 -10 42.88 -5.77 -2.39 42.39
5 24 -5.55 -10 42.88 -5.77 -2.39 42.39 -5.2 -3.47 43.47 -6.119276 -10 41.2716
3 16 -5.55 -10 42.88 -6.119276 -10 41.2716 -5.77 -2.39 42.39
5 24 -6.119276 -10 41.2716 -5.77 -2.39 42.39 -5.55 -10 42.88 -6.13 -1.22 41.22
3 16 -5.77 -2.39 42.39 -6.119276 -10 41.2716 -6.13 -1.22 41.22
5 24 -6.119276 -10 41.2716 -6.13 -1.22 41.22 -5.77 -2.39 42.39 -6.23543 -10 39.57348
3 16 -6.119276 -10 41.2716 -6.23543 -10 39.57348 -6.13 -1.22 41.22
5 24 -6.23543 -10 39.57348 -6.13 -1.22 41.22 -6.119276 -10 41.2716 -6.25 0 40
3 16 -6.13 -1.22 41.22 -6.23543 -10 39.57348 -6.25 0 40
5 24 -6.23543 -10 39.57348 -6.25 0 40 -6.13 -1.22 41.22 -6.13 -1.22 38.78
3 16 -6.25 0 40 -6.23543 -10 39.57348 -6.13 -1.22 38.78
5 24 -6.23543 -10 39.57348 -6.13 -1.22 38.78 -6.25 0 40 -5.89 -10 37.91
3 16 -6.13 -1.22 38.78 -6.23543 -10 39.57348 -5.89 -10 37.91
5 24 -5.89 -10 37.91 -6.13 -1.22 38.78 -6.23543 -10 39.57348 -5.77 -2.39 37.61
3 16 -6.13 -1.22 38.78 -5.89 -10 37.91 -5.77 -2.39 37.61
5 24 -5.89 -10 37.91 -5.77 -2.39 37.61 -6.13 -1.22 38.78 -5.11 -10 36.4
4 16 -5.77 -2.39 37.61 -5.89 -10 37.91 -5.11 -10 36.4 -5.2 -3.47 36.53
5 24 -5.11 -10 36.4 -5.2 -3.47 36.53 -5.77 -2.39 37.61 -4.419417 -4.419417 35.58058
3 16 -5.2 -3.47 36.53 -5.11 -10 36.4 -4.419417 -4.419417 35.58058
5 24 -5.11 -10 36.4 -4.419417 -4.419417 35.58058 -5.2 -3.47 36.53 -3.94 -10 35.15
3 16 -5.11 -10 36.4 -3.94 -10 35.15 -4.419417 -4.419417 35.58058
5 24 -3.94 -10 35.15 -4.419417 -4.419417 35.58058 -5.11 -10 36.4 -3.472314 -5.196685 34.80331
3 16 -4.419417 -4.419417 35.58058 -3.94 -10 35.15 -3.472314 -5.196685 34.80331
5 24 -3.94 -10 35.15 -3.472314 -5.196685 34.80331 -4.419417 -4.419417 35.58058 -2.49 -10 34.27
3 16 -3.94 -10 35.15 -2.49 -10 34.27 -3.472314 -5.196685 34.80331
5 24 -2.49 -10 34.27 -3.472314 -5.196685 34.80331 -3.94 -10 35.15 -2.39 -5.77 34.23
3 16 -3.472314 -5.196685 34.80331 -2.49 -10 34.27 -2.39 -5.77 34.23
5 24 -2.49 -10 34.27 -2.39 -5.77 34.23 -3.472314 -5.196685 34.80331 -1.22 -6.13 33.87
3 16 -2.39 -5.77 34.23 -2.49 -10 34.27 -1.22 -6.13 33.87
5 24 -2.49 -10 34.27 -1.22 -6.13 33.87 -2.39 -5.77 34.23 -0.8510416 -10 33.80821
3 16 -1.22 -6.13 33.87 -2.49 -10 34.27 -0.8510416 -10 33.80821
5 24 -0.8510416 -10 33.80821 -1.22 -6.13 33.87 -2.49 -10 34.27 0 -6.25 33.75
3 16 -1.22 -6.13 33.87 -0.8510416 -10 33.80821 0 -6.25 33.75
5 24 -0.8510416 -10 33.80821 0 -6.25 33.75 -1.22 -6.13 33.87 0.8510416 -10 33.80821
3 16 0 -6.25 33.75 -0.8510416 -10 33.80821 0.8510416 -10 33.80821
5 24 0.8510416 -10 33.80821 0 -6.25 33.75 -0.8510416 -10 33.80821 1.22 -6.13 33.87
3 16 0 -6.25 33.75 0.8510416 -10 33.80821 1.22 -6.13 33.87
5 24 0.8510416 -10 33.80821 1.22 -6.13 33.87 0 -6.25 33.75 2.49 -10 34.27
3 16 1.22 -6.13 33.87 0.8510416 -10 33.80821 2.49 -10 34.27
5 24 2.49 -10 34.27 1.22 -6.13 33.87 0.8510416 -10 33.80821 2.39 -5.77 34.23
3 16 1.22 -6.13 33.87 2.49 -10 34.27 2.39 -5.77 34.23
5 24 2.49 -10 34.27 2.39 -5.77 34.23 1.22 -6.13 33.87 3.472 -5.197 34.803
3 16 2.39 -5.77 34.23 2.49 -10 34.27 3.472 -5.197 34.803
5 24 2.49 -10 34.27 3.472 -5.197 34.803 2.39 -5.77 34.23 3.94 -10 35.15
3 16 2.49 -10 34.27 3.94 -10 35.15 3.472 -5.197 34.803
5 24 3.94 -10 35.15 3.472 -5.197 34.803 2.49 -10 34.27 4.419 -4.419 35.581
3 16 3.472 -5.197 34.803 3.94 -10 35.15 4.419 -4.419 35.581
5 24 3.94 -10 35.15 4.419 -4.419 35.581 3.472 -5.197 34.803 5.11 -10 36.4
3 16 3.94 -10 35.15 5.11 -10 36.4 4.419 -4.419 35.581
5 24 5.11 -10 36.4 4.419 -4.419 35.581 3.94 -10 35.15 5.2 -3.47 36.53
3 16 4.419 -4.419 35.581 5.11 -10 36.4 5.2 -3.47 36.53
5 24 5.11 -10 36.4 5.2 -3.47 36.53 4.419 -4.419 35.581 5.89 -10 37.91
4 16 5.11 -10 36.4 5.89 -10 37.91 5.77 -2.39 37.61 5.2 -3.47 36.53
5 24 5.89 -10 37.91 5.77 -2.39 37.61 5.2 -3.47 36.53 6.13 -1.22 38.78
3 16 5.77 -2.39 37.61 5.89 -10 37.91 6.13 -1.22 38.78
5 24 5.89 -10 37.91 6.13 -1.22 38.78 5.77 -2.39 37.61 6.23543 -10 39.57348
3 16 6.13 -1.22 38.78 5.89 -10 37.91 6.23543 -10 39.57348
5 24 6.23543 -10 39.57348 6.13 -1.22 38.78 5.89 -10 37.91 6.25 0 40
3 16 6.13 -1.22 38.78 6.23543 -10 39.57348 6.25 0 40
5 24 6.23543 -10 39.57348 6.25 0 40 6.13 -1.22 38.78 6.119276 -10 41.2716
3 16 6.25 0 40 6.23543 -10 39.57348 6.119276 -10 41.2716
5 24 6.119276 -10 41.2716 6.25 0 40 6.23543 -10 39.57348 6.13 -1.22 41.22
3 16 6.25 0 40 6.119276 -10 41.2716 6.13 -1.22 41.22
5 24 6.119276 -10 41.2716 6.13 -1.22 41.22 6.25 0 40 5.77 -2.39 42.39
3 16 6.13 -1.22 41.22 6.119276 -10 41.2716 5.77 -2.39 42.39
5 24 6.119276 -10 41.2716 5.77 -2.39 42.39 6.13 -1.22 41.22 5.55 -10 42.88
3 16 6.119276 -10 41.2716 5.55 -10 42.88 5.77 -2.39 42.39
5 24 5.55 -10 42.88 5.77 -2.39 42.39 6.119276 -10 41.2716 5.2 -3.47 43.47
3 16 5.77 -2.39 42.39 5.55 -10 42.88 5.2 -3.47 43.47
5 24 5.55 -10 42.88 5.2 -3.47 43.47 5.77 -2.39 42.39 4.568 -10 44.266
3 16 5.55 -10 42.88 4.568 -10 44.266 5.2 -3.47 43.47
5 24 4.568 -10 44.266 5.2 -3.47 43.47 5.55 -10 42.88 4.419 -4.419 44.419
3 16 5.2 -3.47 43.47 4.568 -10 44.266 4.419 -4.419 44.419
5 24 4.568 -10 44.266 4.419 -4.419 44.419 5.2 -3.47 43.47 3.247 -10 45.34
4 16 4.419 -4.419 44.419 4.568 -10 44.266 3.247 -10 45.34 3.472 -5.197 45.197
5 24 3.247 -10 45.34 3.472 -5.197 45.197 4.419 -4.419 44.419 2.39 -5.77 45.77
3 16 3.472 -5.197 45.197 3.247 -10 45.34 2.39 -5.77 45.77
5 24 3.247 -10 45.34 2.39 -5.77 45.77 3.472 -5.197 45.197 1.69 -10 46.02
3 16 2.39 -5.77 45.77 3.247 -10 45.34 1.69 -10 46.02
5 24 1.69 -10 46.02 2.39 -5.77 45.77 3.247 -10 45.34 1.22 -6.13 46.13
3 16 2.39 -5.77 45.77 1.69 -10 46.02 1.22 -6.13 46.13
5 24 1.69 -10 46.02 1.22 -6.13 46.13 2.39 -5.77 45.77 0 -10 46.25
3 16 1.22 -6.13 46.13 1.69 -10 46.02 0 -10 46.25
4 16 -25 -1.5 -7 -56.25 -1.5 -7 -56.25 -1.5 -10 -25 -1.5 -10
4 16 -17 -6.5 9.875 -17 -6.5 -10 -17 -10 -10 -17 -10 9.875
4 16 -17 -1.5 11.125 -17.75 -2.25 11.125 -17.75 -2.75 11.125 -17 -3.5 11.125
4 16 10 10 30.125 10 10 50 10 -10 50 10 -10 30.125
4 16 -17 10 90 -64.25 10 90 -64.25 -6.5 90 -17 -6.5 90
4 16 -64.25 -1.5 78.5625 -63.5 -2.25 78.5625 -63.5 -2.75 78.5625 -64.25 -3.5 78.5625
4 16 -17 -1.5 63.5625 -17.75 -2.25 63.5625 -17.75 -2.75 63.5625 -17 -3.5 63.5625
4 16 -53.92037 3.75 80.7059 -54.41987 3.75 79.5 -54.41987 7 79.5 -53.92037 7 80.7059
5 24 -54.41987 3.75 79.5 -54.41987 7 79.5 -53.92037 7 80.7059 -55.21447 3.75 78.46447
4 16 -54.41987 3.75 79.5 -55.21447 3.75 78.46447 -55.21447 7 78.46447 -54.41987 7 79.5
5 24 -55.21447 3.75 78.46447 -55.21447 7 78.46447 -54.41987 7 79.5 -56.25 3.75 77.66987
4 16 -55.21447 3.75 78.46447 -56.25 3.75 77.66987 -56.25 7 77.66987 -55.21447 7 78.46447
5 24 -56.25 3.75 77.66987 -56.25 7 77.66987 -55.21447 7 78.46447 -57.4559 3.75 77.17037
4 16 -56.25 3.75 77.66987 -57.4559 3.75 77.17037 -57.4559 7 77.17037 -56.25 7 77.66987
