0 BB Bitbeam Sensor Joystick - PCB
0 Name: bb-sen-jstck-02.dat
0 Author: Tomas Feltl (e-Mole.cz)
0 !LDRAW_ORG Unofficial_Part
0 !LICENSE Redistributable under CCAL version 2.0 : see CAreadme.txt

0 BFC CERTIFY CCW

0 // Created with stl2dat conversion tool

3 16 50.31 -37.1 58.65 65.5 -37.1 40 50.5 -37.1 60
2 24 50.5 -37.1 60 50.31 -37.1 58.65
4 16 50.5 -37.1 60 65.5 -37.1 40 65.5 -37.1 80 50.31 -37.1 61.35
2 24 65.5 -37.1 80 65.5 -37.1 40
2 24 50.31 -37.1 61.35 50.5 -37.1 60
3 16 50.31 -37.1 61.35 65.5 -37.1 80 49.77 -37.1 62.6
2 24 49.77 -37.1 62.6 50.31 -37.1 61.35
3 16 50.31 -37.1 58.65 49.77 -37.1 57.4 65.5 -37.1 40
2 24 50.31 -37.1 58.65 49.77 -37.1 57.4
3 16 65.5 -37.1 40 49.77 -37.1 57.4 48.91 -37.1 56.35
2 24 49.77 -37.1 57.4 48.91 -37.1 56.35
3 16 65.5 -37.1 40 48.91 -37.1 56.35 47.8 -37.1 55.56
2 24 48.91 -37.1 56.35 47.8 -37.1 55.56
3 16 47.8 -37.1 55.56 46.52 -37.1 55.1 65.5 -37.1 40
2 24 47.8 -37.1 55.56 46.52 -37.1 55.1
3 16 65.5 -37.1 40 46.52 -37.1 55.1 45.16 -37.1 55.01
2 24 46.52 -37.1 55.1 45.16 -37.1 55.01
4 16 65.5 -37.1 40 45.16 -37.1 55.01 43.83 -37.1 55.29 25.5 -37.1 40
2 24 45.16 -37.1 55.01 43.83 -37.1 55.29
2 24 65.5 -37.1 40 25.5 -37.1 40
3 16 25.5 -37.1 40 43.83 -37.1 55.29 42.62 -37.1 55.92
2 24 43.83 -37.1 55.29 42.62 -37.1 55.92
3 16 42.62 -37.1 55.92 41.62 -37.1 56.84 25.5 -37.1 40
2 24 42.62 -37.1 55.92 41.62 -37.1 56.84
3 16 25.5 -37.1 40 41.62 -37.1 56.84 40.91 -37.1 58.01
2 24 41.62 -37.1 56.84 40.91 -37.1 58.01
3 16 25.5 -37.1 40 40.91 -37.1 58.01 40.55 -37.1 59.32
2 24 40.91 -37.1 58.01 40.55 -37.1 59.32
3 16 40.55 -37.1 59.32 40.55 -37.1 60.68 25.5 -37.1 40
2 24 40.55 -37.1 59.32 40.55 -37.1 60.68
4 16 25.5 -37.1 40 40.55 -37.1 60.68 40.91 -37.1 61.99 25.5 -37.1 80
2 24 40.55 -37.1 60.68 40.91 -37.1 61.99
2 24 25.5 -37.1 80 25.5 -37.1 40
3 16 25.5 -37.1 80 40.91 -37.1 61.99 41.62 -37.1 63.16
2 24 40.91 -37.1 61.99 41.62 -37.1 63.16
3 16 25.5 -37.1 80 41.62 -37.1 63.16 42.62 -37.1 64.08
2 24 41.62 -37.1 63.16 42.62 -37.1 64.08
3 16 42.62 -37.1 64.08 43.83 -37.1 64.71 25.5 -37.1 80
2 24 42.62 -37.1 64.08 43.83 -37.1 64.71
3 16 25.5 -37.1 80 43.83 -37.1 64.71 45.16 -37.1 64.99
2 24 43.83 -37.1 64.71 45.16 -37.1 64.99
4 16 25.5 -37.1 80 45.16 -37.1 64.99 46.52 -37.1 64.9 65.5 -37.1 80
2 24 45.16 -37.1 64.99 46.52 -37.1 64.9
2 24 25.5 -37.1 80 65.5 -37.1 80
3 16 65.5 -37.1 80 46.52 -37.1 64.9 47.8 -37.1 64.44
2 24 46.52 -37.1 64.9 47.8 -37.1 64.44
3 16 47.8 -37.1 64.44 48.91 -37.1 63.65 65.5 -37.1 80
2 24 47.8 -37.1 64.44 48.91 -37.1 63.65
3 16 65.5 -37.1 80 48.91 -37.1 63.65 49.77 -37.1 62.6
2 24 48.91 -37.1 63.65 49.77 -37.1 62.6

4 16 13 -5.85 16.25 29.56 -5.85 16.25 29.56 -5.85 22.62 25.5 -5.85 40
2 24 29.56 -5.85 16.25 13 -5.85 16.25
2 24 29.56 -5.85 22.62 29.56 -5.85 16.25
4 16 25.5 -5.85 40 29.56 -5.85 22.62 61.44 -5.85 22.62 65.5 -5.85 40
2 24 61.44 -5.85 22.62 29.56 -5.85 22.62
2 24 65.5 -5.85 40 25.5 -5.85 40
4 16 65.5 -5.85 40 61.44 -5.85 22.62 61.44 -5.85 16.25 78 -5.85 16.25
2 24 61.44 -5.85 16.25 61.44 -5.85 22.62
2 24 78 -5.85 16.25 61.44 -5.85 16.25
4 16 65.5 -5.85 40 78 -5.85 16.25 78 -5.85 103.75 65.5 -5.85 80
2 24 78 -5.85 103.75 78 -5.85 16.25
2 24 65.5 -5.85 40 65.5 -5.85 80
4 16 65.5 -5.85 80 78 -5.85 103.75 13 -5.85 103.75 25.5 -5.85 80
2 24 13 -5.85 103.75 78 -5.85 103.75
2 24 65.5 -5.85 80 25.5 -5.85 80
4 16 25.5 -5.85 40 25.5 -5.85 80 13 -5.85 103.75 13 -5.85 16.25
2 24 25.5 -5.85 40 25.5 -5.85 80
2 24 13 -5.85 16.25 13 -5.85 103.75

4 16 46.52 -55.85 64.9 45.16 -55.85 64.99 43.83 -55.85 64.71 47.8 -55.85 64.44
2 24 46.52 -55.85 64.9 45.16 -55.85 64.99
2 24 45.16 -55.85 64.99 43.83 -55.85 64.71
2 24 47.8 -55.85 64.44 46.52 -55.85 64.9
3 16 47.8 -55.85 64.44 43.83 -55.85 64.71 42.62 -55.85 64.08
2 24 43.83 -55.85 64.71 42.62 -55.85 64.08
4 16 47.8 -55.85 64.44 42.62 -55.85 64.08 41.62 -55.85 63.16 48.91 -55.85 63.65
2 24 42.62 -55.85 64.08 41.62 -55.85 63.16
2 24 48.91 -55.85 63.65 47.8 -55.85 64.44
4 16 48.91 -55.85 63.65 41.62 -55.85 63.16 40.91 -55.85 61.99 49.77 -55.85 62.6
2 24 41.62 -55.85 63.16 40.91 -55.85 61.99
2 24 49.77 -55.85 62.6 48.91 -55.85 63.65
4 16 49.77 -55.85 62.6 40.91 -55.85 61.99 40.55 -55.85 60.68 50.31 -55.85 61.35
2 24 40.91 -55.85 61.99 40.55 -55.85 60.68
2 24 50.31 -55.85 61.35 49.77 -55.85 62.6
4 16 50.31 -55.85 61.35 40.55 -55.85 60.68 40.55 -55.85 59.32 50.5 -55.85 60
2 24 40.55 -55.85 60.68 40.55 -55.85 59.32
2 24 50.5 -55.85 60 50.31 -55.85 61.35
4 16 50.5 -55.85 60 40.55 -55.85 59.32 40.91 -55.85 58.01 50.31 -55.85 58.65
2 24 40.55 -55.85 59.32 40.91 -55.85 58.01
2 24 50.31 -55.85 58.65 50.5 -55.85 60
4 16 50.31 -55.85 58.65 40.91 -55.85 58.01 41.62 -55.85 56.84 49.77 -55.85 57.4
2 24 40.91 -55.85 58.01 41.62 -55.85 56.84
2 24 49.77 -55.85 57.4 50.31 -55.85 58.65
4 16 49.77 -55.85 57.4 41.62 -55.85 56.84 42.62 -55.85 55.92 48.91 -55.85 56.35
2 24 41.62 -55.85 56.84 42.62 -55.85 55.92
2 24 48.91 -55.85 56.35 49.77 -55.85 57.4
4 16 48.91 -55.85 56.35 42.62 -55.85 55.92 43.83 -55.85 55.29 47.8 -55.85 55.56
2 24 42.62 -55.85 55.92 43.83 -55.85 55.29
2 24 47.8 -55.85 55.56 48.91 -55.85 56.35
4 16 47.8 -55.85 55.56 43.83 -55.85 55.29 45.16 -55.85 55.01 46.52 -55.85 55.1
2 24 43.83 -55.85 55.29 45.16 -55.85 55.01
2 24 45.16 -55.85 55.01 46.52 -55.85 55.1
2 24 46.52 -55.85 55.1 47.8 -55.85 55.56

4 16 61.44 -12.23 16.25 29.56 -12.23 16.25 29.56 -5.85 16.25 61.44 -5.85 16.25
2 24 29.56 -12.23 16.25 61.44 -12.23 16.25
2 24 29.56 -5.85 16.25 29.56 -12.23 16.25
2 24 61.44 -12.23 16.25 61.44 -5.85 16.25
3 16 61.44 -5.85 16.25 29.56 -5.85 16.25 13 -4.25 16.25
3 16 13 -4.25 16.25 29.56 -5.85 16.25 13 -5.85 16.25
2 24 13 -4.25 16.25 13 -5.85 16.25
3 16 13 -4.25 16.25 78 -4.25 16.25 61.44 -5.85 16.25
2 24 78 -4.25 16.25 13 -4.25 16.25
3 16 61.44 -5.85 16.25 78 -4.25 16.25 78 -5.85 16.25
2 24 78 -5.85 16.25 78 -4.25 16.25

4 16 78 -4.25 16.25 13 -4.25 16.25 13 -4.25 103.75 78 -4.25 103.75
2 24 13 -4.25 16.25 13 -4.25 103.75
2 24 13 -4.25 103.75 78 -4.25 103.75
2 24 78 -4.25 103.75 78 -4.25 16.25
4 16 78 -5.85 103.75 78 -5.85 16.25 78 -4.25 16.25 78 -4.25 103.75
2 24 78 -4.25 103.75 78 -5.85 103.75
4 16 13 -5.85 103.75 78 -5.85 103.75 78 -4.25 103.75 13 -4.25 103.75
2 24 13 -4.25 103.75 13 -5.85 103.75
4 16 13 -5.85 16.25 13 -5.85 103.75 13 -4.25 103.75 13 -4.25 16.25
4 16 61.44 -12.23 22.62 61.44 -5.85 22.62 29.56 -5.85 22.62 29.56 -12.23 22.62
2 24 61.44 -12.23 22.62 61.44 -5.85 22.62
2 24 29.56 -5.85 22.62 29.56 -12.23 22.62
2 24 29.56 -12.23 22.62 61.44 -12.23 22.62
4 16 29.56 -12.23 22.62 29.56 -5.85 22.62 29.56 -5.85 16.25 29.56 -12.23 16.25
2 24 29.56 -12.23 16.25 29.56 -12.23 22.62
4 16 61.44 -12.23 16.25 61.44 -5.85 16.25 61.44 -5.85 22.62 61.44 -12.23 22.62
2 24 61.44 -12.23 22.62 61.44 -12.23 16.25
4 16 29.56 -12.23 16.25 61.44 -12.23 16.25 61.44 -12.23 22.62 29.56 -12.23 22.62
4 16 65.5 -37.1 40 65.5 -5.85 40 65.5 -5.85 80 65.5 -37.1 80
2 24 65.5 -37.1 40 65.5 -5.85 40
2 24 65.5 -5.85 80 65.5 -37.1 80
4 16 65.5 -37.1 80 65.5 -5.85 80 25.5 -5.85 80 25.5 -37.1 80
2 24 25.5 -5.85 80 25.5 -37.1 80
4 16 25.5 -37.1 40 25.5 -5.85 40 65.5 -5.85 40 65.5 -37.1 40
2 24 25.5 -37.1 40 25.5 -5.85 40
4 16 25.5 -37.1 80 25.5 -5.85 80 25.5 -5.85 40 25.5 -37.1 40
4 16 40.55 -55.85 59.32 40.55 -55.85 60.68 40.55 -37.1 60.68 40.55 -37.1 59.32
5 24 40.55 -55.85 60.68 40.55 -37.1 60.68 40.55 -37.1 59.32 40.91 -55.85 61.99
5 24 40.55 -55.85 59.32 40.55 -37.1 59.32 40.91 -37.1 58.01 40.55 -55.85 60.68
4 16 40.55 -37.1 60.68 40.55 -55.85 60.68 40.91 -55.85 61.99 40.91 -37.1 61.99
5 24 40.91 -55.85 61.99 40.91 -37.1 61.99 40.55 -37.1 60.68 41.62 -55.85 63.16
4 16 40.91 -37.1 61.99 40.91 -55.85 61.99 41.62 -55.85 63.16 41.62 -37.1 63.16
5 24 41.62 -55.85 63.16 41.62 -37.1 63.16 40.91 -37.1 61.99 42.62 -55.85 64.08
4 16 41.62 -37.1 63.16 41.62 -55.85 63.16 42.62 -55.85 64.08 42.62 -37.1 64.08
5 24 42.62 -55.85 64.08 42.62 -37.1 64.08 41.62 -37.1 63.16 43.83 -55.85 64.71
4 16 42.62 -37.1 64.08 42.62 -55.85 64.08 43.83 -55.85 64.71 43.83 -37.1 64.71
5 24 43.83 -55.85 64.71 43.83 -37.1 64.71 42.62 -37.1 64.08 45.16 -55.85 64.99
4 16 43.83 -37.1 64.71 43.83 -55.85 64.71 45.16 -55.85 64.99 45.16 -37.1 64.99
5 24 45.16 -55.85 64.99 45.16 -37.1 64.99 43.83 -37.1 64.71 46.52 -55.85 64.9
4 16 45.16 -37.1 64.99 45.16 -55.85 64.99 46.52 -55.85 64.9 46.52 -37.1 64.9
5 24 46.52 -55.85 64.9 46.52 -37.1 64.9 45.16 -37.1 64.99 47.8 -55.85 64.44
4 16 46.52 -37.1 64.9 46.52 -55.85 64.9 47.8 -55.85 64.44 47.8 -37.1 64.44
5 24 47.8 -55.85 64.44 47.8 -37.1 64.44 46.52 -37.1 64.9 48.91 -55.85 63.65
4 16 47.8 -37.1 64.44 47.8 -55.85 64.44 48.91 -55.85 63.65 48.91 -37.1 63.65
5 24 48.91 -55.85 63.65 48.91 -37.1 63.65 47.8 -37.1 64.44 49.77 -55.85 62.6
4 16 48.91 -37.1 63.65 48.91 -55.85 63.65 49.77 -55.85 62.6 49.77 -37.1 62.6
5 24 49.77 -55.85 62.6 49.77 -37.1 62.6 48.91 -37.1 63.65 50.31 -55.85 61.35
4 16 49.77 -37.1 62.6 49.77 -55.85 62.6 50.31 -55.85 61.35 50.31 -37.1 61.35
5 24 50.31 -55.85 61.35 50.31 -37.1 61.35 49.77 -37.1 62.6 50.5 -55.85 60
4 16 50.31 -37.1 61.35 50.31 -55.85 61.35 50.5 -55.85 60 50.5 -37.1 60
5 24 50.5 -55.85 60 50.5 -37.1 60 50.31 -37.1 61.35 50.31 -55.85 58.65
4 16 50.5 -37.1 60 50.5 -55.85 60 50.31 -55.85 58.65 50.31 -37.1 58.65
5 24 50.31 -55.85 58.65 50.31 -37.1 58.65 50.5 -37.1 60 49.77 -55.85 57.4
4 16 50.31 -37.1 58.65 50.31 -55.85 58.65 49.77 -55.85 57.4 49.77 -37.1 57.4
5 24 49.77 -55.85 57.4 49.77 -37.1 57.4 50.31 -37.1 58.65 48.91 -55.85 56.35
4 16 49.77 -37.1 57.4 49.77 -55.85 57.4 48.91 -55.85 56.35 48.91 -37.1 56.35
5 24 48.91 -55.85 56.35 48.91 -37.1 56.35 49.77 -37.1 57.4 47.8 -55.85 55.56
4 16 48.91 -37.1 56.35 48.91 -55.85 56.35 47.8 -55.85 55.56 47.8 -37.1 55.56
5 24 47.8 -55.85 55.56 47.8 -37.1 55.56 48.91 -37.1 56.35 46.52 -55.85 55.1
4 16 47.8 -37.1 55.56 47.8 -55.85 55.56 46.52 -55.85 55.1 46.52 -37.1 55.1
5 24 46.52 -55.85 55.1 46.52 -37.1 55.1 47.8 -37.1 55.56 45.16 -55.85 55.01
4 16 46.52 -37.1 55.1 46.52 -55.85 55.1 45.16 -55.85 55.01 45.16 -37.1 55.01
5 24 45.16 -55.85 55.01 45.16 -37.1 55.01 46.52 -37.1 55.1 43.83 -55.85 55.29
4 16 45.16 -37.1 55.01 45.16 -55.85 55.01 43.83 -55.85 55.29 43.83 -37.1 55.29
5 24 43.83 -55.85 55.29 43.83 -37.1 55.29 45.16 -37.1 55.01 42.62 -55.85 55.92
4 16 43.83 -37.1 55.29 43.83 -55.85 55.29 42.62 -55.85 55.92 42.62 -37.1 55.92
5 24 42.62 -55.85 55.92 42.62 -37.1 55.92 43.83 -37.1 55.29 41.62 -55.85 56.84
4 16 42.62 -37.1 55.92 42.62 -55.85 55.92 41.62 -55.85 56.84 41.62 -37.1 56.84
5 24 41.62 -55.85 56.84 41.62 -37.1 56.84 42.62 -37.1 55.92 40.91 -55.85 58.01
4 16 41.62 -37.1 56.84 41.62 -55.85 56.84 40.91 -55.85 58.01 40.91 -37.1 58.01
5 24 40.91 -55.85 58.01 40.91 -37.1 58.01 41.62 -37.1 56.84 40.55 -55.85 59.32
4 16 40.91 -37.1 58.01 40.91 -55.85 58.01 40.55 -55.85 59.32 40.55 -37.1 59.32
