0 Bitbeam screw M4 nut
0 Name: bb-sc-M4n.dat
0 Author: Tomas Feltl (e-Mole.cz)
0 !LDRAW_ORG Unofficial_Part
0 !LICENSE Redistributable under CCAL version 2.0 : see CAreadme.txt

0 BFC CERTIFY CCW

0 // Created with stl2dat conversion tool

3 9 -4.9 0.63 32.5 -4.94 0 32.5 -10.04 0 32.5
2 24 -4.9 0.63 32.5 -4.94 0 32.5
3 9 -10.04 0 32.5 -4.94 0 32.5 -4.9 -0.63 32.5
2 24 -4.94 0 32.5 -4.9 -0.63 32.5
3 9 -10.04 0 32.5 -4.9 -0.63 32.5 -4.78 -1.24 32.5
2 24 -4.9 -0.63 32.5 -4.78 -1.24 32.5
3 9 -4.78 -1.24 32.5 -4.59 -1.84 32.5 -10.04 0 32.5
2 24 -4.78 -1.24 32.5 -4.59 -1.84 32.5
3 9 -10.04 0 32.5 -4.59 -1.84 32.5 -4.32 -2.41 32.5
2 24 -4.59 -1.84 32.5 -4.32 -2.41 32.5
4 9 -10.04 0 32.5 -4.32 -2.41 32.5 -3.98 -2.94 32.5 -4.99 -8.75 32.5
2 24 -4.32 -2.41 32.5 -3.98 -2.94 32.5
2 24 -10.04 0 32.5 -4.99 -8.75 32.5
3 9 -4.99 -8.75 32.5 -3.98 -2.94 32.5 -3.58 -3.42 32.5
2 24 -3.98 -2.94 32.5 -3.58 -3.42 32.5
3 9 -3.58 -3.42 32.5 -3.12 -3.85 32.5 -4.99 -8.75 32.5
2 24 -3.58 -3.42 32.5 -3.12 -3.85 32.5
3 9 -4.99 -8.75 32.5 -3.12 -3.85 32.5 -2.62 -4.22 32.5
2 24 -3.12 -3.85 32.5 -2.62 -4.22 32.5
3 9 -4.99 -8.75 32.5 -2.62 -4.22 32.5 -2.07 -4.52 32.5
2 24 -2.62 -4.22 32.5 -2.07 -4.52 32.5
3 9 -2.07 -4.52 32.5 -1.48 -4.76 32.5 -4.99 -8.75 32.5
2 24 -2.07 -4.52 32.5 -1.48 -4.76 32.5
3 9 -4.99 -8.75 32.5 -1.48 -4.76 32.5 -0.87 -4.91 32.5
2 24 -1.48 -4.76 32.5 -0.87 -4.91 32.5
3 9 -4.99 -8.75 32.5 -0.87 -4.91 32.5 -0.25 -4.99 32.5
2 24 -0.87 -4.91 32.5 -0.25 -4.99 32.5
3 9 -0.25 -4.99 32.5 0.38 -4.99 32.5 -4.99 -8.75 32.5
2 24 -0.25 -4.99 32.5 0.38 -4.99 32.5
4 9 -4.99 -8.75 32.5 0.38 -4.99 32.5 1 -4.91 32.5 5.11 -8.75 32.5
2 24 0.38 -4.99 32.5 1 -4.91 32.5
2 24 -4.99 -8.75 32.5 5.11 -8.75 32.5
3 9 5.11 -8.75 32.5 1 -4.91 32.5 1.61 -4.76 32.5
2 24 1 -4.91 32.5 1.61 -4.76 32.5
3 9 5.11 -8.75 32.5 1.61 -4.76 32.5 2.19 -4.52 32.5
2 24 1.61 -4.76 32.5 2.19 -4.52 32.5
3 9 2.19 -4.52 32.5 2.74 -4.22 32.5 5.11 -8.75 32.5
2 24 2.19 -4.52 32.5 2.74 -4.22 32.5
3 9 5.11 -8.75 32.5 2.74 -4.22 32.5 3.25 -3.85 32.5
2 24 2.74 -4.22 32.5 3.25 -3.85 32.5
3 9 5.11 -8.75 32.5 3.25 -3.85 32.5 3.71 -3.42 32.5
2 24 3.25 -3.85 32.5 3.71 -3.42 32.5
3 9 3.71 -3.42 32.5 4.11 -2.94 32.5 5.11 -8.75 32.5
2 24 3.71 -3.42 32.5 4.11 -2.94 32.5
3 9 5.11 -8.75 32.5 4.11 -2.94 32.5 4.44 -2.41 32.5
2 24 4.11 -2.94 32.5 4.44 -2.41 32.5
4 9 5.11 -8.75 32.5 4.44 -2.41 32.5 4.71 -1.84 32.5 10.17 0 32.5
2 24 4.44 -2.41 32.5 4.71 -1.84 32.5
2 24 5.11 -8.75 32.5 10.17 0 32.5
3 9 10.17 0 32.5 4.71 -1.84 32.5 4.91 -1.24 32.5
2 24 4.71 -1.84 32.5 4.91 -1.24 32.5
3 9 4.91 -1.24 32.5 5.02 -0.63 32.5 10.17 0 32.5
2 24 4.91 -1.24 32.5 5.02 -0.63 32.5
3 9 10.17 0 32.5 5.02 -0.63 32.5 5.06 0 32.5
2 24 5.02 -0.63 32.5 5.06 0 32.5
3 9 10.17 0 32.5 5.06 0 32.5 5.02 0.63 32.5
2 24 5.06 0 32.5 5.02 0.63 32.5
3 9 5.02 0.63 32.5 4.91 1.24 32.5 10.17 0 32.5
2 24 5.02 0.63 32.5 4.91 1.24 32.5
3 9 10.17 0 32.5 4.91 1.24 32.5 4.71 1.84 32.5
2 24 4.91 1.24 32.5 4.71 1.84 32.5
3 9 10.17 0 32.5 4.71 1.84 32.5 4.44 2.41 32.5
2 24 4.71 1.84 32.5 4.44 2.41 32.5
4 9 10.17 0 32.5 4.44 2.41 32.5 4.11 2.94 32.5 5.11 8.75 32.5
2 24 4.44 2.41 32.5 4.11 2.94 32.5
2 24 10.17 0 32.5 5.11 8.75 32.5
3 9 5.11 8.75 32.5 4.11 2.94 32.5 3.71 3.42 32.5
2 24 4.11 2.94 32.5 3.71 3.42 32.5
3 9 3.71 3.42 32.5 3.25 3.85 32.5 5.11 8.75 32.5
2 24 3.71 3.42 32.5 3.25 3.85 32.5
3 9 5.11 8.75 32.5 3.25 3.85 32.5 2.74 4.22 32.5
2 24 3.25 3.85 32.5 2.74 4.22 32.5
3 9 5.11 8.75 32.5 2.74 4.22 32.5 2.19 4.52 32.5
2 24 2.74 4.22 32.5 2.19 4.52 32.5
3 9 2.19 4.52 32.5 1.61 4.76 32.5 5.11 8.75 32.5
2 24 2.19 4.52 32.5 1.61 4.76 32.5
3 9 5.11 8.75 32.5 1.61 4.76 32.5 1 4.91 32.5
2 24 1.61 4.76 32.5 1 4.91 32.5
3 9 5.11 8.75 32.5 1 4.91 32.5 0.38 4.99 32.5
2 24 1 4.91 32.5 0.38 4.99 32.5
3 9 0.38 4.99 32.5 -0.25 4.99 32.5 5.11 8.75 32.5
2 24 0.38 4.99 32.5 -0.25 4.99 32.5
4 9 5.11 8.75 32.5 -0.25 4.99 32.5 -0.87 4.91 32.5 -4.99 8.75 32.5
2 24 -0.25 4.99 32.5 -0.87 4.91 32.5
2 24 5.11 8.75 32.5 -4.99 8.75 32.5
3 9 -4.99 8.75 32.5 -0.87 4.91 32.5 -1.48 4.76 32.5
2 24 -0.87 4.91 32.5 -1.48 4.76 32.5
3 9 -4.99 8.75 32.5 -1.48 4.76 32.5 -2.07 4.52 32.5
2 24 -1.48 4.76 32.5 -2.07 4.52 32.5
3 9 -2.07 4.52 32.5 -2.62 4.22 32.5 -4.99 8.75 32.5
2 24 -2.07 4.52 32.5 -2.62 4.22 32.5
3 9 -4.99 8.75 32.5 -2.62 4.22 32.5 -3.12 3.85 32.5
2 24 -2.62 4.22 32.5 -3.12 3.85 32.5
3 9 -4.99 8.75 32.5 -3.12 3.85 32.5 -3.58 3.42 32.5
2 24 -3.12 3.85 32.5 -3.58 3.42 32.5
3 9 -3.58 3.42 32.5 -3.98 2.94 32.5 -4.99 8.75 32.5
2 24 -3.58 3.42 32.5 -3.98 2.94 32.5
3 9 -4.99 8.75 32.5 -3.98 2.94 32.5 -4.32 2.41 32.5
2 24 -3.98 2.94 32.5 -4.32 2.41 32.5
4 9 -4.99 8.75 32.5 -4.32 2.41 32.5 -4.59 1.84 32.5 -10.04 0 32.5
2 24 -4.32 2.41 32.5 -4.59 1.84 32.5
2 24 -4.99 8.75 32.5 -10.04 0 32.5
3 9 -10.04 0 32.5 -4.59 1.84 32.5 -4.78 1.24 32.5
2 24 -4.59 1.84 32.5 -4.78 1.24 32.5
3 9 -4.78 1.24 32.5 -4.9 0.63 32.5 -10.04 0 32.5
2 24 -4.78 1.24 32.5 -4.9 0.63 32.5

3 9 -4.9 -0.63 40 -4.94 0 40 -10.04 0 40
2 24 -4.9 -0.63 40 -4.94 0 40
3 9 -10.04 0 40 -4.94 0 40 -4.9 0.63 40
2 24 -4.94 0 40 -4.9 0.63 40
3 9 -10.04 0 40 -4.9 0.63 40 -4.78 1.24 40
2 24 -4.9 0.63 40 -4.78 1.24 40
3 9 -4.78 1.24 40 -4.59 1.84 40 -10.04 0 40
2 24 -4.78 1.24 40 -4.59 1.84 40
3 9 -10.04 0 40 -4.59 1.84 40 -4.32 2.41 40
2 24 -4.59 1.84 40 -4.32 2.41 40
4 9 -10.04 0 40 -4.32 2.41 40 -3.98 2.94 40 -4.99 8.75 40
2 24 -4.32 2.41 40 -3.98 2.94 40
2 24 -10.04 0 40 -4.99 8.75 40
3 9 -4.99 8.75 40 -3.98 2.94 40 -3.58 3.42 40
2 24 -3.98 2.94 40 -3.58 3.42 40
3 9 -3.58 3.42 40 -3.12 3.85 40 -4.99 8.75 40
2 24 -3.58 3.42 40 -3.12 3.85 40
3 9 -4.99 8.75 40 -3.12 3.85 40 -2.62 4.22 40
2 24 -3.12 3.85 40 -2.62 4.22 40
3 9 -4.99 8.75 40 -2.62 4.22 40 -2.07 4.52 40
2 24 -2.62 4.22 40 -2.07 4.52 40
3 9 -2.07 4.52 40 -1.48 4.76 40 -4.99 8.75 40
2 24 -2.07 4.52 40 -1.48 4.76 40
3 9 -4.99 8.75 40 -1.48 4.76 40 -0.87 4.91 40
2 24 -1.48 4.76 40 -0.87 4.91 40
3 9 -4.99 8.75 40 -0.87 4.91 40 -0.25 4.99 40
2 24 -0.87 4.91 40 -0.25 4.99 40
3 9 -0.25 4.99 40 0.38 4.99 40 -4.99 8.75 40
2 24 -0.25 4.99 40 0.38 4.99 40
4 9 -4.99 8.75 40 0.38 4.99 40 1 4.91 40 5.11 8.75 40
2 24 0.38 4.99 40 1 4.91 40
2 24 -4.99 8.75 40 5.11 8.75 40
3 9 5.11 8.75 40 1 4.91 40 1.61 4.76 40
2 24 1 4.91 40 1.61 4.76 40
3 9 5.11 8.75 40 1.61 4.76 40 2.19 4.52 40
2 24 1.61 4.76 40 2.19 4.52 40
3 9 2.19 4.52 40 2.74 4.22 40 5.11 8.75 40
2 24 2.19 4.52 40 2.74 4.22 40
3 9 5.11 8.75 40 2.74 4.22 40 3.25 3.85 40
2 24 2.74 4.22 40 3.25 3.85 40
3 9 5.11 8.75 40 3.25 3.85 40 3.71 3.42 40
2 24 3.25 3.85 40 3.71 3.42 40
3 9 3.71 3.42 40 4.11 2.94 40 5.11 8.75 40
2 24 3.71 3.42 40 4.11 2.94 40
3 9 5.11 8.75 40 4.11 2.94 40 4.44 2.41 40
2 24 4.11 2.94 40 4.44 2.41 40
4 9 5.11 8.75 40 4.44 2.41 40 4.71 1.84 40 10.17 0 40
2 24 4.44 2.41 40 4.71 1.84 40
2 24 5.11 8.75 40 10.17 0 40
3 9 10.17 0 40 4.71 1.84 40 4.91 1.24 40
2 24 4.71 1.84 40 4.91 1.24 40
3 9 4.91 1.24 40 5.02 0.63 40 10.17 0 40
2 24 4.91 1.24 40 5.02 0.63 40
3 9 10.17 0 40 5.02 0.63 40 5.06 0 40
2 24 5.02 0.63 40 5.06 0 40
3 9 10.17 0 40 5.06 0 40 5.02 -0.63 40
2 24 5.06 0 40 5.02 -0.63 40
3 9 5.02 -0.63 40 4.91 -1.24 40 10.17 0 40
2 24 5.02 -0.63 40 4.91 -1.24 40
3 9 10.17 0 40 4.91 -1.24 40 4.71 -1.84 40
2 24 4.91 -1.24 40 4.71 -1.84 40
3 9 10.17 0 40 4.71 -1.84 40 4.44 -2.41 40
2 24 4.71 -1.84 40 4.44 -2.41 40
4 9 10.17 0 40 4.44 -2.41 40 4.11 -2.94 40 5.11 -8.75 40
2 24 4.44 -2.41 40 4.11 -2.94 40
2 24 10.17 0 40 5.11 -8.75 40
3 9 5.11 -8.75 40 4.11 -2.94 40 3.71 -3.42 40
2 24 4.11 -2.94 40 3.71 -3.42 40
3 9 3.71 -3.42 40 3.25 -3.85 40 5.11 -8.75 40
2 24 3.71 -3.42 40 3.25 -3.85 40
3 9 5.11 -8.75 40 3.25 -3.85 40 2.74 -4.22 40
2 24 3.25 -3.85 40 2.74 -4.22 40
3 9 5.11 -8.75 40 2.74 -4.22 40 2.19 -4.52 40
2 24 2.74 -4.22 40 2.19 -4.52 40
3 9 2.19 -4.52 40 1.61 -4.76 40 5.11 -8.75 40
2 24 2.19 -4.52 40 1.61 -4.76 40
3 9 5.11 -8.75 40 1.61 -4.76 40 1 -4.91 40
2 24 1.61 -4.76 40 1 -4.91 40
3 9 5.11 -8.75 40 1 -4.91 40 0.38 -4.99 40
2 24 1 -4.91 40 0.38 -4.99 40
3 9 0.38 -4.99 40 -0.25 -4.99 40 5.11 -8.75 40
2 24 0.38 -4.99 40 -0.25 -4.99 40
4 9 5.11 -8.75 40 -0.25 -4.99 40 -0.87 -4.91 40 -4.99 -8.75 40
2 24 -0.25 -4.99 40 -0.87 -4.91 40
2 24 5.11 -8.75 40 -4.99 -8.75 40
3 9 -4.99 -8.75 40 -0.87 -4.91 40 -1.48 -4.76 40
2 24 -0.87 -4.91 40 -1.48 -4.76 40
3 9 -4.99 -8.75 40 -1.48 -4.76 40 -2.07 -4.52 40
2 24 -1.48 -4.76 40 -2.07 -4.52 40
3 9 -2.07 -4.52 40 -2.62 -4.22 40 -4.99 -8.75 40
2 24 -2.07 -4.52 40 -2.62 -4.22 40
3 9 -4.99 -8.75 40 -2.62 -4.22 40 -3.12 -3.85 40
2 24 -2.62 -4.22 40 -3.12 -3.85 40
3 9 -4.99 -8.75 40 -3.12 -3.85 40 -3.58 -3.42 40
2 24 -3.12 -3.85 40 -3.58 -3.42 40
3 9 -3.58 -3.42 40 -3.98 -2.94 40 -4.99 -8.75 40
2 24 -3.58 -3.42 40 -3.98 -2.94 40
3 9 -4.99 -8.75 40 -3.98 -2.94 40 -4.32 -2.41 40
2 24 -3.98 -2.94 40 -4.32 -2.41 40
4 9 -4.99 -8.75 40 -4.32 -2.41 40 -4.59 -1.84 40 -10.04 0 40
2 24 -4.32 -2.41 40 -4.59 -1.84 40
2 24 -4.99 -8.75 40 -10.04 0 40
3 9 -10.04 0 40 -4.59 -1.84 40 -4.78 -1.24 40
2 24 -4.59 -1.84 40 -4.78 -1.24 40
3 9 -4.78 -1.24 40 -4.9 -0.63 40 -10.04 0 40
2 24 -4.78 -1.24 40 -4.9 -0.63 40

4 9 -4.99 -8.75 40 -10.04 0 40 -10.04 0 32.5 -4.99 -8.75 32.5
2 24 -10.04 0 40 -10.04 0 32.5
2 24 -4.99 -8.75 32.5 -4.99 -8.75 40
4 9 -10.04 0 40 -4.99 8.75 40 -4.99 8.75 32.5 -10.04 0 32.5
2 24 -4.99 8.75 40 -4.99 8.75 32.5
4 9 -4.99 8.75 40 5.11 8.75 40 5.11 8.75 32.5 -4.99 8.75 32.5
2 24 5.11 8.75 40 5.11 8.75 32.5
4 9 5.11 8.75 40 10.17 0 40 10.17 0 32.5 5.11 8.75 32.5
2 24 10.17 0 40 10.17 0 32.5
4 9 10.17 0 40 5.11 -8.75 40 5.11 -8.75 32.5 10.17 0 32.5
2 24 5.11 -8.75 40 5.11 -8.75 32.5
4 9 5.11 -8.75 40 -4.99 -8.75 40 -4.99 -8.75 32.5 5.11 -8.75 32.5
4 9 -4.9 -0.63 40 -4.9 -0.63 32.5 -4.94 0 32.5 -4.94 0 40
5 24 -4.9 -0.63 32.5 -4.9 -0.63 40 -4.78 -1.24 40 -4.94 0 32.5
5 24 -4.94 0 32.5 -4.94 0 40 -4.9 -0.63 40 -4.9 0.63 32.5
4 9 -4.94 0 40 -4.94 0 32.5 -4.9 0.63 32.5 -4.9 0.63 40
5 24 -4.9 0.63 32.5 -4.9 0.63 40 -4.94 0 40 -4.78 1.24 32.5
4 9 -4.9 0.63 40 -4.9 0.63 32.5 -4.78 1.24 32.5 -4.78 1.24 40
5 24 -4.78 1.24 32.5 -4.78 1.24 40 -4.9 0.63 40 -4.59 1.84 32.5
4 9 -4.78 1.24 40 -4.78 1.24 32.5 -4.59 1.84 32.5 -4.59 1.84 40
5 24 -4.59 1.84 32.5 -4.59 1.84 40 -4.78 1.24 40 -4.32 2.41 32.5
4 9 -4.59 1.84 40 -4.59 1.84 32.5 -4.32 2.41 32.5 -4.32 2.41 40
5 24 -4.32 2.41 32.5 -4.32 2.41 40 -4.59 1.84 40 -3.98 2.94 32.5
4 9 -4.32 2.41 40 -4.32 2.41 32.5 -3.98 2.94 32.5 -3.98 2.94 40
5 24 -3.98 2.94 32.5 -3.98 2.94 40 -4.32 2.41 40 -3.58 3.42 32.5
4 9 -3.98 2.94 40 -3.98 2.94 32.5 -3.58 3.42 32.5 -3.58 3.42 40
5 24 -3.58 3.42 32.5 -3.58 3.42 40 -3.98 2.94 40 -3.12 3.85 32.5
4 9 -3.58 3.42 40 -3.58 3.42 32.5 -3.12 3.85 32.5 -3.12 3.85 40
5 24 -3.12 3.85 32.5 -3.12 3.85 40 -3.58 3.42 40 -2.62 4.22 32.5
4 9 -3.12 3.85 40 -3.12 3.85 32.5 -2.62 4.22 32.5 -2.62 4.22 40
5 24 -2.62 4.22 32.5 -2.62 4.22 40 -3.12 3.85 40 -2.07 4.52 32.5
4 9 -2.62 4.22 40 -2.62 4.22 32.5 -2.07 4.52 32.5 -2.07 4.52 40
5 24 -2.07 4.52 32.5 -2.07 4.52 40 -2.62 4.22 40 -1.48 4.76 32.5
4 9 -2.07 4.52 40 -2.07 4.52 32.5 -1.48 4.76 32.5 -1.48 4.76 40
5 24 -1.48 4.76 32.5 -1.48 4.76 40 -2.07 4.52 40 -0.87 4.91 32.5
4 9 -1.48 4.76 40 -1.48 4.76 32.5 -0.87 4.91 32.5 -0.87 4.91 40
5 24 -0.87 4.91 32.5 -0.87 4.91 40 -1.48 4.76 40 -0.25 4.99 32.5
4 9 -0.87 4.91 40 -0.87 4.91 32.5 -0.25 4.99 32.5 -0.25 4.99 40
5 24 -0.25 4.99 32.5 -0.25 4.99 40 -0.87 4.91 40 0.38 4.99 32.5
4 9 -0.25 4.99 40 -0.25 4.99 32.5 0.38 4.99 32.5 0.38 4.99 40
5 24 0.38 4.99 32.5 0.38 4.99 40 -0.25 4.99 40 1 4.91 32.5
4 9 0.38 4.99 40 0.38 4.99 32.5 1 4.91 32.5 1 4.91 40
5 24 1 4.91 32.5 1 4.91 40 0.38 4.99 40 1.61 4.76 32.5
4 9 1 4.91 40 1 4.91 32.5 1.61 4.76 32.5 1.61 4.76 40
5 24 1.61 4.76 32.5 1.61 4.76 40 1 4.91 40 2.19 4.52 32.5
4 9 1.61 4.76 40 1.61 4.76 32.5 2.19 4.52 32.5 2.19 4.52 40
5 24 2.19 4.52 32.5 2.19 4.52 40 1.61 4.76 40 2.74 4.22 32.5
4 9 2.19 4.52 40 2.19 4.52 32.5 2.74 4.22 32.5 2.74 4.22 40
5 24 2.74 4.22 32.5 2.74 4.22 40 2.19 4.52 40 3.25 3.85 32.5
4 9 2.74 4.22 40 2.74 4.22 32.5 3.25 3.85 32.5 3.25 3.85 40
5 24 3.25 3.85 32.5 3.25 3.85 40 2.74 4.22 40 3.71 3.42 32.5
4 9 3.25 3.85 40 3.25 3.85 32.5 3.71 3.42 32.5 3.71 3.42 40
5 24 3.71 3.42 32.5 3.71 3.42 40 3.25 3.85 40 4.11 2.94 32.5
4 9 3.71 3.42 40 3.71 3.42 32.5 4.11 2.94 32.5 4.11 2.94 40
5 24 4.11 2.94 32.5 4.11 2.94 40 3.71 3.42 40 4.44 2.41 32.5
4 9 4.11 2.94 40 4.11 2.94 32.5 4.44 2.41 32.5 4.44 2.41 40
5 24 4.44 2.41 32.5 4.44 2.41 40 4.11 2.94 40 4.71 1.84 32.5
4 9 4.44 2.41 40 4.44 2.41 32.5 4.71 1.84 32.5 4.71 1.84 40
5 24 4.71 1.84 32.5 4.71 1.84 40 4.44 2.41 40 4.91 1.24 32.5
4 9 4.71 1.84 40 4.71 1.84 32.5 4.91 1.24 32.5 4.91 1.24 40
5 24 4.91 1.24 32.5 4.91 1.24 40 4.71 1.84 40 5.02 0.63 32.5
4 9 4.91 1.24 40 4.91 1.24 32.5 5.02 0.63 32.5 5.02 0.63 40
5 24 5.02 0.63 32.5 5.02 0.63 40 4.91 1.24 40 5.06 0 32.5
4 9 5.02 0.63 40 5.02 0.63 32.5 5.06 0 32.5 5.06 0 40
5 24 5.06 0 32.5 5.06 0 40 5.02 0.63 40 5.02 -0.63 32.5
4 9 5.06 0 40 5.06 0 32.5 5.02 -0.63 32.5 5.02 -0.63 40
5 24 5.02 -0.63 32.5 5.02 -0.63 40 5.06 0 40 4.91 -1.24 32.5
4 9 5.02 -0.63 40 5.02 -0.63 32.5 4.91 -1.24 32.5 4.91 -1.24 40
5 24 4.91 -1.24 32.5 4.91 -1.24 40 5.02 -0.63 40 4.71 -1.84 32.5
4 9 4.91 -1.24 40 4.91 -1.24 32.5 4.71 -1.84 32.5 4.71 -1.84 40
5 24 4.71 -1.84 32.5 4.71 -1.84 40 4.91 -1.24 40 4.44 -2.41 32.5
4 9 4.71 -1.84 40 4.71 -1.84 32.5 4.44 -2.41 32.5 4.44 -2.41 40
5 24 4.44 -2.41 32.5 4.44 -2.41 40 4.71 -1.84 40 4.11 -2.94 32.5
4 9 4.44 -2.41 40 4.44 -2.41 32.5 4.11 -2.94 32.5 4.11 -2.94 40
5 24 4.11 -2.94 32.5 4.11 -2.94 40 4.44 -2.41 40 3.71 -3.42 32.5
4 9 4.11 -2.94 40 4.11 -2.94 32.5 3.71 -3.42 32.5 3.71 -3.42 40
5 24 3.71 -3.42 32.5 3.71 -3.42 40 4.11 -2.94 40 3.25 -3.85 32.5
4 9 3.71 -3.42 40 3.71 -3.42 32.5 3.25 -3.85 32.5 3.25 -3.85 40
5 24 3.25 -3.85 32.5 3.25 -3.85 40 3.71 -3.42 40 2.74 -4.22 32.5
4 9 3.25 -3.85 40 3.25 -3.85 32.5 2.74 -4.22 32.5 2.74 -4.22 40
5 24 2.74 -4.22 32.5 2.74 -4.22 40 3.25 -3.85 40 2.19 -4.52 32.5
4 9 2.74 -4.22 40 2.74 -4.22 32.5 2.19 -4.52 32.5 2.19 -4.52 40
5 24 2.19 -4.52 32.5 2.19 -4.52 40 2.74 -4.22 40 1.61 -4.76 32.5
4 9 2.19 -4.52 40 2.19 -4.52 32.5 1.61 -4.76 32.5 1.61 -4.76 40
5 24 1.61 -4.76 32.5 1.61 -4.76 40 2.19 -4.52 40 1 -4.91 32.5
4 9 1.61 -4.76 40 1.61 -4.76 32.5 1 -4.91 32.5 1 -4.91 40
5 24 1 -4.91 32.5 1 -4.91 40 1.61 -4.76 40 0.38 -4.99 32.5
4 9 1 -4.91 40 1 -4.91 32.5 0.38 -4.99 32.5 0.38 -4.99 40
5 24 0.38 -4.99 32.5 0.38 -4.99 40 1 -4.91 40 -0.25 -4.99 32.5
4 9 0.38 -4.99 40 0.38 -4.99 32.5 -0.25 -4.99 32.5 -0.25 -4.99 40
5 24 -0.25 -4.99 32.5 -0.25 -4.99 40 0.38 -4.99 40 -0.87 -4.91 32.5
4 9 -0.25 -4.99 40 -0.25 -4.99 32.5 -0.87 -4.91 32.5 -0.87 -4.91 40
5 24 -0.87 -4.91 32.5 -0.87 -4.91 40 -0.25 -4.99 40 -1.48 -4.76 32.5
4 9 -0.87 -4.91 40 -0.87 -4.91 32.5 -1.48 -4.76 32.5 -1.48 -4.76 40
5 24 -1.48 -4.76 32.5 -1.48 -4.76 40 -0.87 -4.91 40 -2.07 -4.52 32.5
4 9 -1.48 -4.76 40 -1.48 -4.76 32.5 -2.07 -4.52 32.5 -2.07 -4.52 40
5 24 -2.07 -4.52 32.5 -2.07 -4.52 40 -1.48 -4.76 40 -2.62 -4.22 32.5
4 9 -2.07 -4.52 40 -2.07 -4.52 32.5 -2.62 -4.22 32.5 -2.62 -4.22 40
5 24 -2.62 -4.22 32.5 -2.62 -4.22 40 -2.07 -4.52 40 -3.12 -3.85 32.5
4 9 -2.62 -4.22 40 -2.62 -4.22 32.5 -3.12 -3.85 32.5 -3.12 -3.85 40
5 24 -3.12 -3.85 32.5 -3.12 -3.85 40 -2.62 -4.22 40 -3.58 -3.42 32.5
4 9 -3.12 -3.85 40 -3.12 -3.85 32.5 -3.58 -3.42 32.5 -3.58 -3.42 40
5 24 -3.58 -3.42 32.5 -3.58 -3.42 40 -3.12 -3.85 40 -3.98 -2.94 32.5
4 9 -3.58 -3.42 40 -3.58 -3.42 32.5 -3.98 -2.94 32.5 -3.98 -2.94 40
5 24 -3.98 -2.94 32.5 -3.98 -2.94 40 -3.58 -3.42 40 -4.32 -2.41 32.5
4 9 -3.98 -2.94 40 -3.98 -2.94 32.5 -4.32 -2.41 32.5 -4.32 -2.41 40
5 24 -4.32 -2.41 32.5 -4.32 -2.41 40 -3.98 -2.94 40 -4.59 -1.84 32.5
4 9 -4.32 -2.41 40 -4.32 -2.41 32.5 -4.59 -1.84 32.5 -4.59 -1.84 40
5 24 -4.59 -1.84 32.5 -4.59 -1.84 40 -4.32 -2.41 40 -4.78 -1.24 32.5
4 9 -4.59 -1.84 40 -4.59 -1.84 32.5 -4.78 -1.24 32.5 -4.78 -1.24 40
5 24 -4.78 -1.24 32.5 -4.78 -1.24 40 -4.59 -1.84 40 -4.9 -0.63 32.5
4 9 -4.78 -1.24 40 -4.78 -1.24 32.5 -4.9 -0.63 32.5 -4.9 -0.63 40
