0 Bitbeam Servo Small Plate
0 Name: bb-srv_small-p.dat
0 Author: Tomas Feltl (e-Mole.cz)
0 !LDRAW_ORG Unofficial_Part
0 !LICENSE Redistributable under CCAL version 2.0 : see CAreadme.txt

0 ROTATION CENTER 0 0 0 1 "Custom" 
0 ROTATION CONFIG 0 0
0 BFC CERTIFY CCW

0 // Created with stl2dat conversion tool
0 BFC CERTIFY INVERTNEXT
1 16 0 -0.058 0 3.75 0 0 0 -5 0 0 0 -3.75 4-4cyli.dat
1 16 0 -0.058 0 3.75 0 0 0 -1 0 0 0 -3.75 4-4edge.dat
1 16 0 -5.058 0 3.75 0 0 0 -1 0 0 0 -3.75 4-4edge.dat
0 BFC CERTIFY INVERTNEXT
1 16 -14.142 -0.058 14.139 -6.25 0 0 0 -10 0 0 0 6.25 4-4cyli.dat
1 16 -14.142 -0.058 14.139 -6.25 0 0 0 -1 0 0 0 6.25 4-4edge.dat
1 16 -14.142 -10.058 14.139 -6.25 0 0 0 -1 0 0 0 6.25 4-4edge.dat
0 BFC CERTIFY INVERTNEXT
1 16 0 -0.058 -20 0 0 -6.25 0 -10 0 -6.25 0 0 4-4cyli.dat
1 16 0 -0.058 -20 0 0 -6.25 0 -1 0 -6.25 0 0 4-4edge.dat
1 16 0 -10.058 -20 0 0 -6.25 0 -1 0 -6.25 0 0 4-4edge.dat
0 BFC CERTIFY INVERTNEXT
1 16 -28.285 -0.058 28.279 -6.25 0 0 0 -10 0 0 0 6.25 4-4cyli.dat
1 16 -28.285 -0.058 28.279 -6.25 0 0 0 -1 0 0 0 6.25 4-4edge.dat
1 16 -28.285 -10.058 28.279 -6.25 0 0 0 -1 0 0 0 6.25 4-4edge.dat
0 BFC CERTIFY INVERTNEXT
1 16 28.284 -0.058 28.279 0 0 6.25 0 -10 0 6.25 0 0 4-4cyli.dat
1 16 28.284 -0.058 28.279 0 0 6.25 0 -1 0 6.25 0 0 4-4edge.dat
1 16 28.284 -10.058 28.279 0 0 6.25 0 -1 0 6.25 0 0 4-4edge.dat
0 BFC CERTIFY INVERTNEXT
1 16 0 -0.058 -40 0 0 -6.25 0 -10 0 -6.25 0 0 4-4cyli.dat
1 16 0 -0.058 -40 0 0 -6.25 0 -1 0 -6.25 0 0 4-4edge.dat
1 16 0 -10.057 -40 0 0 -6.25 0 -1 0 -6.25 0 0 4-4edge.dat
0 BFC CERTIFY INVERTNEXT
1 16 20 -10.058 0 6.25 0 0 0 10 0 0 0 6.25 4-4cyli.dat
1 16 20 -10.058 0 6.25 0 0 0 1 0 0 0 6.25 4-4edge.dat
1 16 20 -0.058 0 6.25 0 0 0 1 0 0 0 6.25 4-4edge.dat
0 BFC CERTIFY INVERTNEXT
1 16 40 -10.058 0 6.25 0 0 0 10 0 0 0 6.25 4-4cyli.dat
1 16 40 -10.058 0 6.25 0 0 0 1 0 0 0 6.25 4-4edge.dat
1 16 40 -0.058 0 6.25 0 0 0 1 0 0 0 6.25 4-4edge.dat
0 BFC CERTIFY INVERTNEXT
1 16 -20 -10.058 0 6.25 0 0 0 10 0 0 0 6.25 4-4cyli.dat
1 16 -20 -10.058 0 6.25 0 0 0 1 0 0 0 6.25 4-4edge.dat
1 16 -20 -0.058 0 6.25 0 0 0 1 0 0 0 6.25 4-4edge.dat
0 BFC CERTIFY INVERTNEXT
1 16 -40 -10.058 0 6.25 0 0 0 10 0 0 0 6.25 4-4cyli.dat
1 16 -40 -10.058 0 6.25 0 0 0 1 0 0 0 6.25 4-4edge.dat
1 16 -40 -0.058 0 6.25 0 0 0 1 0 0 0 6.25 4-4edge.dat
0 BFC CERTIFY INVERTNEXT
1 16 -28.285 -0.058 -28.285 0 0 -6.25 0 -10 0 -6.25 0 0 4-4cyli.dat
1 16 -28.285 -0.058 -28.285 0 0 -6.25 0 -1 0 -6.25 0 0 4-4edge.dat
1 16 -28.285 -10.058 -28.284 0 0 -6.25 0 -1 0 -6.25 0 0 4-4edge.dat
0 BFC CERTIFY INVERTNEXT
1 16 14.142 -0.058 14.139 0 0 6.25 0 -10 0 6.25 0 0 4-4cyli.dat
1 16 14.142 -0.058 14.139 0 0 6.25 0 -1 0 6.25 0 0 4-4edge.dat
1 16 14.142 -10.058 14.139 0 0 6.25 0 -1 0 6.25 0 0 4-4edge.dat
0 BFC CERTIFY INVERTNEXT
1 16 28.284 -0.058 -28.285 6.25 0 0 0 -10 0 0 0 -6.25 4-4cyli.dat
1 16 28.284 -0.058 -28.285 6.25 0 0 0 -1 0 0 0 -6.25 4-4edge.dat
1 16 28.284 -10.058 -28.284 6.25 0 0 0 -1 0 0 0 -6.25 4-4edge.dat
0 BFC CERTIFY INVERTNEXT
1 16 0 -0.058 39.999 0 0 6.25 0 -10 0 6.25 0 0 4-4cyli.dat
1 16 0 -0.058 39.999 0 0 6.25 0 -1 0 6.25 0 0 4-4edge.dat
1 16 0 -10.058 39.999 0 0 6.25 0 -1 0 6.25 0 0 4-4edge.dat
0 BFC CERTIFY INVERTNEXT
1 16 14.142 -0.058 -14.143 6.25 0 0 0 -10 0 0 0 -6.25 4-4cyli.dat
1 16 14.142 -0.058 -14.143 6.25 0 0 0 -1 0 0 0 -6.25 4-4edge.dat
1 16 14.142 -10.058 -14.143 6.25 0 0 0 -1 0 0 0 -6.25 4-4edge.dat
0 BFC CERTIFY INVERTNEXT
1 16 -14.142 -0.058 -14.143 0 0 -6.25 0 -10 0 -6.25 0 0 4-4cyli.dat
1 16 -14.142 -0.058 -14.143 0 0 -6.25 0 -1 0 -6.25 0 0 4-4edge.dat
1 16 -14.142 -10.058 -14.143 0 0 -6.25 0 -1 0 -6.25 0 0 4-4edge.dat
0 BFC CERTIFY INVERTNEXT
1 16 0 -0.058 19.999 0 0 6.25 0 -10 0 6.25 0 0 4-4cyli.dat
1 16 0 -0.058 19.999 0 0 6.25 0 -1 0 6.25 0 0 4-4edge.dat
1 16 0 -10.058 19.999 0 0 6.25 0 -1 0 6.25 0 0 4-4edge.dat

3 16 -2.884 -10.058 -4.831 -4.034 -10.058 -3.921 -9.724 -10.058 -9.721
2 24 -4.034 -10.058 -3.921 -2.884 -10.058 -4.831
4 16 -9.724 -10.058 -9.721 -4.034 -10.058 -3.921 -4.914 -10.058 -2.741 -11.754 -10.058 -8.371
2 24 -4.914 -10.058 -2.741 -4.034 -10.058 -3.921
4 16 -11.754 -10.058 -8.371 -4.914 -10.058 -2.741 -5.454 -10.058 -1.371 -14.224 -10.058 -2.391
2 24 -5.454 -10.058 -1.371 -4.914 -10.058 -2.741
3 16 -11.754 -10.058 -8.371 -14.224 -10.058 -2.391 -15.584 -10.058 -4.421
4 16 -14.224 -10.058 -2.391 -5.454 -10.058 -1.371 -5.624 -10.058 0.089 -13.754 -10.058 -0.001
2 24 -5.624 -10.058 0.089 -5.454 -10.058 -1.371
4 16 -13.754 -10.058 -0.001 -5.624 -10.058 0.089 -5.414 -10.058 1.539 -14.224 -10.058 2.389
2 24 -5.414 -10.058 1.539 -5.624 -10.058 0.089
4 16 -14.224 -10.058 2.389 -5.414 -10.058 1.539 -4.824 -10.058 2.889 -11.754 -10.058 8.369
2 24 -4.824 -10.058 2.889 -5.414 -10.058 1.539
4 16 -14.224 -10.058 2.389 -11.754 -10.058 8.369 -14.144 -10.058 7.889 -15.584 -10.058 4.419
4 16 -15.584 -10.058 4.419 -14.144 -10.058 7.889 -16.534 -10.058 8.369 -17.604 -10.058 5.769
4 16 -17.604 -10.058 5.769 -16.534 -10.058 8.369 -18.564 -10.058 9.719 -20.004 -10.058 6.249
3 16 -20.004 -10.058 6.249 -18.564 -10.058 9.719 -19.914 -10.058 11.749
4 16 -11.754 -10.058 8.369 -4.824 -10.058 2.889 -3.914 -10.058 4.039 -9.724 -10.058 9.719
2 24 -3.914 -10.058 4.039 -4.824 -10.058 2.889
4 16 -9.724 -10.058 9.719 -3.914 -10.058 4.039 -2.734 -10.058 4.909 -8.364 -10.058 11.749
2 24 -2.734 -10.058 4.909 -3.914 -10.058 4.039
4 16 -8.364 -10.058 11.749 -2.734 -10.058 4.909 -1.374 -10.058 5.459 -2.394 -10.058 14.229
2 24 -1.374 -10.058 5.459 -2.734 -10.058 4.909
4 16 -8.364 -10.058 11.749 -2.394 -10.058 14.229 -4.424 -10.058 15.579 -7.894 -10.058 14.139
4 16 -7.894 -10.058 14.139 -4.424 -10.058 15.579 -5.774 -10.058 17.609 -8.364 -10.058 16.529
4 16 -8.364 -10.058 16.529 -5.774 -10.058 17.609 -6.254 -10.058 19.999 -9.724 -10.058 18.559
4 16 -9.724 -10.058 18.559 -6.254 -10.058 19.999 -5.774 -10.058 22.389 -11.754 -10.058 19.919
4 16 -11.754 -10.058 19.919 -5.774 -10.058 22.389 -4.424 -10.058 24.419 -14.144 -10.058 20.389
4 16 -14.144 -10.058 20.389 -4.424 -10.058 24.419 -22.034 -10.058 28.279 -22.514 -10.058 25.889
3 16 -22.034 -10.058 28.279 -4.424 -10.058 24.419 -4.424 -10.058 35.579
4 16 -22.034 -10.058 28.279 -4.424 -10.058 35.579 -5.774 -10.058 37.609 -22.514 -10.058 30.679
4 16 -22.514 -10.058 30.679 -5.774 -10.058 37.609 -14.784 -10.058 41.709 -16.744 -10.058 40.419
2 24 -16.744 -10.058 40.419 -14.784 -10.058 41.709
4 16 -2.394 -10.058 14.229 -1.374 -10.058 5.459 0.086 -10.058 5.619 -0.004 -10.058 13.749
2 24 0.086 -10.058 5.619 -1.374 -10.058 5.459
4 16 -0.004 -10.058 13.749 0.086 -10.058 5.619 1.536 -10.058 5.409 2.396 -10.058 14.229
2 24 1.536 -10.058 5.409 0.086 -10.058 5.619
4 16 2.396 -10.058 14.229 1.536 -10.058 5.409 2.886 -10.058 4.829 8.366 -10.058 11.749
2 24 2.886 -10.058 4.829 1.536 -10.058 5.409
4 16 2.396 -10.058 14.229 8.366 -10.058 11.749 7.896 -10.058 14.139 4.416 -10.058 15.579
4 16 8.366 -10.058 11.749 2.886 -10.058 4.829 4.036 -10.058 3.919 9.726 -10.058 9.719
2 24 4.036 -10.058 3.919 2.886 -10.058 4.829
4 16 9.726 -10.058 9.719 4.036 -10.058 3.919 4.916 -10.058 2.739 11.746 -10.058 8.369
2 24 4.916 -10.058 2.739 4.036 -10.058 3.919
4 16 11.746 -10.058 8.369 4.916 -10.058 2.739 5.456 -10.058 1.369 14.226 -10.058 2.389
2 24 5.456 -10.058 1.369 4.916 -10.058 2.739
4 16 11.746 -10.058 8.369 14.226 -10.058 2.389 15.576 -10.058 4.419 14.146 -10.058 7.889
4 16 14.226 -10.058 2.389 5.456 -10.058 1.369 5.626 -10.058 -0.091 13.746 -10.058 -0.001
2 24 5.626 -10.058 -0.091 5.456 -10.058 1.369
4 16 13.746 -10.058 -0.001 5.626 -10.058 -0.091 5.406 -10.058 -1.541 14.226 -10.058 -2.391
2 24 5.406 -10.058 -1.541 5.626 -10.058 -0.091
4 16 14.226 -10.058 -2.391 5.406 -10.058 -1.541 4.826 -10.058 -2.891 11.746 -10.058 -8.371
2 24 4.826 -10.058 -2.891 5.406 -10.058 -1.541
4 16 14.226 -10.058 -2.391 11.746 -10.058 -8.371 14.146 -10.058 -7.891 15.576 -10.058 -4.421
4 16 11.746 -10.058 -8.371 4.826 -10.058 -2.891 3.916 -10.058 -4.041 9.726 -10.058 -9.721
2 24 3.916 -10.058 -4.041 4.826 -10.058 -2.891
4 16 9.726 -10.058 -9.721 3.916 -10.058 -4.041 2.736 -10.058 -4.911 8.366 -10.058 -11.751
2 24 2.736 -10.058 -4.911 3.916 -10.058 -4.041
4 16 8.366 -10.058 -11.751 2.736 -10.058 -4.911 1.376 -10.058 -5.451 2.396 -10.058 -14.231
2 24 1.376 -10.058 -5.451 2.736 -10.058 -4.911
4 16 8.366 -10.058 -11.751 2.396 -10.058 -14.231 4.416 -10.058 -15.581 7.896 -10.058 -14.141
4 16 7.896 -10.058 -14.141 4.416 -10.058 -15.581 5.776 -10.058 -17.611 8.366 -10.058 -16.531
4 16 8.366 -10.058 -16.531 5.776 -10.058 -17.611 6.246 -10.058 -20.001 9.726 -10.058 -18.561
4 16 9.726 -10.058 -18.561 6.246 -10.058 -20.001 5.776 -10.058 -22.391 11.746 -10.058 -19.921
4 16 11.746 -10.058 -19.921 5.776 -10.058 -22.391 4.416 -10.058 -24.421 14.146 -10.058 -20.391
4 16 14.146 -10.058 -20.391 4.416 -10.058 -24.421 4.416 -10.058 -35.581 22.036 -10.058 -28.281
4 16 22.036 -10.058 -28.281 4.416 -10.058 -35.581 5.776 -10.058 -37.611 22.506 -10.058 -30.681
4 16 22.506 -10.058 -30.681 5.776 -10.058 -37.611 14.786 -10.058 -41.711 16.746 -10.058 -40.421
2 24 16.746 -10.058 -40.421 14.786 -10.058 -41.711
4 16 2.396 -10.058 -14.231 1.376 -10.058 -5.451 -0.084 -10.058 -5.621 -0.004 -10.058 -13.751
2 24 -0.084 -10.058 -5.621 1.376 -10.058 -5.451
3 16 -0.004 -10.058 -13.751 -0.084 -10.058 -5.621 -1.544 -10.058 -5.411
2 24 -1.544 -10.058 -5.411 -0.084 -10.058 -5.621
4 16 -0.004 -10.058 -13.751 -1.544 -10.058 -5.411 -8.364 -10.058 -11.751 -2.394 -10.058 -14.231
4 16 -2.394 -10.058 -14.231 -8.364 -10.058 -11.751 -7.894 -10.058 -14.141 -4.424 -10.058 -15.581
4 16 -1.544 -10.058 -5.411 -2.884 -10.058 -4.831 -9.724 -10.058 -9.721 -8.364 -10.058 -11.751
2 24 -2.884 -10.058 -4.831 -1.544 -10.058 -5.411
3 16 -13.224 -10.058 48.219 -12.894 -10.058 45.899 -4.454 -10.058 49.799
2 24 -12.894 -10.058 45.899 -13.224 -10.058 48.219
2 24 -13.224 -10.058 48.219 -4.454 -10.058 49.799
4 16 -4.454 -10.058 49.799 -12.894 -10.058 45.899 -5.774 -10.058 42.389 -4.424 -10.058 44.419
3 16 -4.454 -10.058 49.799 -4.424 -10.058 44.419 -2.394 -10.058 45.769
4 16 -5.774 -10.058 42.389 -12.894 -10.058 45.899 -13.434 -10.058 43.619 -6.254 -10.058 39.999
2 24 -13.434 -10.058 43.619 -12.894 -10.058 45.899
4 16 -6.254 -10.058 39.999 -13.434 -10.058 43.619 -14.784 -10.058 41.709 -5.774 -10.058 37.609
2 24 -14.784 -10.058 41.709 -13.434 -10.058 43.619
4 16 -16.744 -10.058 40.419 -19.034 -10.058 39.949 -23.864 -10.058 32.699 -22.514 -10.058 30.679
2 24 -19.034 -10.058 39.949 -16.744 -10.058 40.419
4 16 -19.034 -10.058 39.949 -21.344 -10.058 40.349 -25.894 -10.058 34.059 -23.864 -10.058 32.699
2 24 -21.344 -10.058 40.349 -19.034 -10.058 39.949
4 16 -21.344 -10.058 40.349 -23.344 -10.058 41.569 -28.284 -10.058 34.529 -25.894 -10.058 34.059
2 24 -23.344 -10.058 41.569 -21.344 -10.058 40.349
3 16 -24.744 -10.058 43.449 -32.064 -10.058 38.369 -23.344 -10.058 41.569
2 24 -32.064 -10.058 38.369 -24.744 -10.058 43.449
2 24 -24.744 -10.058 43.449 -23.344 -10.058 41.569
4 16 -23.344 -10.058 41.569 -32.064 -10.058 38.369 -30.674 -10.058 34.059 -28.284 -10.058 34.529
3 16 -34.534 -10.058 28.279 -34.054 -10.058 30.679 -38.364 -10.058 32.069
3 16 -38.364 -10.058 32.069 -34.054 -10.058 30.679 -32.704 -10.058 32.699
4 16 -38.364 -10.058 32.069 -32.704 -10.058 32.699 -30.674 -10.058 34.059 -32.064 -10.058 38.369
2 24 -38.364 -10.058 32.069 -32.064 -10.058 38.369
3 16 -43.444 -10.058 24.749 -41.574 -10.058 23.339 -38.364 -10.058 32.069
2 24 -41.574 -10.058 23.339 -43.444 -10.058 24.749
2 24 -43.444 -10.058 24.749 -38.364 -10.058 32.069
4 16 -38.364 -10.058 32.069 -41.574 -10.058 23.339 -34.054 -10.058 25.889 -34.534 -10.058 28.279
4 16 -34.054 -10.058 25.889 -41.574 -10.058 23.339 -40.344 -10.058 21.339 -32.704 -10.058 23.869
2 24 -40.344 -10.058 21.339 -41.574 -10.058 23.339
4 16 -32.704 -10.058 23.869 -40.344 -10.058 21.339 -39.944 -10.058 19.039 -30.674 -10.058 22.509
2 24 -39.944 -10.058 19.039 -40.344 -10.058 21.339
4 16 -30.674 -10.058 22.509 -39.944 -10.058 19.039 -40.424 -10.058 16.739 -37.604 -10.058 5.769
2 24 -40.424 -10.058 16.739 -39.944 -10.058 19.039
4 16 -37.604 -10.058 5.769 -40.424 -10.058 16.739 -41.704 -10.058 14.779 -40.004 -10.058 6.249
2 24 -41.704 -10.058 14.779 -40.424 -10.058 16.739
4 16 -40.004 -10.058 6.249 -41.704 -10.058 14.779 -43.624 -10.058 13.439 -42.394 -10.058 5.769
2 24 -43.624 -10.058 13.439 -41.704 -10.058 14.779
4 16 -42.394 -10.058 5.769 -43.624 -10.058 13.439 -45.904 -10.058 12.889 -44.424 -10.058 4.419
2 24 -45.904 -10.058 12.889 -43.624 -10.058 13.439
4 16 -44.424 -10.058 4.419 -45.904 -10.058 12.889 -48.224 -10.058 13.219 -49.804 -10.058 4.449
2 24 -48.224 -10.058 13.219 -45.904 -10.058 12.889
2 24 -49.804 -10.058 4.449 -48.224 -10.058 13.219
3 16 -44.424 -10.058 4.419 -49.804 -10.058 4.449 -45.774 -10.058 2.389
3 16 -45.774 -10.058 2.389 -49.804 -10.058 4.449 -46.254 -10.058 -0.001
4 16 -49.804 -10.058 4.449 -49.804 -10.058 -4.451 -45.774 -10.058 -2.391 -46.254 -10.058 -0.001
2 24 -49.804 -10.058 -4.451 -49.804 -10.058 4.449
3 16 -48.224 -10.058 -13.221 -45.904 -10.058 -12.891 -49.804 -10.058 -4.451
2 24 -45.904 -10.058 -12.891 -48.224 -10.058 -13.221
2 24 -48.224 -10.058 -13.221 -49.804 -10.058 -4.451
4 16 -49.804 -10.058 -4.451 -45.904 -10.058 -12.891 -42.394 -10.058 -5.771 -44.424 -10.058 -4.421
3 16 -49.804 -10.058 -4.451 -44.424 -10.058 -4.421 -45.774 -10.058 -2.391
4 16 -42.394 -10.058 -5.771 -45.904 -10.058 -12.891 -43.624 -10.058 -13.441 -40.004 -10.058 -6.251
2 24 -43.624 -10.058 -13.441 -45.904 -10.058 -12.891
4 16 -40.004 -10.058 -6.251 -43.624 -10.058 -13.441 -41.704 -10.058 -14.781 -37.604 -10.058 -5.771
2 24 -41.704 -10.058 -14.781 -43.624 -10.058 -13.441
4 16 -37.604 -10.058 -5.771 -41.704 -10.058 -14.781 -40.424 -10.058 -16.741 -30.674 -10.058 -22.511
2 24 -40.424 -10.058 -16.741 -41.704 -10.058 -14.781
4 16 -30.674 -10.058 -22.511 -40.424 -10.058 -16.741 -39.944 -10.058 -19.041 -32.704 -10.058 -23.861
2 24 -39.944 -10.058 -19.041 -40.424 -10.058 -16.741
4 16 -32.704 -10.058 -23.861 -39.944 -10.058 -19.041 -40.344 -10.058 -21.341 -34.054 -10.058 -25.891
2 24 -40.344 -10.058 -21.341 -39.944 -10.058 -19.041
4 16 -34.054 -10.058 -25.891 -40.344 -10.058 -21.341 -41.574 -10.058 -23.341 -34.534 -10.058 -28.281
2 24 -41.574 -10.058 -23.341 -40.344 -10.058 -21.341
4 16 -34.534 -10.058 -28.281 -41.574 -10.058 -23.341 -43.444 -10.058 -24.751 -38.364 -10.058 -32.061
2 24 -43.444 -10.058 -24.751 -41.574 -10.058 -23.341
2 24 -38.364 -10.058 -32.061 -43.444 -10.058 -24.751
3 16 -34.534 -10.058 -28.281 -38.364 -10.058 -32.061 -34.054 -10.058 -30.681
3 16 -34.054 -10.058 -30.681 -38.364 -10.058 -32.061 -32.704 -10.058 -32.701
4 16 -38.364 -10.058 -32.061 -32.064 -10.058 -38.361 -30.674 -10.058 -34.061 -32.704 -10.058 -32.701
2 24 -32.064 -10.058 -38.361 -38.364 -10.058 -32.061
3 16 -24.744 -10.058 -43.451 -23.344 -10.058 -41.571 -32.064 -10.058 -38.361
2 24 -23.344 -10.058 -41.571 -24.744 -10.058 -43.451
2 24 -24.744 -10.058 -43.451 -32.064 -10.058 -38.361
4 16 -32.064 -10.058 -38.361 -23.344 -10.058 -41.571 -25.894 -10.058 -34.061 -28.284 -10.058 -34.531
3 16 -32.064 -10.058 -38.361 -28.284 -10.058 -34.531 -30.674 -10.058 -34.061
4 16 -25.894 -10.058 -34.061 -23.344 -10.058 -41.571 -21.344 -10.058 -40.351 -23.864 -10.058 -32.701
2 24 -21.344 -10.058 -40.351 -23.344 -10.058 -41.571
4 16 -23.864 -10.058 -32.701 -21.344 -10.058 -40.351 -19.034 -10.058 -39.941 -22.514 -10.058 -30.681
2 24 -19.034 -10.058 -39.941 -21.344 -10.058 -40.351
4 16 -22.514 -10.058 -30.681 -19.034 -10.058 -39.941 -16.744 -10.058 -40.421 -5.774 -10.058 -37.611
2 24 -16.744 -10.058 -40.421 -19.034 -10.058 -39.941
4 16 -5.774 -10.058 -37.611 -16.744 -10.058 -40.421 -14.784 -10.058 -41.711 -6.254 -10.058 -40.001
2 24 -14.784 -10.058 -41.711 -16.744 -10.058 -40.421
4 16 -6.254 -10.058 -40.001 -14.784 -10.058 -41.711 -13.434 -10.058 -43.621 -5.774 -10.058 -42.391
2 24 -13.434 -10.058 -43.621 -14.784 -10.058 -41.711
4 16 -5.774 -10.058 -42.391 -13.434 -10.058 -43.621 -12.894 -10.058 -45.901 -4.424 -10.058 -44.421
2 24 -12.894 -10.058 -45.901 -13.434 -10.058 -43.621
4 16 -4.424 -10.058 -44.421 -12.894 -10.058 -45.901 -13.224 -10.058 -48.221 -4.454 -10.058 -49.801
2 24 -13.224 -10.058 -48.221 -12.894 -10.058 -45.901
2 24 -4.454 -10.058 -49.801 -13.224 -10.058 -48.221
3 16 -4.424 -10.058 -44.421 -4.454 -10.058 -49.801 -2.394 -10.058 -45.771
3 16 -2.394 -10.058 -45.771 -4.454 -10.058 -49.801 -0.004 -10.058 -46.251
4 16 -4.454 -10.058 -49.801 4.456 -10.058 -49.801 2.396 -10.058 -45.771 -0.004 -10.058 -46.251
2 24 4.456 -10.058 -49.801 -4.454 -10.058 -49.801
3 16 13.226 -10.058 -48.221 12.886 -10.058 -45.901 4.456 -10.058 -49.801
2 24 12.886 -10.058 -45.901 13.226 -10.058 -48.221
2 24 13.226 -10.058 -48.221 4.456 -10.058 -49.801
4 16 4.456 -10.058 -49.801 12.886 -10.058 -45.901 5.776 -10.058 -42.391 4.416 -10.058 -44.421
3 16 4.456 -10.058 -49.801 4.416 -10.058 -44.421 2.396 -10.058 -45.771
4 16 5.776 -10.058 -42.391 12.886 -10.058 -45.901 13.436 -10.058 -43.621 6.246 -10.058 -40.001
2 24 13.436 -10.058 -43.621 12.886 -10.058 -45.901
4 16 6.246 -10.058 -40.001 13.436 -10.058 -43.621 14.786 -10.058 -41.711 5.776 -10.058 -37.611
2 24 14.786 -10.058 -41.711 13.436 -10.058 -43.621
4 16 16.746 -10.058 -40.421 19.036 -10.058 -39.941 23.866 -10.058 -32.701 22.506 -10.058 -30.681
2 24 19.036 -10.058 -39.941 16.746 -10.058 -40.421
4 16 19.036 -10.058 -39.941 21.346 -10.058 -40.351 25.896 -10.058 -34.061 23.866 -10.058 -32.701
2 24 21.346 -10.058 -40.351 19.036 -10.058 -39.941
4 16 21.346 -10.058 -40.351 23.346 -10.058 -41.571 28.286 -10.058 -34.531 25.896 -10.058 -34.061
2 24 23.346 -10.058 -41.571 21.346 -10.058 -40.351
3 16 24.746 -10.058 -43.451 32.066 -10.058 -38.361 23.346 -10.058 -41.571
2 24 32.066 -10.058 -38.361 24.746 -10.058 -43.451
2 24 24.746 -10.058 -43.451 23.346 -10.058 -41.571
4 16 23.346 -10.058 -41.571 32.066 -10.058 -38.361 30.676 -10.058 -34.061 28.286 -10.058 -34.531
3 16 34.536 -10.058 -28.281 34.056 -10.058 -30.681 38.366 -10.058 -32.061
3 16 38.366 -10.058 -32.061 34.056 -10.058 -30.681 32.706 -10.058 -32.701
4 16 38.366 -10.058 -32.061 32.706 -10.058 -32.701 30.676 -10.058 -34.061 32.066 -10.058 -38.361
2 24 38.366 -10.058 -32.061 32.066 -10.058 -38.361
3 16 43.446 -10.058 -24.751 41.576 -10.058 -23.341 38.366 -10.058 -32.061
2 24 41.576 -10.058 -23.341 43.446 -10.058 -24.751
2 24 43.446 -10.058 -24.751 38.366 -10.058 -32.061
4 16 38.366 -10.058 -32.061 41.576 -10.058 -23.341 34.056 -10.058 -25.891 34.536 -10.058 -28.281
4 16 34.056 -10.058 -25.891 41.576 -10.058 -23.341 40.346 -10.058 -21.341 32.706 -10.058 -23.861
2 24 40.346 -10.058 -21.341 41.576 -10.058 -23.341
4 16 32.706 -10.058 -23.861 40.346 -10.058 -21.341 39.946 -10.058 -19.041 30.676 -10.058 -22.511
2 24 39.946 -10.058 -19.041 40.346 -10.058 -21.341
4 16 30.676 -10.058 -22.511 39.946 -10.058 -19.041 40.416 -10.058 -16.741 37.606 -10.058 -5.771
2 24 40.416 -10.058 -16.741 39.946 -10.058 -19.041
4 16 37.606 -10.058 -5.771 40.416 -10.058 -16.741 41.706 -10.058 -14.781 39.996 -10.058 -6.251
2 24 41.706 -10.058 -14.781 40.416 -10.058 -16.741
4 16 39.996 -10.058 -6.251 41.706 -10.058 -14.781 43.626 -10.058 -13.441 42.396 -10.058 -5.771
2 24 43.626 -10.058 -13.441 41.706 -10.058 -14.781
4 16 42.396 -10.058 -5.771 43.626 -10.058 -13.441 45.896 -10.058 -12.891 44.416 -10.058 -4.421
2 24 45.896 -10.058 -12.891 43.626 -10.058 -13.441
4 16 44.416 -10.058 -4.421 45.896 -10.058 -12.891 48.216 -10.058 -13.221 49.796 -10.058 -4.451
2 24 48.216 -10.058 -13.221 45.896 -10.058 -12.891
2 24 49.796 -10.058 -4.451 48.216 -10.058 -13.221
3 16 44.416 -10.058 -4.421 49.796 -10.058 -4.451 45.776 -10.058 -2.391
3 16 45.776 -10.058 -2.391 49.796 -10.058 -4.451 46.246 -10.058 -0.001
4 16 49.796 -10.058 -4.451 49.796 -10.058 4.449 45.776 -10.058 2.389 46.246 -10.058 -0.001
2 24 49.796 -10.058 4.449 49.796 -10.058 -4.451
3 16 48.216 -10.058 13.219 45.896 -10.058 12.889 49.796 -10.058 4.449
2 24 45.896 -10.058 12.889 48.216 -10.058 13.219
2 24 48.216 -10.058 13.219 49.796 -10.058 4.449
4 16 49.796 -10.058 4.449 45.896 -10.058 12.889 42.396 -10.058 5.769 44.416 -10.058 4.419
3 16 49.796 -10.058 4.449 44.416 -10.058 4.419 45.776 -10.058 2.389
4 16 42.396 -10.058 5.769 45.896 -10.058 12.889 43.626 -10.058 13.439 39.996 -10.058 6.249
2 24 43.626 -10.058 13.439 45.896 -10.058 12.889
4 16 39.996 -10.058 6.249 43.626 -10.058 13.439 41.706 -10.058 14.779 37.606 -10.058 5.769
2 24 41.706 -10.058 14.779 43.626 -10.058 13.439
4 16 37.606 -10.058 5.769 41.706 -10.058 14.779 40.416 -10.058 16.739 30.676 -10.058 22.509
2 24 40.416 -10.058 16.739 41.706 -10.058 14.779
4 16 30.676 -10.058 22.509 40.416 -10.058 16.739 39.946 -10.058 19.039 32.706 -10.058 23.869
2 24 39.946 -10.058 19.039 40.416 -10.058 16.739
4 16 32.706 -10.058 23.869 39.946 -10.058 19.039 40.346 -10.058 21.339 34.056 -10.058 25.889
2 24 40.346 -10.058 21.339 39.946 -10.058 19.039
4 16 34.056 -10.058 25.889 40.346 -10.058 21.339 41.576 -10.058 23.339 34.536 -10.058 28.279
2 24 41.576 -10.058 23.339 40.346 -10.058 21.339
4 16 34.536 -10.058 28.279 41.576 -10.058 23.339 43.446 -10.058 24.749 38.366 -10.058 32.069
2 24 43.446 -10.058 24.749 41.576 -10.058 23.339
2 24 38.366 -10.058 32.069 43.446 -10.058 24.749
3 16 34.536 -10.058 28.279 38.366 -10.058 32.069 34.056 -10.058 30.679
3 16 34.056 -10.058 30.679 38.366 -10.058 32.069 32.706 -10.058 32.699
4 16 38.366 -10.058 32.069 32.066 -10.058 38.369 30.676 -10.058 34.059 32.706 -10.058 32.699
2 24 32.066 -10.058 38.369 38.366 -10.058 32.069
3 16 24.746 -10.058 43.449 23.346 -10.058 41.569 32.066 -10.058 38.369
2 24 23.346 -10.058 41.569 24.746 -10.058 43.449
2 24 24.746 -10.058 43.449 32.066 -10.058 38.369
4 16 32.066 -10.058 38.369 23.346 -10.058 41.569 25.896 -10.058 34.059 28.286 -10.058 34.529
3 16 32.066 -10.058 38.369 28.286 -10.058 34.529 30.676 -10.058 34.059
4 16 25.896 -10.058 34.059 23.346 -10.058 41.569 21.346 -10.058 40.349 23.866 -10.058 32.699
2 24 21.346 -10.058 40.349 23.346 -10.058 41.569
4 16 23.866 -10.058 32.699 21.346 -10.058 40.349 19.036 -10.058 39.949 22.506 -10.058 30.679
2 24 19.036 -10.058 39.949 21.346 -10.058 40.349
4 16 22.506 -10.058 30.679 19.036 -10.058 39.949 16.746 -10.058 40.419 5.776 -10.058 37.609
2 24 16.746 -10.058 40.419 19.036 -10.058 39.949
4 16 5.776 -10.058 37.609 16.746 -10.058 40.419 14.786 -10.058 41.709 6.246 -10.058 39.999
2 24 14.786 -10.058 41.709 16.746 -10.058 40.419
4 16 6.246 -10.058 39.999 14.786 -10.058 41.709 13.436 -10.058 43.619 5.776 -10.058 42.389
2 24 13.436 -10.058 43.619 14.786 -10.058 41.709
4 16 5.776 -10.058 42.389 13.436 -10.058 43.619 12.886 -10.058 45.899 4.416 -10.058 44.419
2 24 12.886 -10.058 45.899 13.436 -10.058 43.619
4 16 4.416 -10.058 44.419 12.886 -10.058 45.899 13.226 -10.058 48.219 4.456 -10.058 49.799
2 24 13.226 -10.058 48.219 12.886 -10.058 45.899
2 24 4.456 -10.058 49.799 13.226 -10.058 48.219
3 16 4.416 -10.058 44.419 4.456 -10.058 49.799 2.396 -10.058 45.769
3 16 2.396 -10.058 45.769 4.456 -10.058 49.799 -0.004 -10.058 46.249
4 16 4.456 -10.058 49.799 -4.454 -10.058 49.799 -2.394 -10.058 45.769 -0.004 -10.058 46.249
2 24 -4.454 -10.058 49.799 4.456 -10.058 49.799
4 16 2.396 -10.058 25.769 2.396 -10.058 34.229 -0.004 -10.058 33.749 -0.004 -10.058 26.249
4 16 -0.004 -10.058 26.249 -0.004 -10.058 33.749 -2.394 -10.058 34.229 -2.394 -10.058 25.769
4 16 -2.394 -10.058 25.769 -2.394 -10.058 34.229 -4.424 -10.058 35.579 -4.424 -10.058 24.419
4 16 2.396 -10.058 25.769 4.416 -10.058 24.419 4.416 -10.058 35.579 2.396 -10.058 34.229
4 16 4.416 -10.058 15.579 7.896 -10.058 14.139 8.366 -10.058 16.529 5.776 -10.058 17.609
4 16 5.776 -10.058 17.609 8.366 -10.058 16.529 9.726 -10.058 18.559 6.246 -10.058 19.999
4 16 6.246 -10.058 19.999 9.726 -10.058 18.559 11.746 -10.058 19.919 5.776 -10.058 22.389
4 16 5.776 -10.058 22.389 11.746 -10.058 19.919 14.146 -10.058 20.389 4.416 -10.058 24.419
4 16 4.416 -10.058 24.419 14.146 -10.058 20.389 22.036 -10.058 28.279 4.416 -10.058 35.579
4 16 4.416 -10.058 35.579 22.036 -10.058 28.279 22.506 -10.058 30.679 5.776 -10.058 37.609
4 16 14.146 -10.058 -20.391 22.036 -10.058 -28.281 22.506 -10.058 -25.891 16.536 -10.058 -19.921
3 16 16.536 -10.058 -19.921 22.506 -10.058 -25.891 23.866 -10.058 -23.861
4 16 16.536 -10.058 -19.921 23.866 -10.058 -23.861 25.896 -10.058 -22.511 18.566 -10.058 -18.561
4 16 18.566 -10.058 -18.561 25.896 -10.058 -22.511 28.286 -10.058 -22.031 19.916 -10.058 -16.531
4 16 19.916 -10.058 -16.531 28.286 -10.058 -22.031 35.576 -10.058 -4.421 20.396 -10.058 -14.141
4 16 20.396 -10.058 -14.141 35.576 -10.058 -4.421 25.776 -10.058 -2.391 24.416 -10.058 -4.421
4 16 20.396 -10.058 -14.141 24.416 -10.058 -4.421 22.396 -10.058 -5.771 19.916 -10.058 -11.751
4 16 19.916 -10.058 -11.751 22.396 -10.058 -5.771 19.996 -10.058 -6.251 18.566 -10.058 -9.721
4 16 18.566 -10.058 -9.721 19.996 -10.058 -6.251 17.606 -10.058 -5.771 16.536 -10.058 -8.371
4 16 16.536 -10.058 -8.371 17.606 -10.058 -5.771 15.576 -10.058 -4.421 14.146 -10.058 -7.891
4 16 -20.004 -10.058 6.249 -19.914 -10.058 11.749 -20.394 -10.058 14.139 -22.394 -10.058 5.769
4 16 -22.394 -10.058 5.769 -20.394 -10.058 14.139 -35.584 -10.058 4.419 -24.424 -10.058 4.419
4 16 -24.424 -10.058 4.419 -35.584 -10.058 4.419 -34.224 -10.058 2.389 -25.774 -10.058 2.389
4 16 -25.774 -10.058 2.389 -34.224 -10.058 2.389 -33.754 -10.058 -0.001 -26.254 -10.058 -0.001
4 16 -26.254 -10.058 -0.001 -33.754 -10.058 -0.001 -34.224 -10.058 -2.391 -25.774 -10.058 -2.391
4 16 -25.774 -10.058 -2.391 -34.224 -10.058 -2.391 -35.584 -10.058 -4.421 -24.424 -10.058 -4.421
4 16 -24.424 -10.058 -4.421 -35.584 -10.058 -4.421 -20.394 -10.058 -14.141 -19.914 -10.058 -11.751
3 16 -20.394 -10.058 -14.141 -35.584 -10.058 -4.421 -28.284 -10.058 -22.031
4 16 -20.394 -10.058 -14.141 -28.284 -10.058 -22.031 -25.894 -10.058 -22.511 -19.914 -10.058 -16.531
4 16 -19.914 -10.058 -16.531 -25.894 -10.058 -22.511 -23.864 -10.058 -23.861 -18.564 -10.058 -18.561
4 16 -18.564 -10.058 -18.561 -23.864 -10.058 -23.861 -22.514 -10.058 -25.891 -16.534 -10.058 -19.921
4 16 -16.534 -10.058 -19.921 -22.514 -10.058 -25.891 -22.034 -10.058 -28.281 -14.144 -10.058 -20.391
4 16 -14.144 -10.058 -20.391 -22.034 -10.058 -28.281 -4.424 -10.058 -35.581 -4.424 -10.058 -24.421
4 16 -4.424 -10.058 -24.421 -4.424 -10.058 -35.581 -2.394 -10.058 -34.231 -2.394 -10.058 -25.771
4 16 -24.424 -10.058 -4.421 -19.914 -10.058 -11.751 -18.564 -10.058 -9.721 -22.394 -10.058 -5.771
4 16 -22.394 -10.058 -5.771 -18.564 -10.058 -9.721 -16.534 -10.058 -8.371 -20.004 -10.058 -6.251
4 16 -20.004 -10.058 -6.251 -16.534 -10.058 -8.371 -14.144 -10.058 -7.891 -17.604 -10.058 -5.771
4 16 -17.604 -10.058 -5.771 -14.144 -10.058 -7.891 -11.754 -10.058 -8.371 -15.584 -10.058 -4.421
4 16 -4.424 -10.058 -15.581 -7.894 -10.058 -14.141 -8.364 -10.058 -16.531 -5.774 -10.058 -17.611
4 16 -5.774 -10.058 -17.611 -8.364 -10.058 -16.531 -9.724 -10.058 -18.561 -6.254 -10.058 -20.001
4 16 -6.254 -10.058 -20.001 -9.724 -10.058 -18.561 -11.754 -10.058 -19.921 -5.774 -10.058 -22.391
4 16 -5.774 -10.058 -22.391 -11.754 -10.058 -19.921 -14.144 -10.058 -20.391 -4.424 -10.058 -24.421
4 16 35.576 -10.058 -4.421 28.286 -10.058 -22.031 30.676 -10.058 -22.511 37.606 -10.058 -5.771
4 16 -30.674 -10.058 -22.511 -28.284 -10.058 -22.031 -35.584 -10.058 -4.421 -37.604 -10.058 -5.771
4 16 -22.034 -10.058 -28.281 -22.514 -10.058 -30.681 -5.774 -10.058 -37.611 -4.424 -10.058 -35.581
4 16 -37.604 -10.058 5.769 -35.584 -10.058 4.419 -28.284 -10.058 22.029 -30.674 -10.058 22.509
4 16 14.146 -10.058 7.889 15.576 -10.058 4.419 17.606 -10.058 5.769 16.536 -10.058 8.369
4 16 16.536 -10.058 8.369 17.606 -10.058 5.769 19.996 -10.058 6.249 18.566 -10.058 9.719
4 16 18.566 -10.058 9.719 19.996 -10.058 6.249 22.396 -10.058 5.769 19.916 -10.058 11.749
4 16 19.916 -10.058 11.749 22.396 -10.058 5.769 24.416 -10.058 4.419 20.396 -10.058 14.139
4 16 20.396 -10.058 14.139 24.416 -10.058 4.419 34.226 -10.058 2.389 35.576 -10.058 4.419
3 16 20.396 -10.058 14.139 35.576 -10.058 4.419 28.286 -10.058 22.029
4 16 28.286 -10.058 22.029 35.576 -10.058 4.419 37.606 -10.058 5.769 30.676 -10.058 22.509
4 16 34.226 -10.058 2.389 24.416 -10.058 4.419 25.776 -10.058 2.389 33.746 -10.058 -0.001
4 16 33.746 -10.058 -0.001 25.776 -10.058 2.389 26.246 -10.058 -0.001 34.226 -10.058 -2.391
4 16 34.226 -10.058 -2.391 26.246 -10.058 -0.001 25.776 -10.058 -2.391 35.576 -10.058 -4.421
4 16 4.416 -10.058 -35.581 4.416 -10.058 -24.421 2.396 -10.058 -25.771 2.396 -10.058 -34.231
4 16 2.396 -10.058 -34.231 2.396 -10.058 -25.771 -0.004 -10.058 -26.251 -0.004 -10.058 -33.751
4 16 -0.004 -10.058 -33.751 -0.004 -10.058 -26.251 -2.394 -10.058 -25.771 -2.394 -10.058 -34.231
4 16 20.396 -10.058 14.139 28.286 -10.058 22.029 25.896 -10.058 22.509 19.916 -10.058 16.529
4 16 19.916 -10.058 16.529 25.896 -10.058 22.509 23.866 -10.058 23.869 18.566 -10.058 18.559
4 16 18.566 -10.058 18.559 23.866 -10.058 23.869 22.506 -10.058 25.889 16.536 -10.058 19.919
4 16 16.536 -10.058 19.919 22.506 -10.058 25.889 22.036 -10.058 28.279 14.146 -10.058 20.389
4 16 -14.144 -10.058 20.389 -22.514 -10.058 25.889 -23.864 -10.058 23.869 -16.534 -10.058 19.919
4 16 -16.534 -10.058 19.919 -23.864 -10.058 23.869 -25.894 -10.058 22.509 -18.564 -10.058 18.559
4 16 -18.564 -10.058 18.559 -25.894 -10.058 22.509 -28.284 -10.058 22.029 -19.914 -10.058 16.529
4 16 -19.914 -10.058 16.529 -28.284 -10.058 22.029 -35.584 -10.058 4.419 -20.394 -10.058 14.139

4 16 -2.734 -5.058 4.909 -3.914 -5.058 4.039 -4.824 -5.058 2.889 -2.654 -5.058 2.649
2 24 -3.914 -5.058 4.039 -2.734 -5.058 4.909
2 24 -4.824 -5.058 2.889 -3.914 -5.058 4.039
4 16 -2.654 -5.058 2.649 -4.824 -5.058 2.889 -5.414 -5.058 1.539 -3.464 -5.058 1.439
2 24 -5.414 -5.058 1.539 -4.824 -5.058 2.889
4 16 -3.464 -5.058 1.439 -5.414 -5.058 1.539 -5.624 -5.058 0.089 -3.754 -5.058 -0.001
2 24 -5.624 -5.058 0.089 -5.414 -5.058 1.539
4 16 -3.754 -5.058 -0.001 -5.624 -5.058 0.089 -5.454 -5.058 -1.371 -3.464 -5.058 -1.431
2 24 -5.454 -5.058 -1.371 -5.624 -5.058 0.089
4 16 -3.464 -5.058 -1.431 -5.454 -5.058 -1.371 -4.914 -5.058 -2.741 -2.654 -5.058 -2.651
2 24 -4.914 -5.058 -2.741 -5.454 -5.058 -1.371
4 16 -2.654 -5.058 -2.651 -4.914 -5.058 -2.741 -4.034 -5.058 -3.921 -2.884 -5.058 -4.831
2 24 -4.034 -5.058 -3.921 -4.914 -5.058 -2.741
2 24 -2.884 -5.058 -4.831 -4.034 -5.058 -3.921
4 16 -2.654 -5.058 -2.651 -2.884 -5.058 -4.831 -1.544 -5.058 -5.411 -1.434 -5.058 -3.461
2 24 -1.544 -5.058 -5.411 -2.884 -5.058 -4.831
4 16 -1.434 -5.058 -3.461 -1.544 -5.058 -5.411 -0.084 -5.058 -5.621 -0.004 -5.058 -3.751
2 24 -0.084 -5.058 -5.621 -1.544 -5.058 -5.411
4 16 -0.004 -5.058 -3.751 -0.084 -5.058 -5.621 1.376 -5.058 -5.451 1.436 -5.058 -3.461
2 24 1.376 -5.058 -5.451 -0.084 -5.058 -5.621
4 16 1.436 -5.058 -3.461 1.376 -5.058 -5.451 2.736 -5.058 -4.911 2.656 -5.058 -2.651
2 24 2.736 -5.058 -4.911 1.376 -5.058 -5.451
4 16 2.656 -5.058 -2.651 2.736 -5.058 -4.911 3.916 -5.058 -4.041 4.826 -5.058 -2.891
2 24 3.916 -5.058 -4.041 2.736 -5.058 -4.911
2 24 4.826 -5.058 -2.891 3.916 -5.058 -4.041
4 16 2.656 -5.058 -2.651 4.826 -5.058 -2.891 5.406 -5.058 -1.541 3.466 -5.058 -1.431
2 24 5.406 -5.058 -1.541 4.826 -5.058 -2.891
4 16 3.466 -5.058 -1.431 5.406 -5.058 -1.541 5.626 -5.058 -0.091 3.746 -5.058 -0.001
2 24 5.626 -5.058 -0.091 5.406 -5.058 -1.541
4 16 3.746 -5.058 -0.001 5.626 -5.058 -0.091 5.456 -5.058 1.369 3.466 -5.058 1.439
2 24 5.456 -5.058 1.369 5.626 -5.058 -0.091
4 16 3.466 -5.058 1.439 5.456 -5.058 1.369 4.916 -5.058 2.739 2.656 -5.058 2.649
2 24 4.916 -5.058 2.739 5.456 -5.058 1.369
4 16 2.656 -5.058 2.649 4.916 -5.058 2.739 4.036 -5.058 3.919 2.886 -5.058 4.829
2 24 4.036 -5.058 3.919 4.916 -5.058 2.739
2 24 2.886 -5.058 4.829 4.036 -5.058 3.919
4 16 2.656 -5.058 2.649 2.886 -5.058 4.829 1.536 -5.058 5.409 1.436 -5.058 3.469
2 24 1.536 -5.058 5.409 2.886 -5.058 4.829
4 16 1.436 -5.058 3.469 1.536 -5.058 5.409 0.086 -5.058 5.619 -0.004 -5.058 3.749
2 24 0.086 -5.058 5.619 1.536 -5.058 5.409
4 16 -0.004 -5.058 3.749 0.086 -5.058 5.619 -1.374 -5.058 5.459 -1.434 -5.058 3.469
2 24 -1.374 -5.058 5.459 0.086 -5.058 5.619
4 16 -1.434 -5.058 3.469 -1.374 -5.058 5.459 -2.734 -5.058 4.909 -2.654 -5.058 2.649
2 24 -2.734 -5.058 4.909 -1.374 -5.058 5.459

3 16 -24.744 -0.058 43.449 -23.344 -0.058 41.569 -32.064 -0.058 38.369
2 24 -24.744 -0.058 43.449 -23.344 -0.058 41.569
2 24 -32.064 -0.058 38.369 -24.744 -0.058 43.449
4 16 -32.064 -0.058 38.369 -23.344 -0.058 41.569 -25.894 -0.058 34.059 -28.284 -0.058 34.529
3 16 -32.064 -0.058 38.369 -28.284 -0.058 34.529 -30.674 -0.058 34.059
4 16 -25.894 -0.058 34.059 -23.344 -0.058 41.569 -21.344 -0.058 40.349 -23.864 -0.058 32.699
2 24 -23.344 -0.058 41.569 -21.344 -0.058 40.349
4 16 -23.864 -0.058 32.699 -21.344 -0.058 40.349 -19.034 -0.058 39.949 -22.514 -0.058 30.679
2 24 -21.344 -0.058 40.349 -19.034 -0.058 39.949
4 16 -22.514 -0.058 30.679 -19.034 -0.058 39.949 -16.744 -0.058 40.419 -5.774 -0.058 37.609
2 24 -19.034 -0.058 39.949 -16.744 -0.058 40.419
4 16 -5.774 -0.058 37.609 -16.744 -0.058 40.419 -14.784 -0.058 41.709 -6.254 -0.058 39.999
2 24 -16.744 -0.058 40.419 -14.784 -0.058 41.709
4 16 -6.254 -0.058 39.999 -14.784 -0.058 41.709 -13.434 -0.058 43.619 -5.774 -0.058 42.389
2 24 -14.784 -0.058 41.709 -13.434 -0.058 43.619
4 16 -5.774 -0.058 42.389 -13.434 -0.058 43.619 -12.894 -0.058 45.899 -4.424 -0.058 44.419
2 24 -13.434 -0.058 43.619 -12.894 -0.058 45.899
4 16 -4.424 -0.058 44.419 -12.894 -0.058 45.899 -13.224 -0.058 48.219 -4.454 -0.058 49.799
2 24 -12.894 -0.058 45.899 -13.224 -0.058 48.219
2 24 -13.224 -0.058 48.219 -4.454 -0.058 49.799
3 16 -4.424 -0.058 44.419 -4.454 -0.058 49.799 -2.394 -0.058 45.769
3 16 -2.394 -0.058 45.769 -4.454 -0.058 49.799 -0.004 -0.058 46.249
4 16 -4.454 -0.058 49.799 4.456 -0.058 49.799 2.396 -0.058 45.769 -0.004 -0.058 46.249
2 24 -4.454 -0.058 49.799 4.456 -0.058 49.799
3 16 13.226 -0.058 48.219 12.886 -0.058 45.899 4.456 -0.058 49.799
2 24 13.226 -0.058 48.219 12.886 -0.058 45.899
2 24 4.456 -0.058 49.799 13.226 -0.058 48.219
4 16 4.456 -0.058 49.799 12.886 -0.058 45.899 5.776 -0.058 42.389 4.416 -0.058 44.419
3 16 4.456 -0.058 49.799 4.416 -0.058 44.419 2.396 -0.058 45.769
4 16 5.776 -0.058 42.389 12.886 -0.058 45.899 13.436 -0.058 43.619 6.246 -0.058 39.999
2 24 12.886 -0.058 45.899 13.436 -0.058 43.619
4 16 6.246 -0.058 39.999 13.436 -0.058 43.619 14.786 -0.058 41.709 5.776 -0.058 37.609
2 24 13.436 -0.058 43.619 14.786 -0.058 41.709
4 16 5.776 -0.058 37.609 14.786 -0.058 41.709 16.746 -0.058 40.419 22.506 -0.058 30.679
2 24 14.786 -0.058 41.709 16.746 -0.058 40.419
4 16 22.506 -0.058 30.679 16.746 -0.058 40.419 19.036 -0.058 39.949 23.866 -0.058 32.699
2 24 16.746 -0.058 40.419 19.036 -0.058 39.949
4 16 23.866 -0.058 32.699 19.036 -0.058 39.949 21.346 -0.058 40.349 25.896 -0.058 34.059
2 24 19.036 -0.058 39.949 21.346 -0.058 40.349
4 16 25.896 -0.058 34.059 21.346 -0.058 40.349 23.346 -0.058 41.569 28.286 -0.058 34.529
2 24 21.346 -0.058 40.349 23.346 -0.058 41.569
4 16 28.286 -0.058 34.529 23.346 -0.058 41.569 24.746 -0.058 43.449 32.066 -0.058 38.369
2 24 23.346 -0.058 41.569 24.746 -0.058 43.449
2 24 24.746 -0.058 43.449 32.066 -0.058 38.369
3 16 28.286 -0.058 34.529 32.066 -0.058 38.369 30.676 -0.058 34.059
3 16 30.676 -0.058 34.059 32.066 -0.058 38.369 32.706 -0.058 32.699
4 16 32.066 -0.058 38.369 38.366 -0.058 32.069 34.056 -0.058 30.679 32.706 -0.058 32.699
2 24 32.066 -0.058 38.369 38.366 -0.058 32.069
3 16 43.446 -0.058 24.749 41.576 -0.058 23.339 38.366 -0.058 32.069
2 24 43.446 -0.058 24.749 41.576 -0.058 23.339
2 24 38.366 -0.058 32.069 43.446 -0.058 24.749
4 16 38.366 -0.058 32.069 41.576 -0.058 23.339 34.056 -0.058 25.889 34.536 -0.058 28.279
3 16 38.366 -0.058 32.069 34.536 -0.058 28.279 34.056 -0.058 30.679
4 16 34.056 -0.058 25.889 41.576 -0.058 23.339 40.346 -0.058 21.339 32.706 -0.058 23.869
2 24 41.576 -0.058 23.339 40.346 -0.058 21.339
4 16 32.706 -0.058 23.869 40.346 -0.058 21.339 39.946 -0.058 19.039 30.676 -0.058 22.509
2 24 40.346 -0.058 21.339 39.946 -0.058 19.039
4 16 30.676 -0.058 22.509 39.946 -0.058 19.039 40.416 -0.058 16.739 37.606 -0.058 5.769
2 24 39.946 -0.058 19.039 40.416 -0.058 16.739
4 16 37.606 -0.058 5.769 40.416 -0.058 16.739 41.706 -0.058 14.779 39.996 -0.058 6.249
2 24 40.416 -0.058 16.739 41.706 -0.058 14.779
4 16 39.996 -0.058 6.249 41.706 -0.058 14.779 43.626 -0.058 13.439 42.396 -0.058 5.769
2 24 41.706 -0.058 14.779 43.626 -0.058 13.439
4 16 42.396 -0.058 5.769 43.626 -0.058 13.439 45.896 -0.058 12.889 44.416 -0.058 4.419
2 24 43.626 -0.058 13.439 45.896 -0.058 12.889
4 16 44.416 -0.058 4.419 45.896 -0.058 12.889 48.216 -0.058 13.219 49.796 -0.058 4.449
2 24 45.896 -0.058 12.889 48.216 -0.058 13.219
2 24 48.216 -0.058 13.219 49.796 -0.058 4.449
3 16 44.416 -0.058 4.419 49.796 -0.058 4.449 45.776 -0.058 2.389
3 16 45.776 -0.058 2.389 49.796 -0.058 4.449 46.246 -0.058 -0.001
4 16 49.796 -0.058 4.449 49.796 -0.058 -4.451 45.776 -0.058 -2.391 46.246 -0.058 -0.001
2 24 49.796 -0.058 4.449 49.796 -0.058 -4.451
3 16 48.216 -0.058 -13.221 45.896 -0.058 -12.891 49.796 -0.058 -4.451
2 24 48.216 -0.058 -13.221 45.896 -0.058 -12.891
2 24 49.796 -0.058 -4.451 48.216 -0.058 -13.221
4 16 49.796 -0.058 -4.451 45.896 -0.058 -12.891 42.396 -0.058 -5.771 44.416 -0.058 -4.421
3 16 49.796 -0.058 -4.451 44.416 -0.058 -4.421 45.776 -0.058 -2.391
4 16 42.396 -0.058 -5.771 45.896 -0.058 -12.891 43.626 -0.058 -13.441 39.996 -0.058 -6.251
2 24 45.896 -0.058 -12.891 43.626 -0.058 -13.441
4 16 39.996 -0.058 -6.251 43.626 -0.058 -13.441 41.706 -0.058 -14.781 37.606 -0.058 -5.771
2 24 43.626 -0.058 -13.441 41.706 -0.058 -14.781
4 16 37.606 -0.058 -5.771 41.706 -0.058 -14.781 40.416 -0.058 -16.741 30.676 -0.058 -22.511
2 24 41.706 -0.058 -14.781 40.416 -0.058 -16.741
4 16 30.676 -0.058 -22.511 40.416 -0.058 -16.741 39.946 -0.058 -19.041 32.706 -0.058 -23.861
2 24 40.416 -0.058 -16.741 39.946 -0.058 -19.041
4 16 32.706 -0.058 -23.861 39.946 -0.058 -19.041 40.346 -0.058 -21.341 34.056 -0.058 -25.891
2 24 39.946 -0.058 -19.041 40.346 -0.058 -21.341
4 16 34.056 -0.058 -25.891 40.346 -0.058 -21.341 41.576 -0.058 -23.341 34.536 -0.058 -28.281
2 24 40.346 -0.058 -21.341 41.576 -0.058 -23.341
4 16 34.536 -0.058 -28.281 41.576 -0.058 -23.341 43.446 -0.058 -24.751 38.366 -0.058 -32.061
2 24 41.576 -0.058 -23.341 43.446 -0.058 -24.751
2 24 43.446 -0.058 -24.751 38.366 -0.058 -32.061
3 16 34.536 -0.058 -28.281 38.366 -0.058 -32.061 34.056 -0.058 -30.681
3 16 34.056 -0.058 -30.681 38.366 -0.058 -32.061 32.706 -0.058 -32.701
4 16 38.366 -0.058 -32.061 32.066 -0.058 -38.361 30.676 -0.058 -34.061 32.706 -0.058 -32.701
2 24 38.366 -0.058 -32.061 32.066 -0.058 -38.361
3 16 24.746 -0.058 -43.451 23.346 -0.058 -41.571 32.066 -0.058 -38.361
2 24 24.746 -0.058 -43.451 23.346 -0.058 -41.571
2 24 32.066 -0.058 -38.361 24.746 -0.058 -43.451
4 16 32.066 -0.058 -38.361 23.346 -0.058 -41.571 25.896 -0.058 -34.061 28.286 -0.058 -34.531
3 16 32.066 -0.058 -38.361 28.286 -0.058 -34.531 30.676 -0.058 -34.061
4 16 25.896 -0.058 -34.061 23.346 -0.058 -41.571 21.346 -0.058 -40.351 23.866 -0.058 -32.701
2 24 23.346 -0.058 -41.571 21.346 -0.058 -40.351
4 16 23.866 -0.058 -32.701 21.346 -0.058 -40.351 19.036 -0.058 -39.941 22.506 -0.058 -30.681
2 24 21.346 -0.058 -40.351 19.036 -0.058 -39.941
4 16 22.506 -0.058 -30.681 19.036 -0.058 -39.941 16.746 -0.058 -40.421 5.776 -0.058 -37.611
2 24 19.036 -0.058 -39.941 16.746 -0.058 -40.421
4 16 5.776 -0.058 -37.611 16.746 -0.058 -40.421 14.786 -0.058 -41.711 6.246 -0.058 -40.001
2 24 16.746 -0.058 -40.421 14.786 -0.058 -41.711
4 16 6.246 -0.058 -40.001 14.786 -0.058 -41.711 13.436 -0.058 -43.621 5.776 -0.058 -42.391
2 24 14.786 -0.058 -41.711 13.436 -0.058 -43.621
4 16 5.776 -0.058 -42.391 13.436 -0.058 -43.621 12.886 -0.058 -45.901 4.416 -0.058 -44.421
2 24 13.436 -0.058 -43.621 12.886 -0.058 -45.901
4 16 4.416 -0.058 -44.421 12.886 -0.058 -45.901 13.226 -0.058 -48.221 4.456 -0.058 -49.801
2 24 12.886 -0.058 -45.901 13.226 -0.058 -48.221
2 24 13.226 -0.058 -48.221 4.456 -0.058 -49.801
3 16 4.416 -0.058 -44.421 4.456 -0.058 -49.801 2.396 -0.058 -45.771
3 16 2.396 -0.058 -45.771 4.456 -0.058 -49.801 -0.004 -0.058 -46.251
4 16 4.456 -0.058 -49.801 -4.454 -0.058 -49.801 -2.394 -0.058 -45.771 -0.004 -0.058 -46.251
2 24 4.456 -0.058 -49.801 -4.454 -0.058 -49.801
3 16 -13.224 -0.058 -48.221 -12.894 -0.058 -45.901 -4.454 -0.058 -49.801
2 24 -13.224 -0.058 -48.221 -12.894 -0.058 -45.901
2 24 -4.454 -0.058 -49.801 -13.224 -0.058 -48.221
4 16 -4.454 -0.058 -49.801 -12.894 -0.058 -45.901 -5.774 -0.058 -42.391 -4.424 -0.058 -44.421
3 16 -4.454 -0.058 -49.801 -4.424 -0.058 -44.421 -2.394 -0.058 -45.771
4 16 -5.774 -0.058 -42.391 -12.894 -0.058 -45.901 -13.434 -0.058 -43.621 -6.254 -0.058 -40.001
2 24 -12.894 -0.058 -45.901 -13.434 -0.058 -43.621
4 16 -6.254 -0.058 -40.001 -13.434 -0.058 -43.621 -14.784 -0.058 -41.711 -5.774 -0.058 -37.611
2 24 -13.434 -0.058 -43.621 -14.784 -0.058 -41.711
4 16 -5.774 -0.058 -37.611 -14.784 -0.058 -41.711 -16.744 -0.058 -40.421 -22.514 -0.058 -30.681
2 24 -14.784 -0.058 -41.711 -16.744 -0.058 -40.421
4 16 -22.514 -0.058 -30.681 -16.744 -0.058 -40.421 -19.034 -0.058 -39.941 -23.864 -0.058 -32.701
2 24 -16.744 -0.058 -40.421 -19.034 -0.058 -39.941
4 16 -23.864 -0.058 -32.701 -19.034 -0.058 -39.941 -21.344 -0.058 -40.351 -25.894 -0.058 -34.061
2 24 -19.034 -0.058 -39.941 -21.344 -0.058 -40.351
4 16 -25.894 -0.058 -34.061 -21.344 -0.058 -40.351 -23.344 -0.058 -41.571 -28.284 -0.058 -34.531
2 24 -21.344 -0.058 -40.351 -23.344 -0.058 -41.571
4 16 -28.284 -0.058 -34.531 -23.344 -0.058 -41.571 -24.744 -0.058 -43.451 -32.064 -0.058 -38.361
2 24 -23.344 -0.058 -41.571 -24.744 -0.058 -43.451
2 24 -24.744 -0.058 -43.451 -32.064 -0.058 -38.361
3 16 -28.284 -0.058 -34.531 -32.064 -0.058 -38.361 -30.674 -0.058 -34.061
3 16 -30.674 -0.058 -34.061 -32.064 -0.058 -38.361 -32.704 -0.058 -32.701
4 16 -32.064 -0.058 -38.361 -38.364 -0.058 -32.061 -34.054 -0.058 -30.681 -32.704 -0.058 -32.701
2 24 -32.064 -0.058 -38.361 -38.364 -0.058 -32.061
3 16 -43.444 -0.058 -24.751 -41.574 -0.058 -23.341 -38.364 -0.058 -32.061
2 24 -43.444 -0.058 -24.751 -41.574 -0.058 -23.341
2 24 -38.364 -0.058 -32.061 -43.444 -0.058 -24.751
4 16 -38.364 -0.058 -32.061 -41.574 -0.058 -23.341 -34.054 -0.058 -25.891 -34.534 -0.058 -28.281
3 16 -38.364 -0.058 -32.061 -34.534 -0.058 -28.281 -34.054 -0.058 -30.681
4 16 -34.054 -0.058 -25.891 -41.574 -0.058 -23.341 -40.344 -0.058 -21.341 -32.704 -0.058 -23.861
2 24 -41.574 -0.058 -23.341 -40.344 -0.058 -21.341
4 16 -32.704 -0.058 -23.861 -40.344 -0.058 -21.341 -39.944 -0.058 -19.041 -30.674 -0.058 -22.511
2 24 -40.344 -0.058 -21.341 -39.944 -0.058 -19.041
4 16 -30.674 -0.058 -22.511 -39.944 -0.058 -19.041 -40.424 -0.058 -16.741 -37.604 -0.058 -5.771
2 24 -39.944 -0.058 -19.041 -40.424 -0.058 -16.741
4 16 -37.604 -0.058 -5.771 -40.424 -0.058 -16.741 -41.704 -0.058 -14.781 -40.004 -0.058 -6.251
2 24 -40.424 -0.058 -16.741 -41.704 -0.058 -14.781
4 16 -40.004 -0.058 -6.251 -41.704 -0.058 -14.781 -43.624 -0.058 -13.441 -42.394 -0.058 -5.771
2 24 -41.704 -0.058 -14.781 -43.624 -0.058 -13.441
4 16 -42.394 -0.058 -5.771 -43.624 -0.058 -13.441 -45.904 -0.058 -12.891 -44.424 -0.058 -4.421
2 24 -43.624 -0.058 -13.441 -45.904 -0.058 -12.891
4 16 -44.424 -0.058 -4.421 -45.904 -0.058 -12.891 -48.224 -0.058 -13.221 -49.804 -0.058 -4.451
2 24 -45.904 -0.058 -12.891 -48.224 -0.058 -13.221
2 24 -48.224 -0.058 -13.221 -49.804 -0.058 -4.451
3 16 -44.424 -0.058 -4.421 -49.804 -0.058 -4.451 -45.774 -0.058 -2.391
3 16 -45.774 -0.058 -2.391 -49.804 -0.058 -4.451 -46.254 -0.058 -0.001
4 16 -49.804 -0.058 -4.451 -49.804 -0.058 4.449 -45.774 -0.058 2.389 -46.254 -0.058 -0.001
2 24 -49.804 -0.058 -4.451 -49.804 -0.058 4.449
3 16 -48.224 -0.058 13.219 -45.904 -0.058 12.889 -49.804 -0.058 4.449
2 24 -48.224 -0.058 13.219 -45.904 -0.058 12.889
2 24 -49.804 -0.058 4.449 -48.224 -0.058 13.219
4 16 -49.804 -0.058 4.449 -45.904 -0.058 12.889 -42.394 -0.058 5.769 -44.424 -0.058 4.419
3 16 -49.804 -0.058 4.449 -44.424 -0.058 4.419 -45.774 -0.058 2.389
4 16 -42.394 -0.058 5.769 -45.904 -0.058 12.889 -43.624 -0.058 13.439 -40.004 -0.058 6.249
2 24 -45.904 -0.058 12.889 -43.624 -0.058 13.439
4 16 -40.004 -0.058 6.249 -43.624 -0.058 13.439 -41.704 -0.058 14.779 -37.604 -0.058 5.769
2 24 -43.624 -0.058 13.439 -41.704 -0.058 14.779
4 16 -37.604 -0.058 5.769 -41.704 -0.058 14.779 -40.424 -0.058 16.739 -30.674 -0.058 22.509
2 24 -41.704 -0.058 14.779 -40.424 -0.058 16.739
4 16 -30.674 -0.058 22.509 -40.424 -0.058 16.739 -39.944 -0.058 19.039 -32.704 -0.058 23.869
2 24 -40.424 -0.058 16.739 -39.944 -0.058 19.039
4 16 -32.704 -0.058 23.869 -39.944 -0.058 19.039 -40.344 -0.058 21.339 -34.054 -0.058 25.889
2 24 -39.944 -0.058 19.039 -40.344 -0.058 21.339
4 16 -34.054 -0.058 25.889 -40.344 -0.058 21.339 -41.574 -0.058 23.339 -34.534 -0.058 28.279
2 24 -40.344 -0.058 21.339 -41.574 -0.058 23.339
4 16 -34.534 -0.058 28.279 -41.574 -0.058 23.339 -43.444 -0.058 24.749 -38.364 -0.058 32.069
2 24 -41.574 -0.058 23.339 -43.444 -0.058 24.749
2 24 -43.444 -0.058 24.749 -38.364 -0.058 32.069
3 16 -34.534 -0.058 28.279 -38.364 -0.058 32.069 -34.054 -0.058 30.679
3 16 -34.054 -0.058 30.679 -38.364 -0.058 32.069 -32.704 -0.058 32.699
4 16 -38.364 -0.058 32.069 -32.064 -0.058 38.369 -30.674 -0.058 34.059 -32.704 -0.058 32.699
2 24 -38.364 -0.058 32.069 -32.064 -0.058 38.369
3 16 -2.394 -0.058 25.769 -2.394 -0.058 34.229 -0.004 -0.058 26.249
4 16 -0.004 -0.058 26.249 -2.394 -0.058 34.229 -0.004 -0.058 33.749 2.396 -0.058 25.769
4 16 2.396 -0.058 25.769 -0.004 -0.058 33.749 2.396 -0.058 34.229 4.416 -0.058 24.419
4 16 4.416 -0.058 24.419 2.396 -0.058 34.229 4.416 -0.058 35.579 22.036 -0.058 28.279
4 16 22.036 -0.058 28.279 4.416 -0.058 35.579 5.776 -0.058 37.609 22.506 -0.058 30.679
4 16 -2.394 -0.058 25.769 -4.424 -0.058 24.419 -4.424 -0.058 35.579 -2.394 -0.058 34.229
3 16 -2.654 -0.058 2.649 -9.724 -0.058 9.719 -1.434 -0.058 3.469
4 16 -1.434 -0.058 3.469 -9.724 -0.058 9.719 -8.364 -0.058 11.749 -2.394 -0.058 14.229
4 16 -2.394 -0.058 14.229 -8.364 -0.058 11.749 -7.894 -0.058 14.139 -4.424 -0.058 15.579
4 16 -4.424 -0.058 15.579 -7.894 -0.058 14.139 -8.364 -0.058 16.529 -5.774 -0.058 17.609
4 16 -5.774 -0.058 17.609 -8.364 -0.058 16.529 -9.724 -0.058 18.559 -6.254 -0.058 19.999
4 16 -6.254 -0.058 19.999 -9.724 -0.058 18.559 -11.754 -0.058 19.919 -5.774 -0.058 22.389
4 16 -5.774 -0.058 22.389 -11.754 -0.058 19.919 -14.144 -0.058 20.389 -4.424 -0.058 24.419
4 16 -4.424 -0.058 24.419 -14.144 -0.058 20.389 -22.034 -0.058 28.279 -4.424 -0.058 35.579
4 16 -4.424 -0.058 35.579 -22.034 -0.058 28.279 -22.514 -0.058 30.679 -5.774 -0.058 37.609
4 16 -2.394 -0.058 14.229 -0.004 -0.058 13.749 -0.004 -0.058 3.749 -1.434 -0.058 3.469
3 16 -0.004 -0.058 3.749 -0.004 -0.058 13.749 1.436 -0.058 3.469
4 16 1.436 -0.058 3.469 -0.004 -0.058 13.749 2.396 -0.058 14.229 8.366 -0.058 11.749
4 16 8.366 -0.058 11.749 2.396 -0.058 14.229 4.416 -0.058 15.579 7.896 -0.058 14.139
4 16 7.896 -0.058 14.139 4.416 -0.058 15.579 5.776 -0.058 17.609 8.366 -0.058 16.529
4 16 8.366 -0.058 16.529 5.776 -0.058 17.609 6.246 -0.058 19.999 9.726 -0.058 18.559
4 16 9.726 -0.058 18.559 6.246 -0.058 19.999 5.776 -0.058 22.389 11.746 -0.058 19.919
4 16 11.746 -0.058 19.919 5.776 -0.058 22.389 4.416 -0.058 24.419 14.146 -0.058 20.389
4 16 14.146 -0.058 20.389 4.416 -0.058 24.419 22.036 -0.058 28.279 22.506 -0.058 25.889
3 16 16.536 -0.058 8.369 18.566 -0.058 9.719 19.996 -0.058 6.249
3 16 19.996 -0.058 6.249 18.566 -0.058 9.719 19.916 -0.058 11.749
4 16 19.996 -0.058 6.249 19.916 -0.058 11.749 20.396 -0.058 14.139 22.396 -0.058 5.769
4 16 22.396 -0.058 5.769 20.396 -0.058 14.139 35.576 -0.058 4.419 24.416 -0.058 4.419
4 16 24.416 -0.058 4.419 35.576 -0.058 4.419 34.226 -0.058 2.389 25.776 -0.058 2.389
4 16 25.776 -0.058 2.389 34.226 -0.058 2.389 33.746 -0.058 -0.001 26.246 -0.058 -0.001
4 16 26.246 -0.058 -0.001 33.746 -0.058 -0.001 34.226 -0.058 -2.391 25.776 -0.058 -2.391
4 16 25.776 -0.058 -2.391 34.226 -0.058 -2.391 35.576 -0.058 -4.421 24.416 -0.058 -4.421
4 16 24.416 -0.058 -4.421 35.576 -0.058 -4.421 20.396 -0.058 -14.141 19.916 -0.058 -11.751
3 16 20.396 -0.058 -14.141 35.576 -0.058 -4.421 28.286 -0.058 -22.031
4 16 20.396 -0.058 -14.141 28.286 -0.058 -22.031 25.896 -0.058 -22.511 19.916 -0.058 -16.531
4 16 19.916 -0.058 -16.531 25.896 -0.058 -22.511 23.866 -0.058 -23.861 18.566 -0.058 -18.561
4 16 18.566 -0.058 -18.561 23.866 -0.058 -23.861 22.506 -0.058 -25.891 16.536 -0.058 -19.921
4 16 16.536 -0.058 -19.921 22.506 -0.058 -25.891 22.036 -0.058 -28.281 14.146 -0.058 -20.391
4 16 14.146 -0.058 -20.391 22.036 -0.058 -28.281 4.416 -0.058 -35.581 4.416 -0.058 -24.421
4 16 4.416 -0.058 -24.421 4.416 -0.058 -35.581 2.396 -0.058 -34.231 2.396 -0.058 -25.771
4 16 24.416 -0.058 -4.421 19.916 -0.058 -11.751 18.566 -0.058 -9.721 22.396 -0.058 -5.771
4 16 22.396 -0.058 -5.771 18.566 -0.058 -9.721 16.536 -0.058 -8.371 19.996 -0.058 -6.251
4 16 19.996 -0.058 -6.251 16.536 -0.058 -8.371 14.146 -0.058 -7.891 17.606 -0.058 -5.771
4 16 17.606 -0.058 -5.771 14.146 -0.058 -7.891 11.746 -0.058 -8.371 15.576 -0.058 -4.421
4 16 15.576 -0.058 -4.421 11.746 -0.058 -8.371 3.466 -0.058 -1.431 14.226 -0.058 -2.391
4 16 3.466 -0.058 -1.431 11.746 -0.058 -8.371 9.726 -0.058 -9.721 2.656 -0.058 -2.651
3 16 2.656 -0.058 -2.651 9.726 -0.058 -9.721 1.436 -0.058 -3.461
4 16 9.726 -0.058 -9.721 8.366 -0.058 -11.751 2.396 -0.058 -14.231 1.436 -0.058 -3.461
4 16 1.436 -0.058 -3.461 2.396 -0.058 -14.231 -0.004 -0.058 -13.751 -0.004 -0.058 -3.751
4 16 8.366 -0.058 -11.751 7.896 -0.058 -14.141 4.416 -0.058 -15.581 2.396 -0.058 -14.231
4 16 7.896 -0.058 -14.141 8.366 -0.058 -16.531 5.776 -0.058 -17.611 4.416 -0.058 -15.581
4 16 8.366 -0.058 -16.531 9.726 -0.058 -18.561 6.246 -0.058 -20.001 5.776 -0.058 -17.611
4 16 9.726 -0.058 -18.561 11.746 -0.058 -19.921 5.776 -0.058 -22.391 6.246 -0.058 -20.001
4 16 11.746 -0.058 -19.921 14.146 -0.058 -20.391 4.416 -0.058 -24.421 5.776 -0.058 -22.391
4 16 -2.394 -0.058 -34.231 -4.424 -0.058 -35.581 -22.034 -0.058 -28.281 -4.424 -0.058 -24.421
4 16 -4.424 -0.058 -24.421 -22.034 -0.058 -28.281 -14.144 -0.058 -20.391 -5.774 -0.058 -22.391
3 16 -14.144 -0.058 -20.391 -22.034 -0.058 -28.281 -22.514 -0.058 -25.891
4 16 -14.144 -0.058 -20.391 -22.514 -0.058 -25.891 -23.864 -0.058 -23.861 -16.534 -0.058 -19.921
4 16 -16.534 -0.058 -19.921 -23.864 -0.058 -23.861 -25.894 -0.058 -22.511 -18.564 -0.058 -18.561
4 16 -18.564 -0.058 -18.561 -25.894 -0.058 -22.511 -28.284 -0.058 -22.031 -19.914 -0.058 -16.531
4 16 -19.914 -0.058 -16.531 -28.284 -0.058 -22.031 -35.584 -0.058 -4.421 -20.394 -0.058 -14.141
4 16 -20.394 -0.058 -14.141 -35.584 -0.058 -4.421 -25.774 -0.058 -2.391 -24.424 -0.058 -4.421
4 16 -5.774 -0.058 -22.391 -14.144 -0.058 -20.391 -11.754 -0.058 -19.921 -6.254 -0.058 -20.001
4 16 -6.254 -0.058 -20.001 -11.754 -0.058 -19.921 -9.724 -0.058 -18.561 -5.774 -0.058 -17.611
4 16 -5.774 -0.058 -17.611 -9.724 -0.058 -18.561 -8.364 -0.058 -16.531 -4.424 -0.058 -15.581
4 16 -4.424 -0.058 -15.581 -8.364 -0.058 -16.531 -7.894 -0.058 -14.141 -2.394 -0.058 -14.231
4 16 -2.394 -0.058 -14.231 -7.894 -0.058 -14.141 -8.364 -0.058 -11.751 -1.434 -0.058 -3.461
4 16 -1.434 -0.058 -3.461 -8.364 -0.058 -11.751 -9.724 -0.058 -9.721 -2.654 -0.058 -2.651
3 16 -2.654 -0.058 -2.651 -9.724 -0.058 -9.721 -3.464 -0.058 -1.431
4 16 -9.724 -0.058 -9.721 -11.754 -0.058 -8.371 -14.224 -0.058 -2.391 -3.464 -0.058 -1.431
4 16 -3.464 -0.058 -1.431 -14.224 -0.058 -2.391 -13.754 -0.058 -0.001 -3.754 -0.058 -0.001
4 16 -11.754 -0.058 -8.371 -14.144 -0.058 -7.891 -15.584 -0.058 -4.421 -14.224 -0.058 -2.391
4 16 -15.584 -0.058 -4.421 -14.144 -0.058 -7.891 -16.534 -0.058 -8.371 -17.604 -0.058 -5.771
4 16 -17.604 -0.058 -5.771 -16.534 -0.058 -8.371 -18.564 -0.058 -9.721 -20.004 -0.058 -6.251
4 16 -20.004 -0.058 -6.251 -18.564 -0.058 -9.721 -19.914 -0.058 -11.751 -22.394 -0.058 -5.771
4 16 -22.394 -0.058 -5.771 -19.914 -0.058 -11.751 -20.394 -0.058 -14.141 -24.424 -0.058 -4.421
4 16 30.676 -0.058 -22.511 28.286 -0.058 -22.031 35.576 -0.058 -4.421 37.606 -0.058 -5.771
4 16 22.036 -0.058 -28.281 22.506 -0.058 -30.681 5.776 -0.058 -37.611 4.416 -0.058 -35.581
4 16 -5.774 -0.058 -37.611 -22.514 -0.058 -30.681 -22.034 -0.058 -28.281 -4.424 -0.058 -35.581
4 16 -35.584 -0.058 -4.421 -28.284 -0.058 -22.031 -30.674 -0.058 -22.511 -37.604 -0.058 -5.771
4 16 37.606 -0.058 5.769 35.576 -0.058 4.419 28.286 -0.058 22.029 30.676 -0.058 22.509
4 16 19.996 -0.058 6.249 17.606 -0.058 5.769 14.146 -0.058 7.889 16.536 -0.058 8.369
4 16 17.606 -0.058 5.769 15.576 -0.058 4.419 11.746 -0.058 8.369 14.146 -0.058 7.889
4 16 15.576 -0.058 4.419 14.226 -0.058 2.389 3.466 -0.058 1.439 11.746 -0.058 8.369
4 16 11.746 -0.058 8.369 3.466 -0.058 1.439 2.656 -0.058 2.649 9.726 -0.058 9.719
4 16 9.726 -0.058 9.719 2.656 -0.058 2.649 1.436 -0.058 3.469 8.366 -0.058 11.749
4 16 14.226 -0.058 2.389 13.746 -0.058 -0.001 3.746 -0.058 -0.001 3.466 -0.058 1.439
4 16 3.746 -0.058 -0.001 13.746 -0.058 -0.001 14.226 -0.058 -2.391 3.466 -0.058 -1.431
4 16 -19.914 -0.058 11.749 -18.564 -0.058 9.719 -20.004 -0.058 6.249 -22.394 -0.058 5.769
3 16 -20.004 -0.058 6.249 -18.564 -0.058 9.719 -16.534 -0.058 8.369
4 16 -20.004 -0.058 6.249 -16.534 -0.058 8.369 -14.144 -0.058 7.889 -17.604 -0.058 5.769
4 16 -17.604 -0.058 5.769 -14.144 -0.058 7.889 -11.754 -0.058 8.369 -15.584 -0.058 4.419
4 16 -15.584 -0.058 4.419 -11.754 -0.058 8.369 -3.464 -0.058 1.439 -14.224 -0.058 2.389
4 16 -14.224 -0.058 2.389 -3.464 -0.058 1.439 -3.754 -0.058 -0.001 -13.754 -0.058 -0.001
4 16 -19.914 -0.058 11.749 -22.394 -0.058 5.769 -24.424 -0.058 4.419 -20.394 -0.058 14.139
4 16 -20.394 -0.058 14.139 -24.424 -0.058 4.419 -34.224 -0.058 2.389 -35.584 -0.058 4.419
3 16 -20.394 -0.058 14.139 -35.584 -0.058 4.419 -28.284 -0.058 22.029
4 16 -28.284 -0.058 22.029 -35.584 -0.058 4.419 -37.604 -0.058 5.769 -30.674 -0.058 22.509
4 16 -34.224 -0.058 2.389 -24.424 -0.058 4.419 -25.774 -0.058 2.389 -33.754 -0.058 -0.001
4 16 -33.754 -0.058 -0.001 -25.774 -0.058 2.389 -26.254 -0.058 -0.001 -34.224 -0.058 -2.391
4 16 -34.224 -0.058 -2.391 -26.254 -0.058 -0.001 -25.774 -0.058 -2.391 -35.584 -0.058 -4.421
4 16 -2.394 -0.058 -14.231 -1.434 -0.058 -3.461 -0.004 -0.058 -3.751 -0.004 -0.058 -13.751
4 16 -2.654 -0.058 2.649 -3.464 -0.058 1.439 -11.754 -0.058 8.369 -9.724 -0.058 9.719
4 16 -2.394 -0.058 -34.231 -4.424 -0.058 -24.421 -2.394 -0.058 -25.771 -0.004 -0.058 -33.751
3 16 -0.004 -0.058 -33.751 -2.394 -0.058 -25.771 -0.004 -0.058 -26.251
4 16 -0.004 -0.058 -33.751 -0.004 -0.058 -26.251 2.396 -0.058 -25.771 2.396 -0.058 -34.231
4 16 14.146 -0.058 20.389 22.506 -0.058 25.889 23.866 -0.058 23.869 16.536 -0.058 19.919
4 16 16.536 -0.058 19.919 23.866 -0.058 23.869 25.896 -0.058 22.509 18.566 -0.058 18.559
4 16 18.566 -0.058 18.559 25.896 -0.058 22.509 28.286 -0.058 22.029 19.916 -0.058 16.529
4 16 19.916 -0.058 16.529 28.286 -0.058 22.029 35.576 -0.058 4.419 20.396 -0.058 14.139
4 16 -20.394 -0.058 14.139 -28.284 -0.058 22.029 -25.894 -0.058 22.509 -19.914 -0.058 16.529
4 16 -19.914 -0.058 16.529 -25.894 -0.058 22.509 -23.864 -0.058 23.869 -18.564 -0.058 18.559
4 16 -18.564 -0.058 18.559 -23.864 -0.058 23.869 -22.514 -0.058 25.889 -16.534 -0.058 19.919
4 16 -16.534 -0.058 19.919 -22.514 -0.058 25.889 -22.034 -0.058 28.279 -14.144 -0.058 20.389

4 16 2.886 -10.058 4.829 2.886 -5.058 4.829 4.036 -5.058 3.919 4.036 -10.058 3.919
5 24 2.886 -10.058 4.829 2.886 -5.058 4.829 4.036 -5.058 3.919 1.536 -10.058 5.409
5 24 4.036 -5.058 3.919 4.036 -10.058 3.919 2.886 -10.058 4.829 4.916 -5.058 2.739
4 16 4.036 -10.058 3.919 4.036 -5.058 3.919 4.916 -5.058 2.739 4.916 -10.058 2.739
5 24 4.916 -10.058 2.739 4.916 -5.058 2.739 5.456 -5.058 1.369 4.036 -10.058 3.919
4 16 2.886 -10.058 4.829 1.536 -10.058 5.409 1.536 -5.058 5.409 2.886 -5.058 4.829
5 24 1.536 -10.058 5.409 1.536 -5.058 5.409 2.886 -5.058 4.829 0.086 -10.058 5.619
4 16 1.536 -10.058 5.409 0.086 -10.058 5.619 0.086 -5.058 5.619 1.536 -5.058 5.409
5 24 0.086 -10.058 5.619 0.086 -5.058 5.619 1.536 -5.058 5.409 -1.374 -10.058 5.459
4 16 0.086 -10.058 5.619 -1.374 -10.058 5.459 -1.374 -5.058 5.459 0.086 -5.058 5.619
5 24 -1.374 -10.058 5.459 -1.374 -5.058 5.459 0.086 -5.058 5.619 -2.734 -10.058 4.909
4 16 -1.374 -10.058 5.459 -2.734 -10.058 4.909 -2.734 -5.058 4.909 -1.374 -5.058 5.459
5 24 -2.734 -10.058 4.909 -2.734 -5.058 4.909 -1.374 -5.058 5.459 -3.914 -10.058 4.039
4 16 -2.734 -10.058 4.909 -3.914 -10.058 4.039 -3.914 -5.058 4.039 -2.734 -5.058 4.909
5 24 -3.914 -10.058 4.039 -3.914 -5.058 4.039 -2.734 -5.058 4.909 -4.824 -10.058 2.889
4 16 -3.914 -10.058 4.039 -4.824 -10.058 2.889 -4.824 -5.058 2.889 -3.914 -5.058 4.039
5 24 -4.824 -10.058 2.889 -4.824 -5.058 2.889 -3.914 -5.058 4.039 -5.414 -10.058 1.539
4 16 -4.824 -10.058 2.889 -5.414 -10.058 1.539 -5.414 -5.058 1.539 -4.824 -5.058 2.889
5 24 -5.414 -10.058 1.539 -5.414 -5.058 1.539 -4.824 -5.058 2.889 -5.624 -10.058 0.089
4 16 -5.414 -10.058 1.539 -5.624 -10.058 0.089 -5.624 -5.058 0.089 -5.414 -5.058 1.539
5 24 -5.624 -10.058 0.089 -5.624 -5.058 0.089 -5.414 -5.058 1.539 -5.454 -10.058 -1.371
4 16 -5.624 -10.058 0.089 -5.454 -10.058 -1.371 -5.454 -5.058 -1.371 -5.624 -5.058 0.089
5 24 -5.454 -10.058 -1.371 -5.454 -5.058 -1.371 -5.624 -5.058 0.089 -4.914 -10.058 -2.741
4 16 -5.454 -10.058 -1.371 -4.914 -10.058 -2.741 -4.914 -5.058 -2.741 -5.454 -5.058 -1.371
5 24 -4.914 -10.058 -2.741 -4.914 -5.058 -2.741 -5.454 -5.058 -1.371 -4.034 -10.058 -3.921
4 16 -4.914 -10.058 -2.741 -4.034 -10.058 -3.921 -4.034 -5.058 -3.921 -4.914 -5.058 -2.741
5 24 -4.034 -10.058 -3.921 -4.034 -5.058 -3.921 -4.914 -5.058 -2.741 -2.884 -10.058 -4.831
4 16 -4.034 -10.058 -3.921 -2.884 -10.058 -4.831 -2.884 -5.058 -4.831 -4.034 -5.058 -3.921
5 24 -2.884 -10.058 -4.831 -2.884 -5.058 -4.831 -4.034 -5.058 -3.921 -1.544 -10.058 -5.411
4 16 -2.884 -10.058 -4.831 -1.544 -10.058 -5.411 -1.544 -5.058 -5.411 -2.884 -5.058 -4.831
5 24 -1.544 -10.058 -5.411 -1.544 -5.058 -5.411 -2.884 -5.058 -4.831 -0.084 -10.058 -5.621
4 16 -1.544 -10.058 -5.411 -0.084 -10.058 -5.621 -0.084 -5.058 -5.621 -1.544 -5.058 -5.411
5 24 -0.084 -10.058 -5.621 -0.084 -5.058 -5.621 -1.544 -5.058 -5.411 1.376 -10.058 -5.451
4 16 -0.084 -10.058 -5.621 1.376 -10.058 -5.451 1.376 -5.058 -5.451 -0.084 -5.058 -5.621
5 24 1.376 -10.058 -5.451 1.376 -5.058 -5.451 -0.084 -5.058 -5.621 2.736 -10.058 -4.911
4 16 1.376 -10.058 -5.451 2.736 -10.058 -4.911 2.736 -5.058 -4.911 1.376 -5.058 -5.451
5 24 2.736 -10.058 -4.911 2.736 -5.058 -4.911 1.376 -5.058 -5.451 3.916 -10.058 -4.041
4 16 2.736 -10.058 -4.911 3.916 -10.058 -4.041 3.916 -5.058 -4.041 2.736 -5.058 -4.911
5 24 3.916 -10.058 -4.041 3.916 -5.058 -4.041 2.736 -5.058 -4.911 4.826 -10.058 -2.891
4 16 3.916 -10.058 -4.041 4.826 -10.058 -2.891 4.826 -5.058 -2.891 3.916 -5.058 -4.041
5 24 4.826 -10.058 -2.891 4.826 -5.058 -2.891 3.916 -5.058 -4.041 5.406 -10.058 -1.541
4 16 4.826 -10.058 -2.891 5.406 -10.058 -1.541 5.406 -5.058 -1.541 4.826 -5.058 -2.891
5 24 5.406 -10.058 -1.541 5.406 -5.058 -1.541 4.826 -5.058 -2.891 5.626 -10.058 -0.091
4 16 5.406 -10.058 -1.541 5.626 -10.058 -0.091 5.626 -5.058 -0.091 5.406 -5.058 -1.541
5 24 5.626 -10.058 -0.091 5.626 -5.058 -0.091 5.406 -5.058 -1.541 5.456 -10.058 1.369
4 16 5.626 -10.058 -0.091 5.456 -10.058 1.369 5.456 -5.058 1.369 5.626 -5.058 -0.091
5 24 5.456 -10.058 1.369 5.456 -5.058 1.369 5.626 -5.058 -0.091 4.916 -10.058 2.739
4 16 5.456 -5.058 1.369 5.456 -10.058 1.369 4.916 -10.058 2.739 4.916 -5.058 2.739
4 16 13.226 -10.058 48.219 13.226 -0.058 48.219 4.456 -0.058 49.799 4.456 -10.058 49.799
2 24 13.226 -10.058 48.219 13.226 -0.058 48.219
5 24 4.456 -0.058 49.799 4.456 -10.058 49.799 13.226 -10.058 48.219 -4.454 -0.058 49.799
4 16 4.456 -10.058 49.799 4.456 -0.058 49.799 -4.454 -0.058 49.799 -4.454 -10.058 49.799
5 24 -4.454 -10.058 49.799 -4.454 -0.058 49.799 -13.224 -0.058 48.219 4.456 -10.058 49.799
4 16 -13.224 -0.058 48.219 -13.224 -10.058 48.219 -4.454 -10.058 49.799 -4.454 -0.058 49.799
2 24 -13.224 -0.058 48.219 -13.224 -10.058 48.219
4 16 24.746 -0.058 43.449 23.346 -0.058 41.569 23.346 -10.058 41.569 24.746 -10.058 43.449
5 24 23.346 -0.058 41.569 23.346 -10.058 41.569 24.746 -10.058 43.449 21.346 -0.058 40.349
2 24 24.746 -10.058 43.449 24.746 -0.058 43.449
4 16 23.346 -0.058 41.569 21.346 -0.058 40.349 21.346 -10.058 40.349 23.346 -10.058 41.569
5 24 21.346 -0.058 40.349 21.346 -10.058 40.349 23.346 -10.058 41.569 19.036 -0.058 39.949
4 16 21.346 -0.058 40.349 19.036 -0.058 39.949 19.036 -10.058 39.949 21.346 -10.058 40.349
5 24 19.036 -0.058 39.949 19.036 -10.058 39.949 21.346 -10.058 40.349 16.746 -0.058 40.419
4 16 19.036 -0.058 39.949 16.746 -0.058 40.419 16.746 -10.058 40.419 19.036 -10.058 39.949
5 24 16.746 -0.058 40.419 16.746 -10.058 40.419 19.036 -10.058 39.949 14.786 -0.058 41.709
4 16 16.746 -0.058 40.419 14.786 -0.058 41.709 14.786 -10.058 41.709 16.746 -10.058 40.419
5 24 14.786 -0.058 41.709 14.786 -10.058 41.709 16.746 -10.058 40.419 13.436 -0.058 43.619
4 16 14.786 -0.058 41.709 13.436 -0.058 43.619 13.436 -10.058 43.619 14.786 -10.058 41.709
5 24 13.436 -0.058 43.619 13.436 -10.058 43.619 14.786 -10.058 41.709 12.886 -0.058 45.899
4 16 13.436 -0.058 43.619 12.886 -0.058 45.899 12.886 -10.058 45.899 13.436 -10.058 43.619
5 24 12.886 -0.058 45.899 12.886 -10.058 45.899 13.436 -10.058 43.619 13.226 -0.058 48.219
4 16 12.886 -0.058 45.899 13.226 -0.058 48.219 13.226 -10.058 48.219 12.886 -10.058 45.899
4 16 43.446 -10.058 24.749 43.446 -0.058 24.749 38.366 -0.058 32.069 38.366 -10.058 32.069
2 24 43.446 -10.058 24.749 43.446 -0.058 24.749
5 24 38.366 -0.058 32.069 38.366 -10.058 32.069 43.446 -10.058 24.749 32.066 -0.058 38.369
4 16 38.366 -10.058 32.069 38.366 -0.058 32.069 32.066 -0.058 38.369 32.066 -10.058 38.369
5 24 32.066 -10.058 38.369 32.066 -0.058 38.369 24.746 -0.058 43.449 38.366 -10.058 32.069
4 16 24.746 -0.058 43.449 24.746 -10.058 43.449 32.066 -10.058 38.369 32.066 -0.058 38.369
4 16 48.216 -0.058 13.219 45.896 -0.058 12.889 45.896 -10.058 12.889 48.216 -10.058 13.219
5 24 45.896 -0.058 12.889 45.896 -10.058 12.889 48.216 -10.058 13.219 43.626 -0.058 13.439
2 24 48.216 -10.058 13.219 48.216 -0.058 13.219
4 16 45.896 -0.058 12.889 43.626 -0.058 13.439 43.626 -10.058 13.439 45.896 -10.058 12.889
5 24 43.626 -0.058 13.439 43.626 -10.058 13.439 45.896 -10.058 12.889 41.706 -0.058 14.779
4 16 43.626 -0.058 13.439 41.706 -0.058 14.779 41.706 -10.058 14.779 43.626 -10.058 13.439
5 24 41.706 -0.058 14.779 41.706 -10.058 14.779 43.626 -10.058 13.439 40.416 -0.058 16.739
4 16 41.706 -0.058 14.779 40.416 -0.058 16.739 40.416 -10.058 16.739 41.706 -10.058 14.779
5 24 40.416 -0.058 16.739 40.416 -10.058 16.739 41.706 -10.058 14.779 39.946 -0.058 19.039
4 16 40.416 -0.058 16.739 39.946 -0.058 19.039 39.946 -10.058 19.039 40.416 -10.058 16.739
5 24 39.946 -0.058 19.039 39.946 -10.058 19.039 40.416 -10.058 16.739 40.346 -0.058 21.339
4 16 39.946 -0.058 19.039 40.346 -0.058 21.339 40.346 -10.058 21.339 39.946 -10.058 19.039
5 24 40.346 -0.058 21.339 40.346 -10.058 21.339 39.946 -10.058 19.039 41.576 -0.058 23.339
4 16 40.346 -0.058 21.339 41.576 -0.058 23.339 41.576 -10.058 23.339 40.346 -10.058 21.339
5 24 41.576 -0.058 23.339 41.576 -10.058 23.339 40.346 -10.058 21.339 43.446 -0.058 24.749
4 16 41.576 -0.058 23.339 43.446 -0.058 24.749 43.446 -10.058 24.749 41.576 -10.058 23.339
4 16 48.216 -10.058 -13.221 48.216 -0.058 -13.221 49.796 -0.058 -4.451 49.796 -10.058 -4.451
2 24 48.216 -10.058 -13.221 48.216 -0.058 -13.221
5 24 49.796 -0.058 -4.451 49.796 -10.058 -4.451 48.216 -10.058 -13.221 49.796 -0.058 4.449
4 16 49.796 -10.058 -4.451 49.796 -0.058 -4.451 49.796 -0.058 4.449 49.796 -10.058 4.449
5 24 49.796 -10.058 4.449 49.796 -0.058 4.449 48.216 -0.058 13.219 49.796 -10.058 -4.451
4 16 48.216 -0.058 13.219 48.216 -10.058 13.219 49.796 -10.058 4.449 49.796 -0.058 4.449
4 16 43.446 -0.058 -24.751 41.576 -0.058 -23.341 41.576 -10.058 -23.341 43.446 -10.058 -24.751
5 24 41.576 -0.058 -23.341 41.576 -10.058 -23.341 43.446 -10.058 -24.751 40.346 -0.058 -21.341
2 24 43.446 -10.058 -24.751 43.446 -0.058 -24.751
4 16 41.576 -0.058 -23.341 40.346 -0.058 -21.341 40.346 -10.058 -21.341 41.576 -10.058 -23.341
5 24 40.346 -0.058 -21.341 40.346 -10.058 -21.341 41.576 -10.058 -23.341 39.946 -0.058 -19.041
4 16 40.346 -0.058 -21.341 39.946 -0.058 -19.041 39.946 -10.058 -19.041 40.346 -10.058 -21.341
5 24 39.946 -0.058 -19.041 39.946 -10.058 -19.041 40.346 -10.058 -21.341 40.416 -0.058 -16.741
4 16 39.946 -0.058 -19.041 40.416 -0.058 -16.741 40.416 -10.058 -16.741 39.946 -10.058 -19.041
5 24 40.416 -0.058 -16.741 40.416 -10.058 -16.741 39.946 -10.058 -19.041 41.706 -0.058 -14.781
4 16 40.416 -0.058 -16.741 41.706 -0.058 -14.781 41.706 -10.058 -14.781 40.416 -10.058 -16.741
5 24 41.706 -0.058 -14.781 41.706 -10.058 -14.781 40.416 -10.058 -16.741 43.626 -0.058 -13.441
4 16 41.706 -0.058 -14.781 43.626 -0.058 -13.441 43.626 -10.058 -13.441 41.706 -10.058 -14.781
5 24 43.626 -0.058 -13.441 43.626 -10.058 -13.441 41.706 -10.058 -14.781 45.896 -0.058 -12.891
4 16 43.626 -0.058 -13.441 45.896 -0.058 -12.891 45.896 -10.058 -12.891 43.626 -10.058 -13.441
5 24 45.896 -0.058 -12.891 45.896 -10.058 -12.891 43.626 -10.058 -13.441 48.216 -0.058 -13.221
4 16 45.896 -0.058 -12.891 48.216 -0.058 -13.221 48.216 -10.058 -13.221 45.896 -10.058 -12.891
4 16 24.746 -10.058 -43.451 24.746 -0.058 -43.451 32.066 -0.058 -38.361 32.066 -10.058 -38.361
2 24 24.746 -10.058 -43.451 24.746 -0.058 -43.451
5 24 32.066 -0.058 -38.361 32.066 -10.058 -38.361 24.746 -10.058 -43.451 38.366 -0.058 -32.061
4 16 32.066 -10.058 -38.361 32.066 -0.058 -38.361 38.366 -0.058 -32.061 38.366 -10.058 -32.061
5 24 38.366 -10.058 -32.061 38.366 -0.058 -32.061 43.446 -0.058 -24.751 32.066 -10.058 -38.361
4 16 43.446 -0.058 -24.751 43.446 -10.058 -24.751 38.366 -10.058 -32.061 38.366 -0.058 -32.061
4 16 13.226 -0.058 -48.221 12.886 -0.058 -45.901 12.886 -10.058 -45.901 13.226 -10.058 -48.221
5 24 12.886 -0.058 -45.901 12.886 -10.058 -45.901 13.226 -10.058 -48.221 13.436 -0.058 -43.621
2 24 13.226 -10.058 -48.221 13.226 -0.058 -48.221
4 16 12.886 -0.058 -45.901 13.436 -0.058 -43.621 13.436 -10.058 -43.621 12.886 -10.058 -45.901
5 24 13.436 -0.058 -43.621 13.436 -10.058 -43.621 12.886 -10.058 -45.901 14.786 -0.058 -41.711
4 16 13.436 -0.058 -43.621 14.786 -0.058 -41.711 14.786 -10.058 -41.711 13.436 -10.058 -43.621
5 24 14.786 -0.058 -41.711 14.786 -10.058 -41.711 13.436 -10.058 -43.621 16.746 -0.058 -40.421
4 16 14.786 -0.058 -41.711 16.746 -0.058 -40.421 16.746 -10.058 -40.421 14.786 -10.058 -41.711
5 24 16.746 -0.058 -40.421 16.746 -10.058 -40.421 14.786 -10.058 -41.711 19.036 -0.058 -39.941
4 16 16.746 -0.058 -40.421 19.036 -0.058 -39.941 19.036 -10.058 -39.941 16.746 -10.058 -40.421
5 24 19.036 -0.058 -39.941 19.036 -10.058 -39.941 16.746 -10.058 -40.421 21.346 -0.058 -40.351
4 16 19.036 -0.058 -39.941 21.346 -0.058 -40.351 21.346 -10.058 -40.351 19.036 -10.058 -39.941
5 24 21.346 -0.058 -40.351 21.346 -10.058 -40.351 19.036 -10.058 -39.941 23.346 -0.058 -41.571
4 16 21.346 -0.058 -40.351 23.346 -0.058 -41.571 23.346 -10.058 -41.571 21.346 -10.058 -40.351
5 24 23.346 -0.058 -41.571 23.346 -10.058 -41.571 21.346 -10.058 -40.351 24.746 -0.058 -43.451
4 16 23.346 -0.058 -41.571 24.746 -0.058 -43.451 24.746 -10.058 -43.451 23.346 -10.058 -41.571
4 16 -13.224 -10.058 -48.221 -13.224 -0.058 -48.221 -4.454 -0.058 -49.801 -4.454 -10.058 -49.801
2 24 -13.224 -10.058 -48.221 -13.224 -0.058 -48.221
5 24 -4.454 -0.058 -49.801 -4.454 -10.058 -49.801 -13.224 -10.058 -48.221 4.456 -0.058 -49.801
4 16 -4.454 -10.058 -49.801 -4.454 -0.058 -49.801 4.456 -0.058 -49.801 4.456 -10.058 -49.801
5 24 4.456 -10.058 -49.801 4.456 -0.058 -49.801 13.226 -0.058 -48.221 -4.454 -10.058 -49.801
4 16 13.226 -0.058 -48.221 13.226 -10.058 -48.221 4.456 -10.058 -49.801 4.456 -0.058 -49.801
4 16 -24.744 -0.058 -43.451 -23.344 -0.058 -41.571 -23.344 -10.058 -41.571 -24.744 -10.058 -43.451
5 24 -23.344 -0.058 -41.571 -23.344 -10.058 -41.571 -24.744 -10.058 -43.451 -21.344 -0.058 -40.351
2 24 -24.744 -10.058 -43.451 -24.744 -0.058 -43.451
4 16 -23.344 -0.058 -41.571 -21.344 -0.058 -40.351 -21.344 -10.058 -40.351 -23.344 -10.058 -41.571
5 24 -21.344 -0.058 -40.351 -21.344 -10.058 -40.351 -23.344 -10.058 -41.571 -19.034 -0.058 -39.941
4 16 -21.344 -0.058 -40.351 -19.034 -0.058 -39.941 -19.034 -10.058 -39.941 -21.344 -10.058 -40.351
5 24 -19.034 -0.058 -39.941 -19.034 -10.058 -39.941 -21.344 -10.058 -40.351 -16.744 -0.058 -40.421
4 16 -19.034 -0.058 -39.941 -16.744 -0.058 -40.421 -16.744 -10.058 -40.421 -19.034 -10.058 -39.941
5 24 -16.744 -0.058 -40.421 -16.744 -10.058 -40.421 -19.034 -10.058 -39.941 -14.784 -0.058 -41.711
4 16 -16.744 -0.058 -40.421 -14.784 -0.058 -41.711 -14.784 -10.058 -41.711 -16.744 -10.058 -40.421
5 24 -14.784 -0.058 -41.711 -14.784 -10.058 -41.711 -16.744 -10.058 -40.421 -13.434 -0.058 -43.621
4 16 -14.784 -0.058 -41.711 -13.434 -0.058 -43.621 -13.434 -10.058 -43.621 -14.784 -10.058 -41.711
5 24 -13.434 -0.058 -43.621 -13.434 -10.058 -43.621 -14.784 -10.058 -41.711 -12.894 -0.058 -45.901
4 16 -13.434 -0.058 -43.621 -12.894 -0.058 -45.901 -12.894 -10.058 -45.901 -13.434 -10.058 -43.621
5 24 -12.894 -0.058 -45.901 -12.894 -10.058 -45.901 -13.434 -10.058 -43.621 -13.224 -0.058 -48.221
4 16 -12.894 -0.058 -45.901 -13.224 -0.058 -48.221 -13.224 -10.058 -48.221 -12.894 -10.058 -45.901
4 16 -43.444 -10.058 -24.751 -43.444 -0.058 -24.751 -38.364 -0.058 -32.061 -38.364 -10.058 -32.061
2 24 -43.444 -10.058 -24.751 -43.444 -0.058 -24.751
5 24 -38.364 -0.058 -32.061 -38.364 -10.058 -32.061 -43.444 -10.058 -24.751 -32.064 -0.058 -38.361
4 16 -38.364 -10.058 -32.061 -38.364 -0.058 -32.061 -32.064 -0.058 -38.361 -32.064 -10.058 -38.361
5 24 -32.064 -10.058 -38.361 -32.064 -0.058 -38.361 -24.744 -0.058 -43.451 -38.364 -10.058 -32.061
4 16 -24.744 -0.058 -43.451 -24.744 -10.058 -43.451 -32.064 -10.058 -38.361 -32.064 -0.058 -38.361
4 16 -48.224 -0.058 -13.221 -45.904 -0.058 -12.891 -45.904 -10.058 -12.891 -48.224 -10.058 -13.221
5 24 -45.904 -0.058 -12.891 -45.904 -10.058 -12.891 -48.224 -10.058 -13.221 -43.624 -0.058 -13.441
2 24 -48.224 -10.058 -13.221 -48.224 -0.058 -13.221
4 16 -45.904 -0.058 -12.891 -43.624 -0.058 -13.441 -43.624 -10.058 -13.441 -45.904 -10.058 -12.891
5 24 -43.624 -0.058 -13.441 -43.624 -10.058 -13.441 -45.904 -10.058 -12.891 -41.704 -0.058 -14.781
4 16 -43.624 -0.058 -13.441 -41.704 -0.058 -14.781 -41.704 -10.058 -14.781 -43.624 -10.058 -13.441
5 24 -41.704 -0.058 -14.781 -41.704 -10.058 -14.781 -43.624 -10.058 -13.441 -40.424 -0.058 -16.741
4 16 -41.704 -0.058 -14.781 -40.424 -0.058 -16.741 -40.424 -10.058 -16.741 -41.704 -10.058 -14.781
5 24 -40.424 -0.058 -16.741 -40.424 -10.058 -16.741 -41.704 -10.058 -14.781 -39.944 -0.058 -19.041
4 16 -40.424 -0.058 -16.741 -39.944 -0.058 -19.041 -39.944 -10.058 -19.041 -40.424 -10.058 -16.741
5 24 -39.944 -0.058 -19.041 -39.944 -10.058 -19.041 -40.424 -10.058 -16.741 -40.344 -0.058 -21.341
4 16 -39.944 -0.058 -19.041 -40.344 -0.058 -21.341 -40.344 -10.058 -21.341 -39.944 -10.058 -19.041
5 24 -40.344 -0.058 -21.341 -40.344 -10.058 -21.341 -39.944 -10.058 -19.041 -41.574 -0.058 -23.341
4 16 -40.344 -0.058 -21.341 -41.574 -0.058 -23.341 -41.574 -10.058 -23.341 -40.344 -10.058 -21.341
5 24 -41.574 -0.058 -23.341 -41.574 -10.058 -23.341 -40.344 -10.058 -21.341 -43.444 -0.058 -24.751
4 16 -41.574 -0.058 -23.341 -43.444 -0.058 -24.751 -43.444 -10.058 -24.751 -41.574 -10.058 -23.341
4 16 -48.224 -10.058 13.219 -48.224 -0.058 13.219 -49.804 -0.058 4.449 -49.804 -10.058 4.449
2 24 -48.224 -10.058 13.219 -48.224 -0.058 13.219
5 24 -49.804 -0.058 4.449 -49.804 -10.058 4.449 -48.224 -10.058 13.219 -49.804 -0.058 -4.451
4 16 -49.804 -10.058 4.449 -49.804 -0.058 4.449 -49.804 -0.058 -4.451 -49.804 -10.058 -4.451
5 24 -49.804 -10.058 -4.451 -49.804 -0.058 -4.451 -48.224 -0.058 -13.221 -49.804 -10.058 4.449
4 16 -48.224 -0.058 -13.221 -48.224 -10.058 -13.221 -49.804 -10.058 -4.451 -49.804 -0.058 -4.451
4 16 -43.444 -0.058 24.749 -41.574 -0.058 23.339 -41.574 -10.058 23.339 -43.444 -10.058 24.749
5 24 -41.574 -0.058 23.339 -41.574 -10.058 23.339 -43.444 -10.058 24.749 -40.344 -0.058 21.339
2 24 -43.444 -10.058 24.749 -43.444 -0.058 24.749
4 16 -41.574 -0.058 23.339 -40.344 -0.058 21.339 -40.344 -10.058 21.339 -41.574 -10.058 23.339
5 24 -40.344 -0.058 21.339 -40.344 -10.058 21.339 -41.574 -10.058 23.339 -39.944 -0.058 19.039
4 16 -40.344 -0.058 21.339 -39.944 -0.058 19.039 -39.944 -10.058 19.039 -40.344 -10.058 21.339
5 24 -39.944 -0.058 19.039 -39.944 -10.058 19.039 -40.344 -10.058 21.339 -40.424 -0.058 16.739
4 16 -39.944 -0.058 19.039 -40.424 -0.058 16.739 -40.424 -10.058 16.739 -39.944 -10.058 19.039
5 24 -40.424 -0.058 16.739 -40.424 -10.058 16.739 -39.944 -10.058 19.039 -41.704 -0.058 14.779
4 16 -40.424 -0.058 16.739 -41.704 -0.058 14.779 -41.704 -10.058 14.779 -40.424 -10.058 16.739
5 24 -41.704 -0.058 14.779 -41.704 -10.058 14.779 -40.424 -10.058 16.739 -43.624 -0.058 13.439
4 16 -41.704 -0.058 14.779 -43.624 -0.058 13.439 -43.624 -10.058 13.439 -41.704 -10.058 14.779
5 24 -43.624 -0.058 13.439 -43.624 -10.058 13.439 -41.704 -10.058 14.779 -45.904 -0.058 12.889
4 16 -43.624 -0.058 13.439 -45.904 -0.058 12.889 -45.904 -10.058 12.889 -43.624 -10.058 13.439
5 24 -45.904 -0.058 12.889 -45.904 -10.058 12.889 -43.624 -10.058 13.439 -48.224 -0.058 13.219
4 16 -45.904 -0.058 12.889 -48.224 -0.058 13.219 -48.224 -10.058 13.219 -45.904 -10.058 12.889
4 16 -24.744 -10.058 43.449 -24.744 -0.058 43.449 -32.064 -0.058 38.369 -32.064 -10.058 38.369
2 24 -24.744 -10.058 43.449 -24.744 -0.058 43.449
5 24 -32.064 -0.058 38.369 -32.064 -10.058 38.369 -24.744 -10.058 43.449 -38.364 -0.058 32.069
4 16 -32.064 -10.058 38.369 -32.064 -0.058 38.369 -38.364 -0.058 32.069 -38.364 -10.058 32.069
5 24 -38.364 -10.058 32.069 -38.364 -0.058 32.069 -43.444 -0.058 24.749 -32.064 -10.058 38.369
4 16 -43.444 -0.058 24.749 -43.444 -10.058 24.749 -38.364 -10.058 32.069 -38.364 -0.058 32.069
4 16 -13.224 -0.058 48.219 -12.894 -0.058 45.899 -12.894 -10.058 45.899 -13.224 -10.058 48.219
5 24 -12.894 -0.058 45.899 -12.894 -10.058 45.899 -13.224 -10.058 48.219 -13.434 -0.058 43.619
4 16 -12.894 -0.058 45.899 -13.434 -0.058 43.619 -13.434 -10.058 43.619 -12.894 -10.058 45.899
5 24 -13.434 -0.058 43.619 -13.434 -10.058 43.619 -12.894 -10.058 45.899 -14.784 -0.058 41.709
4 16 -13.434 -0.058 43.619 -14.784 -0.058 41.709 -14.784 -10.058 41.709 -13.434 -10.058 43.619
5 24 -14.784 -0.058 41.709 -14.784 -10.058 41.709 -13.434 -10.058 43.619 -16.744 -0.058 40.419
4 16 -14.784 -0.058 41.709 -16.744 -0.058 40.419 -16.744 -10.058 40.419 -14.784 -10.058 41.709
5 24 -16.744 -0.058 40.419 -16.744 -10.058 40.419 -14.784 -10.058 41.709 -19.034 -0.058 39.949
4 16 -16.744 -0.058 40.419 -19.034 -0.058 39.949 -19.034 -10.058 39.949 -16.744 -10.058 40.419
5 24 -19.034 -0.058 39.949 -19.034 -10.058 39.949 -16.744 -10.058 40.419 -21.344 -0.058 40.349
4 16 -19.034 -0.058 39.949 -21.344 -0.058 40.349 -21.344 -10.058 40.349 -19.034 -10.058 39.949
5 24 -21.344 -0.058 40.349 -21.344 -10.058 40.349 -19.034 -10.058 39.949 -23.344 -0.058 41.569
4 16 -21.344 -0.058 40.349 -23.344 -0.058 41.569 -23.344 -10.058 41.569 -21.344 -10.058 40.349
5 24 -23.344 -0.058 41.569 -23.344 -10.058 41.569 -21.344 -10.058 40.349 -24.744 -0.058 43.449
4 16 -23.344 -0.058 41.569 -24.744 -0.058 43.449 -24.744 -10.058 43.449 -23.344 -10.058 41.569
0
