0 Bitbeam Screw M4 x 10
0 Name: bb-sc-M4x10.dat
0 Author: Tomas Feltl (e-Mole.cz)
0 !LDRAW_ORG Unofficial_Part
0 !LICENSE Redistributable under CCAL version 2.0 : see CAreadme.txt

0 ROTATION CENTER 0 0 0 1 "Custom" 
0 ROTATION CONFIG 0 0
0 BFC CERTIFY CCW

0 // Created with stl2dat conversion tool
1 9 0 0 0 8.75 0 0 0 0 8.75 0 -10 0 4-4cyli.dat
1 9 0 0 0 8.75 0 0 0 0 8.75 0 -1 0 4-4edge.dat
1 9 0 0 -10 8.75 0 0 0 0 8.75 0 -1 0 4-4edge.dat

3 9 4.618 -1.91 0 8.088 -3.35 0 4.998 0 0
2 24 4.618 -1.91 0 4.998 0 0
4 9 4.998 0 0 8.088 -3.35 0 8.748 0 0 4.618 1.91 0
2 24 4.998 0 0 4.618 1.91 0
4 9 4.618 1.91 0 8.748 0 0 8.088 3.35 0 3.538 3.54 0
2 24 4.618 1.91 0 3.538 3.54 0
4 9 3.538 3.54 0 8.088 3.35 0 6.188 6.19 0 1.918 4.62 0
2 24 3.538 3.54 0 1.918 4.62 0
4 9 1.918 4.62 0 6.188 6.19 0 3.348 8.08 0 -0.002 5 0
2 24 1.918 4.62 0 -0.002 5 0
4 9 -0.002 5 0 3.348 8.08 0 -0.002 8.75 0 -3.352 8.08 0
4 9 4.618 -1.91 0 3.538 -3.54 0 6.188 -6.19 0 8.088 -3.35 0
2 24 3.538 -3.54 0 4.618 -1.91 0
4 9 3.538 -3.54 0 1.918 -4.62 0 3.348 -8.08 0 6.188 -6.19 0
2 24 1.918 -4.62 0 3.538 -3.54 0
4 9 1.918 -4.62 0 -0.002 -5 0 -0.002 -8.75 0 3.348 -8.08 0
2 24 -0.002 -5 0 1.918 -4.62 0
4 9 -0.002 -8.75 0 -0.002 -5 0 -1.912 -4.62 0 -3.352 -8.08 0
2 24 -1.912 -4.62 0 -0.002 -5 0
4 9 -3.352 -8.08 0 -1.912 -4.62 0 -3.532 -3.54 0 -6.192 -6.19 0
2 24 -3.532 -3.54 0 -1.912 -4.62 0
4 9 -6.192 -6.19 0 -3.532 -3.54 0 -4.622 -1.91 0 -8.082 -3.35 0
2 24 -4.622 -1.91 0 -3.532 -3.54 0
4 9 -8.082 -3.35 0 -4.622 -1.91 0 -5.002 0 0 -8.752 0 0
2 24 -5.002 0 0 -4.622 -1.91 0
3 9 -8.752 0 0 -5.002 0 0 -4.622 1.91 0
2 24 -4.622 1.91 0 -5.002 0 0
4 9 -8.752 0 0 -4.622 1.91 0 -3.532 3.54 0 -8.082 3.35 0
2 24 -3.532 3.54 0 -4.622 1.91 0
4 9 -8.082 3.35 0 -3.532 3.54 0 -1.912 4.62 0 -6.192 6.19 0
2 24 -1.912 4.62 0 -3.532 3.54 0
4 9 -6.192 6.19 0 -1.912 4.62 0 -0.002 5 0 -3.352 8.08 0
2 24 -0.002 5 0 -1.912 4.62 0

4 9 3.348 -8.08 -10 -0.002 -8.75 -10 -3.352 -8.08 -10 6.188 -6.19 -10
4 9 6.188 -6.19 -10 -3.352 -8.08 -10 -6.192 -6.19 -10 8.088 -3.35 -10
4 9 8.088 -3.35 -10 -6.192 -6.19 -10 -8.082 -3.35 -10 8.748 0 -10
4 9 8.748 0 -10 -8.082 -3.35 -10 -8.752 0 -10 8.088 3.35 -10
4 9 8.088 3.35 -10 -8.752 0 -10 -8.082 3.35 -10 6.188 6.19 -10
4 9 6.188 6.19 -10 -8.082 3.35 -10 -6.192 6.19 -10 3.348 8.08 -10
4 9 3.348 8.08 -10 -6.192 6.19 -10 -3.352 8.08 -10 -0.002 8.75 -10

4 9 -0.652 -4.96 25 1.298 -4.83 25 3.048 -3.97 25 -2.502 -4.33 25
2 24 -0.652 -4.96 25 1.298 -4.83 25
2 24 1.298 -4.83 25 3.048 -3.97 25
2 24 -2.502 -4.33 25 -0.652 -4.96 25
4 9 -2.502 -4.33 25 3.048 -3.97 25 4.328 -2.5 25 -3.962 -3.04 25
2 24 3.048 -3.97 25 4.328 -2.5 25
2 24 -3.962 -3.04 25 -2.502 -4.33 25
4 9 -3.962 -3.04 25 4.328 -2.5 25 4.958 -0.65 25 -4.832 -1.29 25
2 24 4.328 -2.5 25 4.958 -0.65 25
2 24 -4.832 -1.29 25 -3.962 -3.04 25
4 9 -4.832 -1.29 25 4.958 -0.65 25 4.828 1.29 25 -4.962 0.65 25
2 24 4.958 -0.65 25 4.828 1.29 25
2 24 -4.962 0.65 25 -4.832 -1.29 25
4 9 -4.962 0.65 25 4.828 1.29 25 3.968 3.04 25 -4.332 2.5 25
2 24 4.828 1.29 25 3.968 3.04 25
2 24 -4.332 2.5 25 -4.962 0.65 25
4 9 -4.332 2.5 25 3.968 3.04 25 2.498 4.33 25 -3.042 3.97 25
2 24 3.968 3.04 25 2.498 4.33 25
2 24 -3.042 3.97 25 -4.332 2.5 25
4 9 -3.042 3.97 25 2.498 4.33 25 0.648 4.96 25 -1.292 4.83 25
2 24 2.498 4.33 25 0.648 4.96 25
2 24 0.648 4.96 25 -1.292 4.83 25
2 24 -1.292 4.83 25 -3.042 3.97 25

3 9 4.618 1.91 0 4.828 1.29 25 4.998 0 0
5 24 4.618 1.91 0 4.828 1.29 25 4.998 0 0 3.968 3.04 25
5 24 4.828 1.29 25 4.998 0 0 4.618 1.91 0 4.958 -0.65 25
3 9 4.998 0 0 4.828 1.29 25 4.958 -0.65 25
5 24 4.958 -0.65 25 4.998 0 0 4.828 1.29 25 4.618 -1.91 0
3 9 4.998 0 0 4.958 -0.65 25 4.618 -1.91 0
5 24 4.958 -0.65 25 4.618 -1.91 0 4.998 0 0 4.328 -2.5 25
3 9 4.618 -1.91 0 4.958 -0.65 25 4.328 -2.5 25
5 24 4.328 -2.5 25 4.618 -1.91 0 4.958 -0.65 25 3.538 -3.54 0
3 9 4.618 -1.91 0 4.328 -2.5 25 3.538 -3.54 0
5 24 4.328 -2.5 25 3.538 -3.54 0 4.618 -1.91 0 3.048 -3.97 25
3 9 3.538 -3.54 0 4.328 -2.5 25 3.048 -3.97 25
5 24 3.048 -3.97 25 3.538 -3.54 0 4.328 -2.5 25 1.918 -4.62 0
3 9 3.538 -3.54 0 3.048 -3.97 25 1.918 -4.62 0
5 24 3.048 -3.97 25 1.918 -4.62 0 3.538 -3.54 0 1.298 -4.83 25
3 9 1.918 -4.62 0 3.048 -3.97 25 1.298 -4.83 25
5 24 1.298 -4.83 25 1.918 -4.62 0 3.048 -3.97 25 -0.002 -5 0
3 9 1.918 -4.62 0 1.298 -4.83 25 -0.002 -5 0
5 24 1.298 -4.83 25 -0.002 -5 0 1.918 -4.62 0 -0.652 -4.96 25
3 9 -0.002 -5 0 1.298 -4.83 25 -0.652 -4.96 25
5 24 -0.652 -4.96 25 -0.002 -5 0 1.298 -4.83 25 -1.912 -4.62 0
3 9 -0.002 -5 0 -0.652 -4.96 25 -1.912 -4.62 0
5 24 -0.652 -4.96 25 -1.912 -4.62 0 -0.002 -5 0 -2.502 -4.33 25
3 9 -1.912 -4.62 0 -0.652 -4.96 25 -2.502 -4.33 25
5 24 -2.502 -4.33 25 -1.912 -4.62 0 -0.652 -4.96 25 -3.532 -3.54 0
3 9 -1.912 -4.62 0 -2.502 -4.33 25 -3.532 -3.54 0
5 24 -2.502 -4.33 25 -3.532 -3.54 0 -1.912 -4.62 0 -3.962 -3.04 25
3 9 -3.532 -3.54 0 -2.502 -4.33 25 -3.962 -3.04 25
5 24 -3.962 -3.04 25 -3.532 -3.54 0 -2.502 -4.33 25 -4.622 -1.91 0
3 9 -3.532 -3.54 0 -3.962 -3.04 25 -4.622 -1.91 0
5 24 -3.962 -3.04 25 -4.622 -1.91 0 -3.532 -3.54 0 -4.832 -1.29 25
3 9 -4.622 -1.91 0 -3.962 -3.04 25 -4.832 -1.29 25
5 24 -4.832 -1.29 25 -4.622 -1.91 0 -3.962 -3.04 25 -5.002 0 0
3 9 -4.622 -1.91 0 -4.832 -1.29 25 -5.002 0 0
5 24 -4.832 -1.29 25 -5.002 0 0 -4.622 -1.91 0 -4.962 0.65 25
3 9 -5.002 0 0 -4.832 -1.29 25 -4.962 0.65 25
5 24 -4.962 0.65 25 -5.002 0 0 -4.832 -1.29 25 -4.622 1.91 0
3 9 -5.002 0 0 -4.962 0.65 25 -4.622 1.91 0
5 24 -4.962 0.65 25 -4.622 1.91 0 -5.002 0 0 -4.332 2.5 25
3 9 -4.622 1.91 0 -4.962 0.65 25 -4.332 2.5 25
5 24 -4.332 2.5 25 -4.622 1.91 0 -4.962 0.65 25 -3.532 3.54 0
3 9 -4.622 1.91 0 -4.332 2.5 25 -3.532 3.54 0
5 24 -4.332 2.5 25 -3.532 3.54 0 -4.622 1.91 0 -3.042 3.97 25
3 9 -3.532 3.54 0 -4.332 2.5 25 -3.042 3.97 25
5 24 -3.042 3.97 25 -3.532 3.54 0 -4.332 2.5 25 -1.912 4.62 0
3 9 -3.532 3.54 0 -3.042 3.97 25 -1.912 4.62 0
5 24 -3.042 3.97 25 -1.912 4.62 0 -3.532 3.54 0 -1.292 4.83 25
3 9 -1.912 4.62 0 -3.042 3.97 25 -1.292 4.83 25
5 24 -1.292 4.83 25 -1.912 4.62 0 -3.042 3.97 25 -0.002 5 0
3 9 -1.912 4.62 0 -1.292 4.83 25 -0.002 5 0
5 24 -1.292 4.83 25 -0.002 5 0 -1.912 4.62 0 0.648 4.96 25
3 9 -0.002 5 0 -1.292 4.83 25 0.648 4.96 25
5 24 0.648 4.96 25 -0.002 5 0 -1.292 4.83 25 1.918 4.62 0
3 9 -0.002 5 0 0.648 4.96 25 1.918 4.62 0
5 24 0.648 4.96 25 1.918 4.62 0 -0.002 5 0 2.498 4.33 25
3 9 1.918 4.62 0 0.648 4.96 25 2.498 4.33 25
5 24 2.498 4.33 25 1.918 4.62 0 0.648 4.96 25 3.538 3.54 0
3 9 1.918 4.62 0 2.498 4.33 25 3.538 3.54 0
5 24 2.498 4.33 25 3.538 3.54 0 1.918 4.62 0 3.968 3.04 25
3 9 3.538 3.54 0 2.498 4.33 25 3.968 3.04 25
5 24 3.968 3.04 25 3.538 3.54 0 2.498 4.33 25 4.618 1.91 0
3 9 3.538 3.54 0 3.968 3.04 25 4.618 1.91 0
5 24 3.968 3.04 25 4.618 1.91 0 3.538 3.54 0 4.828 1.29 25
3 9 4.618 1.91 0 3.968 3.04 25 4.828 1.29 25
0
