0 BB Bitbeam Sensor Buzzer - PCB
0 Name: bb-sen-buzz-pcb.dat
0 Author: Tomas Feltl (e-Mole.cz)
0 !LDRAW_ORG Unofficial_Part
0 !LICENSE Redistributable under CCAL version 2.0 : see CAreadme.txt

0 BFC CERTIFY CCW

0 // Created with stl2dat conversion tool

4 16 35.98 -17.1 32.32 32 -17.1 32.59 28.1 -17.1 31.78 39.73 -17.1 30.99
2 24 32 -17.1 32.59 35.98 -17.1 32.32
2 24 28.1 -17.1 31.78 32 -17.1 32.59
2 24 35.98 -17.1 32.32 39.73 -17.1 30.99
3 16 39.73 -17.1 30.99 28.1 -17.1 31.78 24.57 -17.1 29.95
2 24 24.57 -17.1 29.95 28.1 -17.1 31.78
4 16 39.73 -17.1 30.99 24.57 -17.1 29.95 21.66 -17.1 27.23 42.98 -17.1 28.69
2 24 21.66 -17.1 27.23 24.57 -17.1 29.95
2 24 39.73 -17.1 30.99 42.98 -17.1 28.69
4 16 42.98 -17.1 28.69 21.66 -17.1 27.23 19.59 -17.1 23.83 45.5 -17.1 25.6
2 24 19.59 -17.1 23.83 21.66 -17.1 27.23
2 24 42.98 -17.1 28.69 45.5 -17.1 25.6
4 16 45.5 -17.1 25.6 19.59 -17.1 23.83 18.51 -17.1 19.99 47.08 -17.1 21.95
2 24 18.51 -17.1 19.99 19.59 -17.1 23.83
2 24 45.5 -17.1 25.6 47.08 -17.1 21.95
4 16 47.08 -17.1 21.95 18.51 -17.1 19.99 18.51 -17.1 16.01 47.63 -17.1 18
2 24 18.51 -17.1 16.01 18.51 -17.1 19.99
2 24 47.08 -17.1 21.95 47.63 -17.1 18
4 16 47.63 -17.1 18 18.51 -17.1 16.01 19.59 -17.1 12.17 47.08 -17.1 14.05
2 24 19.59 -17.1 12.17 18.51 -17.1 16.01
2 24 47.63 -17.1 18 47.08 -17.1 14.05
4 16 47.08 -17.1 14.05 19.59 -17.1 12.17 21.66 -17.1 8.77 45.5 -17.1 10.4
2 24 21.66 -17.1 8.77 19.59 -17.1 12.17
2 24 47.08 -17.1 14.05 45.5 -17.1 10.4
4 16 45.5 -17.1 10.4 21.66 -17.1 8.77 24.57 -17.1 6.05 42.98 -17.1 7.31
2 24 24.57 -17.1 6.05 21.66 -17.1 8.77
2 24 45.5 -17.1 10.4 42.98 -17.1 7.31
4 16 42.98 -17.1 7.31 24.57 -17.1 6.05 28.1 -17.1 4.22 39.73 -17.1 5.01
2 24 28.1 -17.1 4.22 24.57 -17.1 6.05
2 24 42.98 -17.1 7.31 39.73 -17.1 5.01
4 16 39.73 -17.1 5.01 28.1 -17.1 4.22 32 -17.1 3.41 35.98 -17.1 3.68
2 24 32 -17.1 3.41 28.1 -17.1 4.22
2 24 35.98 -17.1 3.68 32 -17.1 3.41
2 24 39.73 -17.1 5.01 35.98 -17.1 3.68

3 16 53 0.9 -7 42.43 0.9 -7 53 2.5 -7
2 24 42.43 0.9 -7 53 0.9 -7
2 24 53 2.5 -7 53 0.9 -7
3 16 53 2.5 -7 42.43 0.9 -7 13 2.5 -7
2 24 13 2.5 -7 53 2.5 -7
4 16 42.43 -5.47 -7 23.3 -5.47 -7 23.3 0.9 -7 42.43 0.9 -7
2 24 23.3 -5.47 -7 42.43 -5.47 -7
2 24 23.3 0.9 -7 23.3 -5.47 -7
2 24 42.43 -5.47 -7 42.43 0.9 -7
3 16 42.43 0.9 -7 23.3 0.9 -7 13 2.5 -7
3 16 13 2.5 -7 23.3 0.9 -7 13 0.9 -7
2 24 13 0.9 -7 23.3 0.9 -7
2 24 13 2.5 -7 13 0.9 -7

3 16 42.43 0.9 -7 53 0.9 -7 42.43 0.9 -0.62
2 24 42.43 0.9 -7 42.43 0.9 -0.62
4 16 42.43 0.9 -0.62 53 0.9 -7 45.5 0.9 10.4 42.98 0.9 7.31
2 24 42.98 0.9 7.31 45.5 0.9 10.4
3 16 42.43 0.9 -0.62 42.98 0.9 7.31 39.73 0.9 5.01
2 24 39.73 0.9 5.01 42.98 0.9 7.31
3 16 45.5 0.9 25.6 47.08 0.9 21.95 53 0.9 43
2 24 47.08 0.9 21.95 45.5 0.9 25.6
3 16 53 0.9 43 47.08 0.9 21.95 47.63 0.9 18
2 24 47.63 0.9 18 47.08 0.9 21.95
3 16 53 0.9 43 47.63 0.9 18 53 0.9 -7
2 24 53 0.9 -7 53 0.9 43
3 16 53 0.9 -7 47.63 0.9 18 47.08 0.9 14.05
2 24 47.08 0.9 14.05 47.63 0.9 18
3 16 53 0.9 -7 47.08 0.9 14.05 45.5 0.9 10.4
2 24 45.5 0.9 10.4 47.08 0.9 14.05
3 16 24.57 0.9 29.95 28.1 0.9 31.78 13 0.9 43
2 24 28.1 0.9 31.78 24.57 0.9 29.95
3 16 13 0.9 43 28.1 0.9 31.78 32 0.9 32.59
2 24 32 0.9 32.59 28.1 0.9 31.78
4 16 13 0.9 43 32 0.9 32.59 35.98 0.9 32.32 53 0.9 43
2 24 35.98 0.9 32.32 32 0.9 32.59
2 24 53 0.9 43 13 0.9 43
3 16 53 0.9 43 35.98 0.9 32.32 39.73 0.9 30.99
2 24 39.73 0.9 30.99 35.98 0.9 32.32
3 16 19.59 0.9 12.17 18.51 0.9 16.01 13 0.9 -7
2 24 18.51 0.9 16.01 19.59 0.9 12.17
4 16 13 0.9 -7 18.51 0.9 16.01 18.51 0.9 19.99 13 0.9 43
2 24 18.51 0.9 19.99 18.51 0.9 16.01
2 24 13 0.9 -7 13 0.9 43
3 16 13 0.9 43 18.51 0.9 19.99 19.59 0.9 23.83
2 24 19.59 0.9 23.83 18.51 0.9 19.99
3 16 13 0.9 43 19.59 0.9 23.83 21.66 0.9 27.23
2 24 21.66 0.9 27.23 19.59 0.9 23.83
3 16 23.3 0.9 -7 23.3 0.9 -0.62 13 0.9 -7
2 24 23.3 0.9 -0.62 23.3 0.9 -7
4 16 13 0.9 -7 23.3 0.9 -0.62 24.57 0.9 6.05 21.66 0.9 8.77
2 24 21.66 0.9 8.77 24.57 0.9 6.05
3 16 13 0.9 -7 21.66 0.9 8.77 19.59 0.9 12.17
2 24 19.59 0.9 12.17 21.66 0.9 8.77
3 16 39.73 0.9 5.01 35.98 0.9 3.68 42.43 0.9 -0.62
2 24 35.98 0.9 3.68 39.73 0.9 5.01
3 16 42.43 0.9 -0.62 35.98 0.9 3.68 32 0.9 3.41
2 24 32 0.9 3.41 35.98 0.9 3.68
4 16 42.43 0.9 -0.62 32 0.9 3.41 28.1 0.9 4.22 23.3 0.9 -0.62
2 24 28.1 0.9 4.22 32 0.9 3.41
2 24 42.43 0.9 -0.62 23.3 0.9 -0.62
3 16 23.3 0.9 -0.62 28.1 0.9 4.22 24.57 0.9 6.05
2 24 24.57 0.9 6.05 28.1 0.9 4.22
3 16 21.66 0.9 27.23 24.57 0.9 29.95 13 0.9 43
2 24 24.57 0.9 29.95 21.66 0.9 27.23
3 16 39.73 0.9 30.99 42.98 0.9 28.69 53 0.9 43
2 24 42.98 0.9 28.69 39.73 0.9 30.99
3 16 53 0.9 43 42.98 0.9 28.69 45.5 0.9 25.6
2 24 45.5 0.9 25.6 42.98 0.9 28.69

4 16 23.3 -5.48 -0.63 42.43 -5.48 -0.63 42.43 0.9 -0.62 23.3 0.9 -0.62
2 24 23.3 -5.48 -0.63 42.43 -5.48 -0.63
2 24 42.43 -5.48 -0.63 42.43 0.9 -0.62
2 24 23.3 0.9 -0.62 23.3 -5.48 -0.63
4 16 42.43 -5.48 -0.63 42.43 -5.47 -7 42.43 0.9 -7 42.43 0.9 -0.62
2 24 42.43 -5.48 -0.63 42.43 -5.47 -7
4 16 23.3 -5.47 -7 23.3 -5.48 -0.63 23.3 0.9 -0.62 23.3 0.9 -7
2 24 23.3 -5.47 -7 23.3 -5.48 -0.63
4 16 42.43 -5.48 -0.63 23.3 -5.48 -0.63 23.3 -5.47 -7 42.43 -5.47 -7
4 16 18.51 -17.1 16.01 18.51 -17.1 19.99 18.51 0.9 19.99 18.51 0.9 16.01
5 24 18.51 -17.1 19.99 18.51 0.9 19.99 18.51 0.9 16.01 19.59 -17.1 23.83
5 24 18.51 -17.1 16.01 18.51 0.9 16.01 19.59 0.9 12.17 18.51 -17.1 19.99
4 16 18.51 0.9 19.99 18.51 -17.1 19.99 19.59 -17.1 23.83 19.59 0.9 23.83
5 24 19.59 -17.1 23.83 19.59 0.9 23.83 18.51 0.9 19.99 21.66 -17.1 27.23
4 16 19.59 0.9 23.83 19.59 -17.1 23.83 21.66 -17.1 27.23 21.66 0.9 27.23
5 24 21.66 -17.1 27.23 21.66 0.9 27.23 19.59 0.9 23.83 24.57 -17.1 29.95
4 16 21.66 0.9 27.23 21.66 -17.1 27.23 24.57 -17.1 29.95 24.57 0.9 29.95
5 24 24.57 -17.1 29.95 24.57 0.9 29.95 21.66 0.9 27.23 28.1 -17.1 31.78
4 16 24.57 0.9 29.95 24.57 -17.1 29.95 28.1 -17.1 31.78 28.1 0.9 31.78
5 24 28.1 -17.1 31.78 28.1 0.9 31.78 24.57 0.9 29.95 32 -17.1 32.59
4 16 28.1 0.9 31.78 28.1 -17.1 31.78 32 -17.1 32.59 32 0.9 32.59
5 24 32 -17.1 32.59 32 0.9 32.59 28.1 0.9 31.78 35.98 -17.1 32.32
4 16 32 0.9 32.59 32 -17.1 32.59 35.98 -17.1 32.32 35.98 0.9 32.32
5 24 35.98 -17.1 32.32 35.98 0.9 32.32 32 0.9 32.59 39.73 -17.1 30.99
4 16 35.98 0.9 32.32 35.98 -17.1 32.32 39.73 -17.1 30.99 39.73 0.9 30.99
5 24 39.73 -17.1 30.99 39.73 0.9 30.99 35.98 0.9 32.32 42.98 -17.1 28.69
4 16 39.73 0.9 30.99 39.73 -17.1 30.99 42.98 -17.1 28.69 42.98 0.9 28.69
5 24 42.98 -17.1 28.69 42.98 0.9 28.69 39.73 0.9 30.99 45.5 -17.1 25.6
4 16 42.98 0.9 28.69 42.98 -17.1 28.69 45.5 -17.1 25.6 45.5 0.9 25.6
5 24 45.5 -17.1 25.6 45.5 0.9 25.6 42.98 0.9 28.69 47.08 -17.1 21.95
4 16 45.5 0.9 25.6 45.5 -17.1 25.6 47.08 -17.1 21.95 47.08 0.9 21.95
5 24 47.08 -17.1 21.95 47.08 0.9 21.95 45.5 0.9 25.6 47.63 -17.1 18
4 16 47.08 0.9 21.95 47.08 -17.1 21.95 47.63 -17.1 18 47.63 0.9 18
5 24 47.63 -17.1 18 47.63 0.9 18 47.08 0.9 21.95 47.08 -17.1 14.05
4 16 47.63 0.9 18 47.63 -17.1 18 47.08 -17.1 14.05 47.08 0.9 14.05
5 24 47.08 -17.1 14.05 47.08 0.9 14.05 47.63 0.9 18 45.5 -17.1 10.4
4 16 47.08 0.9 14.05 47.08 -17.1 14.05 45.5 -17.1 10.4 45.5 0.9 10.4
5 24 45.5 -17.1 10.4 45.5 0.9 10.4 47.08 0.9 14.05 42.98 -17.1 7.31
4 16 45.5 0.9 10.4 45.5 -17.1 10.4 42.98 -17.1 7.31 42.98 0.9 7.31
5 24 42.98 -17.1 7.31 42.98 0.9 7.31 45.5 0.9 10.4 39.73 -17.1 5.01
4 16 42.98 0.9 7.31 42.98 -17.1 7.31 39.73 -17.1 5.01 39.73 0.9 5.01
5 24 39.73 -17.1 5.01 39.73 0.9 5.01 42.98 0.9 7.31 35.98 -17.1 3.68
4 16 39.73 0.9 5.01 39.73 -17.1 5.01 35.98 -17.1 3.68 35.98 0.9 3.68
5 24 35.98 -17.1 3.68 35.98 0.9 3.68 39.73 0.9 5.01 32 -17.1 3.41
4 16 35.98 0.9 3.68 35.98 -17.1 3.68 32 -17.1 3.41 32 0.9 3.41
5 24 32 -17.1 3.41 32 0.9 3.41 35.98 0.9 3.68 28.1 -17.1 4.22
4 16 32 0.9 3.41 32 -17.1 3.41 28.1 -17.1 4.22 28.1 0.9 4.22
5 24 28.1 -17.1 4.22 28.1 0.9 4.22 32 0.9 3.41 24.57 -17.1 6.05
4 16 28.1 0.9 4.22 28.1 -17.1 4.22 24.57 -17.1 6.05 24.57 0.9 6.05
5 24 24.57 -17.1 6.05 24.57 0.9 6.05 28.1 0.9 4.22 21.66 -17.1 8.77
4 16 24.57 0.9 6.05 24.57 -17.1 6.05 21.66 -17.1 8.77 21.66 0.9 8.77
5 24 21.66 -17.1 8.77 21.66 0.9 8.77 24.57 0.9 6.05 19.59 -17.1 12.17
4 16 21.66 0.9 8.77 21.66 -17.1 8.77 19.59 -17.1 12.17 19.59 0.9 12.17
5 24 19.59 -17.1 12.17 19.59 0.9 12.17 21.66 0.9 8.77 18.51 -17.1 16.01
4 16 19.59 0.9 12.17 19.59 -17.1 12.17 18.51 -17.1 16.01 18.51 0.9 16.01
4 16 13 0.9 -7 13 0.9 43 13 2.5 43 13 2.5 -7
2 24 13 0.9 43 13 2.5 43
2 24 13 2.5 43 13 2.5 -7
4 16 13 0.9 43 53 0.9 43 53 2.5 43 13 2.5 43
2 24 53 0.9 43 53 2.5 43
2 24 53 2.5 43 13 2.5 43
4 16 53 0.9 43 53 0.9 -7 53 2.5 -7 53 2.5 43
2 24 53 2.5 -7 53 2.5 43
4 16 53 2.5 -7 13 2.5 -7 13 2.5 43 53 2.5 43
