0 BB Bitbeam Sensor Ultrasonic - PCB
0 Name: bb-sen-us-pcb.dat
0 Author: Tomas Feltl (e-Mole.cz)
0 !LDRAW_ORG Unofficial_Part
0 !LICENSE Redistributable under CCAL version 2.0 : see CAreadme.txt

0 BFC CERTIFY CCW

0 // Created with stl2dat conversion tool

4 16 37.35 -10 22.09 37.5 -10 23.25 37.35 -10 24.41 36.9 -10 21
2 24 37.35 -10 22.09 37.5 -10 23.25
2 24 37.5 -10 23.25 37.35 -10 24.41
2 24 36.9 -10 21 37.35 -10 22.09
4 16 36.9 -10 21 37.35 -10 24.41 36.9 -10 25.5 36.18 -10 20.07
2 24 37.35 -10 24.41 36.9 -10 25.5
2 24 36.18 -10 20.07 36.9 -10 21
4 16 36.18 -10 20.07 36.9 -10 25.5 36.18 -10 26.43 35.25 -10 19.35
2 24 36.9 -10 25.5 36.18 -10 26.43
2 24 35.25 -10 19.35 36.18 -10 20.07
4 16 35.25 -10 19.35 36.18 -10 26.43 35.25 -10 27.15 34.16 -10 18.9
2 24 36.18 -10 26.43 35.25 -10 27.15
2 24 34.16 -10 18.9 35.25 -10 19.35
4 16 34.16 -10 18.9 35.25 -10 27.15 34.16 -10 27.6 33 -10 18.75
2 24 35.25 -10 27.15 34.16 -10 27.6
2 24 33 -10 18.75 34.16 -10 18.9
4 16 33 -10 18.75 34.16 -10 27.6 33 -10 27.75 7 -10 18.75
2 24 34.16 -10 27.6 33 -10 27.75
2 24 33 -10 18.75 7 -10 18.75
4 16 7 -10 18.75 33 -10 27.75 7 -10 27.75 5.84 -10 18.9
2 24 7 -10 27.75 33 -10 27.75
2 24 7 -10 18.75 5.84 -10 18.9
4 16 5.84 -10 18.9 7 -10 27.75 5.84 -10 27.6 4.75 -10 19.35
2 24 5.84 -10 27.6 7 -10 27.75
2 24 5.84 -10 18.9 4.75 -10 19.35
4 16 4.75 -10 19.35 5.84 -10 27.6 4.75 -10 27.15 3.82 -10 20.07
2 24 4.75 -10 27.15 5.84 -10 27.6
2 24 4.75 -10 19.35 3.82 -10 20.07
4 16 3.82 -10 20.07 4.75 -10 27.15 3.82 -10 26.43 3.1 -10 21
2 24 3.82 -10 26.43 4.75 -10 27.15
2 24 3.82 -10 20.07 3.1 -10 21
4 16 3.1 -10 21 3.82 -10 26.43 3.1 -10 25.5 2.65 -10 22.09
2 24 3.1 -10 25.5 3.82 -10 26.43
2 24 3.1 -10 21 2.65 -10 22.09
4 16 2.65 -10 22.09 3.1 -10 25.5 2.65 -10 24.41 2.5 -10 23.25
2 24 2.65 -10 24.41 3.1 -10 25.5
2 24 2.5 -10 23.25 2.65 -10 24.41
2 24 2.65 -10 22.09 2.5 -10 23.25

4 16 7 0 18.75 33 0 18.75 33 -10 18.75 7 -10 18.75
2 24 33 0 18.75 7 0 18.75
5 24 33 0 18.75 33 -10 18.75 7 -10 18.75 34.16 0 18.9
5 24 7 -10 18.75 7 0 18.75 33 0 18.75 5.84 -10 18.9
4 16 5.84 0 18.9 7 0 18.75 7 -10 18.75 5.84 -10 18.9
2 24 7 0 18.75 5.84 0 18.9
5 24 5.84 0 18.9 5.84 -10 18.9 4.75 -10 19.35 7 0 18.75
4 16 33 0 18.75 34.16 0 18.9 34.16 -10 18.9 33 -10 18.75
2 24 34.16 0 18.9 33 0 18.75
5 24 34.16 0 18.9 34.16 -10 18.9 33 -10 18.75 35.25 0 19.35

4 16 33 0 27.75 7 0 27.75 7 -10 27.75 33 -10 27.75
2 24 7 0 27.75 33 0 27.75
5 24 7 0 27.75 7 -10 27.75 33 -10 27.75 5.84 0 27.6
5 24 33 -10 27.75 33 0 27.75 7 0 27.75 34.16 -10 27.6
4 16 7 0 27.75 5.84 0 27.6 5.84 -10 27.6 7 -10 27.75
2 24 5.84 0 27.6 7 0 27.75
5 24 5.84 0 27.6 5.84 -10 27.6 7 -10 27.75 4.75 0 27.15
4 16 34.16 0 27.6 33 0 27.75 33 -10 27.75 34.16 -10 27.6
2 24 33 0 27.75 34.16 0 27.6
5 24 34.16 0 27.6 34.16 -10 27.6 35.25 -10 27.15 33 0 27.75

4 16 2.65 0 22.09 2.5 0 23.25 2.65 0 24.41 3.1 0 21
2 24 2.65 0 22.09 2.5 0 23.25
2 24 2.5 0 23.25 2.65 0 24.41
2 24 3.1 0 21 2.65 0 22.09
4 16 3.1 0 21 2.65 0 24.41 3.1 0 25.5 3.82 0 20.07
2 24 2.65 0 24.41 3.1 0 25.5
2 24 3.82 0 20.07 3.1 0 21
4 16 3.82 0 20.07 3.1 0 25.5 3.82 0 26.43 4.75 0 19.35
2 24 3.1 0 25.5 3.82 0 26.43
2 24 4.75 0 19.35 3.82 0 20.07
4 16 4.75 0 19.35 3.82 0 26.43 4.75 0 27.15 5.84 0 18.9
2 24 3.82 0 26.43 4.75 0 27.15
2 24 5.84 0 18.9 4.75 0 19.35
4 16 5.84 0 18.9 4.75 0 27.15 5.84 0 27.6 7 0 18.75
2 24 4.75 0 27.15 5.84 0 27.6
4 16 7 0 18.75 5.84 0 27.6 7 0 27.75 33 0 18.75
4 16 33 0 18.75 7 0 27.75 33 0 27.75 34.16 0 18.9
4 16 34.16 0 18.9 33 0 27.75 34.16 0 27.6 35.25 0 19.35
2 24 35.25 0 19.35 34.16 0 18.9
4 16 35.25 0 19.35 34.16 0 27.6 35.25 0 27.15 36.18 0 20.07
2 24 34.16 0 27.6 35.25 0 27.15
2 24 36.18 0 20.07 35.25 0 19.35
4 16 36.18 0 20.07 35.25 0 27.15 36.18 0 26.43 36.9 0 21
2 24 35.25 0 27.15 36.18 0 26.43
2 24 36.9 0 21 36.18 0 20.07
4 16 36.9 0 21 36.18 0 26.43 36.9 0 25.5 37.35 0 22.09
2 24 36.18 0 26.43 36.9 0 25.5
2 24 37.35 0 22.09 36.9 0 21
4 16 37.35 0 22.09 36.9 0 25.5 37.35 0 24.41 37.5 0 23.25
2 24 36.9 0 25.5 37.35 0 24.41
2 24 37.35 0 24.41 37.5 0 23.25
2 24 37.5 0 23.25 37.35 0 22.09

4 16 77.5 2 67 77.5 2 14.5 -37.5 2 14.5 -37.5 2 67
2 24 77.5 2 67 77.5 2 14.5
2 24 77.5 2 14.5 -37.5 2 14.5
2 24 -37.5 2 14.5 -37.5 2 67
2 24 -37.5 2 67 77.5 2 67
4 16 -37.5 0 67 77.5 0 67 77.5 2 67 -37.5 2 67
2 24 -37.5 0 67 77.5 0 67
2 24 77.5 0 67 77.5 2 67
2 24 -37.5 2 67 -37.5 0 67
4 16 77.5 0 67 77.5 0 14.5 77.5 2 14.5 77.5 2 67
2 24 77.5 0 67 77.5 0 14.5
2 24 77.5 0 14.5 77.5 2 14.5
4 16 -37.5 0 14.5 -37.5 0 67 -37.5 2 67 -37.5 2 14.5
2 24 -37.5 0 14.5 -37.5 0 67
2 24 -37.5 2 14.5 -37.5 0 14.5
4 16 77.5 0 14.5 -37.5 0 14.5 -37.5 2 14.5 77.5 2 14.5
2 24 77.5 0 14.5 -37.5 0 14.5
4 16 77.5 0 14.5 77.5 0 67 -37.5 0 67 -37.5 0 14.5
4 16 7.53 2 60.23 33.03 2 60.23 33.03 2 66.6 7.53 2 66.6
2 24 7.53 2 60.23 33.03 2 60.23
2 24 33.03 2 60.23 33.03 2 66.6
2 24 33.03 2 66.6 7.53 2 66.6
2 24 7.53 2 66.6 7.53 2 60.23
4 16 7.53 8.37 66.6 7.53 8.37 60.23 7.53 2 60.23 7.53 2 66.6
2 24 7.53 8.37 66.6 7.53 8.37 60.23
2 24 7.53 8.37 60.23 7.53 2 60.23
2 24 7.53 2 66.6 7.53 8.37 66.6
4 16 7.53 8.37 60.23 33.03 8.37 60.23 33.03 2 60.23 7.53 2 60.23
2 24 7.53 8.37 60.23 33.03 8.37 60.23
2 24 33.03 8.37 60.23 33.03 2 60.23
4 16 33.03 8.37 60.23 33.03 8.37 66.6 33.03 2 66.6 33.03 2 60.23
2 24 33.03 8.37 60.23 33.03 8.37 66.6
2 24 33.03 8.37 66.6 33.03 2 66.6
4 16 33.03 8.37 66.6 7.53 8.37 66.6 7.53 2 66.6 33.03 2 66.6
2 24 33.03 8.37 66.6 7.53 8.37 66.6
4 16 7.53 8.37 66.6 33.03 8.37 66.6 33.03 8.37 60.23 7.53 8.37 60.23
4 16 5.84 0 27.6 4.75 0 27.15 4.75 -10 27.15 5.84 -10 27.6
5 24 4.75 0 27.15 4.75 -10 27.15 5.84 -10 27.6 3.82 0 26.43
4 16 4.75 0 27.15 3.82 0 26.43 3.82 -10 26.43 4.75 -10 27.15
5 24 3.82 0 26.43 3.82 -10 26.43 4.75 -10 27.15 3.1 0 25.5
4 16 3.82 0 26.43 3.1 0 25.5 3.1 -10 25.5 3.82 -10 26.43
5 24 3.1 0 25.5 3.1 -10 25.5 3.82 -10 26.43 2.65 0 24.41
4 16 3.1 0 25.5 2.65 0 24.41 2.65 -10 24.41 3.1 -10 25.5
5 24 2.65 0 24.41 2.65 -10 24.41 3.1 -10 25.5 2.5 0 23.25
4 16 2.65 0 24.41 2.5 0 23.25 2.5 -10 23.25 2.65 -10 24.41
5 24 2.5 0 23.25 2.5 -10 23.25 2.65 -10 24.41 2.65 0 22.09
4 16 2.5 0 23.25 2.65 0 22.09 2.65 -10 22.09 2.5 -10 23.25
5 24 2.65 0 22.09 2.65 -10 22.09 2.5 -10 23.25 3.1 0 21
4 16 2.65 0 22.09 3.1 0 21 3.1 -10 21 2.65 -10 22.09
5 24 3.1 0 21 3.1 -10 21 2.65 -10 22.09 3.82 0 20.07
4 16 3.1 0 21 3.82 0 20.07 3.82 -10 20.07 3.1 -10 21
5 24 3.82 0 20.07 3.82 -10 20.07 3.1 -10 21 4.75 0 19.35
4 16 3.82 0 20.07 4.75 0 19.35 4.75 -10 19.35 3.82 -10 20.07
5 24 4.75 0 19.35 4.75 -10 19.35 3.82 -10 20.07 5.84 0 18.9
4 16 4.75 0 19.35 5.84 0 18.9 5.84 -10 18.9 4.75 -10 19.35
4 16 34.16 0 18.9 35.25 0 19.35 35.25 -10 19.35 34.16 -10 18.9
5 24 35.25 0 19.35 35.25 -10 19.35 34.16 -10 18.9 36.18 0 20.07
4 16 35.25 0 19.35 36.18 0 20.07 36.18 -10 20.07 35.25 -10 19.35
5 24 36.18 0 20.07 36.18 -10 20.07 35.25 -10 19.35 36.9 0 21
4 16 36.18 0 20.07 36.9 0 21 36.9 -10 21 36.18 -10 20.07
5 24 36.9 0 21 36.9 -10 21 36.18 -10 20.07 37.35 0 22.09
4 16 36.9 0 21 37.35 0 22.09 37.35 -10 22.09 36.9 -10 21
5 24 37.35 0 22.09 37.35 -10 22.09 36.9 -10 21 37.5 0 23.25
4 16 37.35 0 22.09 37.5 0 23.25 37.5 -10 23.25 37.35 -10 22.09
5 24 37.5 0 23.25 37.5 -10 23.25 37.35 -10 22.09 37.35 0 24.41
4 16 37.5 0 23.25 37.35 0 24.41 37.35 -10 24.41 37.5 -10 23.25
5 24 37.35 0 24.41 37.35 -10 24.41 37.5 -10 23.25 36.9 0 25.5
4 16 37.35 0 24.41 36.9 0 25.5 36.9 -10 25.5 37.35 -10 24.41
5 24 36.9 0 25.5 36.9 -10 25.5 37.35 -10 24.41 36.18 0 26.43
4 16 36.9 0 25.5 36.18 0 26.43 36.18 -10 26.43 36.9 -10 25.5
5 24 36.18 0 26.43 36.18 -10 26.43 36.9 -10 25.5 35.25 0 27.15
4 16 36.18 0 26.43 35.25 0 27.15 35.25 -10 27.15 36.18 -10 26.43
5 24 35.25 0 27.15 35.25 -10 27.15 36.18 -10 26.43 34.16 0 27.6
4 16 35.25 0 27.15 34.16 0 27.6 34.16 -10 27.6 35.25 -10 27.15
