0 BB Bitbeam Sensor Light - Cover v2
0 Name: bb-sen-v2-cov.dat
0 Author: Tomas Feltl (e-Mole.cz)
0 !LDRAW_ORG Unofficial_Part
0 !LICENSE Redistributable under CCAL version 2.0 : see CAreadme.txt

0 BFC CERTIFY CCW

0 // Created with stl2dat conversion tool

4 16 50 -9.5 74.75 50 -9.5 71.75 61.12 -9.5 64.25 61.12 -9.5 74.75
2 24 50 -9.5 71.75 50 -9.5 74.75
2 24 61.12 -9.5 74.75 61.12 -9.5 64.25
2 24 50 -9.5 74.75 61.12 -9.5 74.75
3 16 18.74 -9.5 52.75 18.84 -9.5 52.51 30 -9.5 71.75
2 24 18.84 -9.5 52.51 18.74 -9.5 52.75
4 16 30 -9.5 71.75 18.84 -9.5 52.51 18.87 -9.5 52.25 36.87 -9.5 41.87
2 24 18.87 -9.5 52.25 18.84 -9.5 52.51
3 16 30 -9.5 71.75 36.87 -9.5 41.87 50 -9.5 71.75
2 24 30 -9.5 71.75 50 -9.5 71.75
4 16 50 -9.5 71.75 36.87 -9.5 41.87 61.16 -9.5 52.51 61.26 -9.5 52.75
2 24 61.26 -9.5 52.75 61.16 -9.5 52.51
4 16 30 -9.5 74.75 18.87 -9.5 74.75 18.87 -9.5 64.25 30 -9.5 71.75
2 24 18.87 -9.5 74.75 30 -9.5 74.75
2 24 18.87 -9.5 64.25 18.87 -9.5 74.75
2 24 30 -9.5 74.75 30 -9.5 71.75
3 16 30 -9.5 71.75 18.87 -9.5 64.25 18.84 -9.5 63.99
2 24 18.84 -9.5 63.99 18.87 -9.5 64.25
4 16 18.84 -9.5 63.99 18.74 -9.5 63.75 18.74 -9.5 52.75 30 -9.5 71.75
2 24 18.74 -9.5 63.75 18.84 -9.5 63.99
4 16 18.74 -9.5 52.75 18.74 -9.5 63.75 18.58 -9.5 63.54 18.58 -9.5 52.96
2 24 18.58 -9.5 63.54 18.74 -9.5 63.75
2 24 18.74 -9.5 52.75 18.58 -9.5 52.96
4 16 18.58 -9.5 52.96 18.58 -9.5 63.54 18.37 -9.5 63.38 18.37 -9.5 53.12
2 24 18.37 -9.5 63.38 18.58 -9.5 63.54
2 24 18.58 -9.5 52.96 18.37 -9.5 53.12
4 16 18.37 -9.5 53.12 18.37 -9.5 63.38 18.13 -9.5 63.28 18.13 -9.5 53.22
2 24 18.13 -9.5 63.28 18.37 -9.5 63.38
2 24 18.37 -9.5 53.12 18.13 -9.5 53.22
4 16 18.13 -9.5 53.22 18.13 -9.5 63.28 15.88 -9.5 54.25 17.87 -9.5 53.25
2 24 18.13 -9.5 53.22 17.87 -9.5 53.25
4 16 15.88 -9.5 54.25 18.13 -9.5 63.28 17.87 -9.5 63.25 15.88 -9.5 62.25
2 24 17.87 -9.5 63.25 18.13 -9.5 63.28
2 24 15.88 -9.5 54.25 15.88 -9.5 62.25
3 16 15.88 -9.5 62.25 17.87 -9.5 63.25 16.87 -9.5 63.25
2 24 16.87 -9.5 63.25 17.87 -9.5 63.25
3 16 15.88 -9.5 62.25 16.87 -9.5 63.25 16.62 -9.5 63.22
2 24 16.62 -9.5 63.22 16.87 -9.5 63.25
4 16 16.62 -9.5 63.22 16.37 -9.5 63.12 16.17 -9.5 62.96 15.88 -9.5 62.25
2 24 16.37 -9.5 63.12 16.62 -9.5 63.22
2 24 16.17 -9.5 62.96 16.37 -9.5 63.12
4 16 15.88 -9.5 62.25 16.17 -9.5 62.96 16.01 -9.5 62.75 15.91 -9.5 62.51
2 24 16.01 -9.5 62.75 16.17 -9.5 62.96
2 24 15.91 -9.5 62.51 16.01 -9.5 62.75
2 24 15.88 -9.5 62.25 15.91 -9.5 62.51
4 16 15.91 -9.5 53.99 16.87 -9.5 53.25 17.87 -9.5 53.25 15.88 -9.5 54.25
2 24 17.87 -9.5 53.25 16.87 -9.5 53.25
2 24 15.91 -9.5 53.99 15.88 -9.5 54.25
4 16 15.91 -9.5 53.99 16.01 -9.5 53.75 16.17 -9.5 53.54 16.87 -9.5 53.25
2 24 16.01 -9.5 53.75 15.91 -9.5 53.99
2 24 16.17 -9.5 53.54 16.01 -9.5 53.75
4 16 16.87 -9.5 53.25 16.17 -9.5 53.54 16.37 -9.5 53.38 16.62 -9.5 53.28
2 24 16.37 -9.5 53.38 16.17 -9.5 53.54
2 24 16.62 -9.5 53.28 16.37 -9.5 53.38
2 24 16.87 -9.5 53.25 16.62 -9.5 53.28
3 16 36.87 -9.5 41.87 18.87 -9.5 52.25 18.87 -9.5 24.62
2 24 18.87 -9.5 24.62 18.87 -9.5 52.25
4 16 36.87 -9.5 41.87 18.87 -9.5 24.62 18.84 -9.5 24.37 36.87 -9.5 22.37
2 24 18.84 -9.5 24.37 18.87 -9.5 24.62
2 24 36.87 -9.5 41.87 36.87 -9.5 22.37
3 16 36.87 -9.5 22.37 18.84 -9.5 24.37 18.74 -9.5 24.12
2 24 18.74 -9.5 24.12 18.84 -9.5 24.37
4 16 15.88 -9.5 22.62 15.88 -9.5 14.62 18.13 -9.5 23.66 17.87 -9.5 23.62
2 24 15.88 -9.5 14.62 15.88 -9.5 22.62
2 24 17.87 -9.5 23.62 18.13 -9.5 23.66
4 16 18.13 -9.5 23.66 15.88 -9.5 14.62 17.87 -9.5 13.62 18.13 -9.5 13.59
2 24 18.13 -9.5 13.59 17.87 -9.5 13.62
4 16 18.13 -9.5 23.66 18.13 -9.5 13.59 18.37 -9.5 13.49 18.37 -9.5 23.76
2 24 18.37 -9.5 13.49 18.13 -9.5 13.59
2 24 18.13 -9.5 23.66 18.37 -9.5 23.76
4 16 18.37 -9.5 23.76 18.37 -9.5 13.49 18.58 -9.5 13.33 18.58 -9.5 23.92
2 24 18.58 -9.5 13.33 18.37 -9.5 13.49
2 24 18.37 -9.5 23.76 18.58 -9.5 23.92
4 16 18.58 -9.5 23.92 18.58 -9.5 13.33 18.74 -9.5 13.12 18.74 -9.5 24.12
2 24 18.74 -9.5 13.12 18.58 -9.5 13.33
2 24 18.58 -9.5 23.92 18.74 -9.5 24.12
4 16 18.74 -9.5 24.12 18.74 -9.5 13.12 18.84 -9.5 12.88 36.87 -9.5 22.37
2 24 18.84 -9.5 12.88 18.74 -9.5 13.12
3 16 36.87 -9.5 22.37 18.84 -9.5 12.88 18.87 -9.5 12.62
2 24 18.87 -9.5 12.62 18.84 -9.5 12.88
3 16 15.88 -9.5 22.62 17.87 -9.5 23.62 16.87 -9.5 23.62
2 24 16.87 -9.5 23.62 17.87 -9.5 23.62
3 16 15.88 -9.5 22.62 16.87 -9.5 23.62 16.62 -9.5 23.59
2 24 16.62 -9.5 23.59 16.87 -9.5 23.62
4 16 16.62 -9.5 23.59 16.37 -9.5 23.49 16.17 -9.5 23.33 15.88 -9.5 22.62
2 24 16.37 -9.5 23.49 16.62 -9.5 23.59
2 24 16.17 -9.5 23.33 16.37 -9.5 23.49
4 16 15.88 -9.5 22.62 16.17 -9.5 23.33 16.01 -9.5 23.12 15.91 -9.5 22.88
2 24 16.01 -9.5 23.12 16.17 -9.5 23.33
2 24 15.91 -9.5 22.88 16.01 -9.5 23.12
2 24 15.88 -9.5 22.62 15.91 -9.5 22.88
4 16 15.91 -9.5 14.37 16.87 -9.5 13.62 17.87 -9.5 13.62 15.88 -9.5 14.62
2 24 17.87 -9.5 13.62 16.87 -9.5 13.62
2 24 15.91 -9.5 14.37 15.88 -9.5 14.62
4 16 15.91 -9.5 14.37 16.01 -9.5 14.12 16.17 -9.5 13.92 16.87 -9.5 13.62
2 24 16.01 -9.5 14.12 15.91 -9.5 14.37
2 24 16.17 -9.5 13.92 16.01 -9.5 14.12
4 16 16.87 -9.5 13.62 16.17 -9.5 13.92 16.37 -9.5 13.76 16.62 -9.5 13.66
2 24 16.37 -9.5 13.76 16.17 -9.5 13.92
2 24 16.62 -9.5 13.66 16.37 -9.5 13.76
2 24 16.87 -9.5 13.62 16.62 -9.5 13.66
3 16 18.87 -9.5 12.62 18.87 -9.5 3 36.87 -9.5 22.37
2 24 18.87 -9.5 3 18.87 -9.5 12.62
4 16 36.87 -9.5 22.37 18.87 -9.5 3 61.12 -9.5 3 61.12 -9.5 12.62
2 24 61.12 -9.5 3 18.87 -9.5 3
2 24 61.12 -9.5 12.62 61.12 -9.5 3
4 16 36.87 -9.5 22.37 61.12 -9.5 12.62 61.16 -9.5 12.88 56.87 -9.5 22.37
2 24 61.16 -9.5 12.88 61.12 -9.5 12.62
2 24 36.87 -9.5 22.37 56.87 -9.5 22.37
3 16 56.87 -9.5 22.37 61.16 -9.5 12.88 61.26 -9.5 13.12
2 24 61.26 -9.5 13.12 61.16 -9.5 12.88
3 16 61.26 -9.5 13.12 61.42 -9.5 13.33 56.87 -9.5 22.37
2 24 61.42 -9.5 13.33 61.26 -9.5 13.12
3 16 56.87 -9.5 22.37 61.42 -9.5 13.33 61.62 -9.5 13.49
2 24 61.62 -9.5 13.49 61.42 -9.5 13.33
3 16 56.87 -9.5 22.37 61.62 -9.5 13.49 61.87 -9.5 13.59
2 24 61.87 -9.5 13.59 61.62 -9.5 13.49
4 16 62.12 -9.5 13.62 64.12 -9.5 14.62 61.87 -9.5 23.66 61.87 -9.5 13.59
2 24 62.12 -9.5 13.62 61.87 -9.5 13.59
4 16 61.87 -9.5 13.59 61.87 -9.5 23.66 61.62 -9.5 23.76 56.87 -9.5 22.37
2 24 61.62 -9.5 23.76 61.87 -9.5 23.66
3 16 56.87 -9.5 22.37 61.62 -9.5 23.76 61.42 -9.5 23.92
2 24 61.42 -9.5 23.92 61.62 -9.5 23.76
4 16 62.12 -9.5 13.62 63.13 -9.5 13.62 64.09 -9.5 14.37 64.12 -9.5 14.62
2 24 63.13 -9.5 13.62 62.12 -9.5 13.62
2 24 64.12 -9.5 14.62 64.09 -9.5 14.37
4 16 63.38 -9.5 13.66 63.63 -9.5 13.76 63.83 -9.5 13.92 63.13 -9.5 13.62
2 24 63.63 -9.5 13.76 63.38 -9.5 13.66
2 24 63.83 -9.5 13.92 63.63 -9.5 13.76
2 24 63.38 -9.5 13.66 63.13 -9.5 13.62
4 16 63.13 -9.5 13.62 63.83 -9.5 13.92 63.99 -9.5 14.12 64.09 -9.5 14.37
2 24 63.99 -9.5 14.12 63.83 -9.5 13.92
2 24 64.09 -9.5 14.37 63.99 -9.5 14.12
4 16 64.12 -9.5 14.62 64.12 -9.5 22.62 62.12 -9.5 23.62 61.87 -9.5 23.66
2 24 64.12 -9.5 22.62 64.12 -9.5 14.62
2 24 61.87 -9.5 23.66 62.12 -9.5 23.62
3 16 64.09 -9.5 22.88 63.99 -9.5 23.12 64.12 -9.5 22.62
2 24 63.99 -9.5 23.12 64.09 -9.5 22.88
2 24 64.09 -9.5 22.88 64.12 -9.5 22.62
4 16 64.12 -9.5 22.62 63.99 -9.5 23.12 63.83 -9.5 23.33 63.63 -9.5 23.49
2 24 63.83 -9.5 23.33 63.99 -9.5 23.12
2 24 63.63 -9.5 23.49 63.83 -9.5 23.33
4 16 63.63 -9.5 23.49 63.38 -9.5 23.59 63.13 -9.5 23.62 64.12 -9.5 22.62
2 24 63.38 -9.5 23.59 63.63 -9.5 23.49
2 24 63.13 -9.5 23.62 63.38 -9.5 23.59
3 16 64.12 -9.5 22.62 63.13 -9.5 23.62 62.12 -9.5 23.62
2 24 62.12 -9.5 23.62 63.13 -9.5 23.62
3 16 61.42 -9.5 23.92 61.26 -9.5 24.12 56.87 -9.5 22.37
2 24 61.26 -9.5 24.12 61.42 -9.5 23.92
3 16 56.87 -9.5 22.37 61.26 -9.5 24.12 61.16 -9.5 24.37
2 24 61.16 -9.5 24.37 61.26 -9.5 24.12
3 16 56.87 -9.5 22.37 61.16 -9.5 24.37 61.12 -9.5 24.62
2 24 61.12 -9.5 24.62 61.16 -9.5 24.37
4 16 56.87 -9.5 22.37 61.12 -9.5 24.62 61.12 -9.5 52.25 56.87 -9.5 41.87
2 24 61.12 -9.5 52.25 61.12 -9.5 24.62
2 24 56.87 -9.5 22.37 56.87 -9.5 41.87
4 16 56.87 -9.5 41.87 61.12 -9.5 52.25 61.16 -9.5 52.51 36.87 -9.5 41.87
2 24 61.16 -9.5 52.51 61.12 -9.5 52.25
2 24 56.87 -9.5 41.87 36.87 -9.5 41.87
4 16 50 -9.5 71.75 61.26 -9.5 52.75 61.26 -9.5 63.75 61.16 -9.5 63.99
2 24 61.16 -9.5 63.99 61.26 -9.5 63.75
4 16 61.26 -9.5 63.75 61.26 -9.5 52.75 61.42 -9.5 52.96 61.42 -9.5 63.54
2 24 61.42 -9.5 52.96 61.26 -9.5 52.75
2 24 61.26 -9.5 63.75 61.42 -9.5 63.54
4 16 61.42 -9.5 63.54 61.42 -9.5 52.96 61.62 -9.5 53.12 61.62 -9.5 63.38
2 24 61.62 -9.5 53.12 61.42 -9.5 52.96
2 24 61.42 -9.5 63.54 61.62 -9.5 63.38
4 16 61.62 -9.5 63.38 61.62 -9.5 53.12 61.87 -9.5 53.22 61.87 -9.5 63.28
2 24 61.87 -9.5 53.22 61.62 -9.5 53.12
2 24 61.62 -9.5 63.38 61.87 -9.5 63.28
4 16 61.87 -9.5 63.28 61.87 -9.5 53.22 62.12 -9.5 53.25 64.12 -9.5 54.25
2 24 62.12 -9.5 53.25 61.87 -9.5 53.22
4 16 61.87 -9.5 63.28 64.12 -9.5 54.25 64.12 -9.5 62.25 62.12 -9.5 63.25
2 24 64.12 -9.5 62.25 64.12 -9.5 54.25
2 24 61.87 -9.5 63.28 62.12 -9.5 63.25
3 16 64.12 -9.5 54.25 62.12 -9.5 53.25 63.13 -9.5 53.25
2 24 63.13 -9.5 53.25 62.12 -9.5 53.25
4 16 64.12 -9.5 54.25 63.13 -9.5 53.25 63.99 -9.5 53.75 64.09 -9.5 53.99
2 24 64.09 -9.5 53.99 63.99 -9.5 53.75
2 24 64.12 -9.5 54.25 64.09 -9.5 53.99
3 16 63.38 -9.5 53.28 63.63 -9.5 53.38 63.13 -9.5 53.25
2 24 63.63 -9.5 53.38 63.38 -9.5 53.28
2 24 63.38 -9.5 53.28 63.13 -9.5 53.25
4 16 63.13 -9.5 53.25 63.63 -9.5 53.38 63.83 -9.5 53.54 63.99 -9.5 53.75
2 24 63.83 -9.5 53.54 63.63 -9.5 53.38
2 24 63.99 -9.5 53.75 63.83 -9.5 53.54
3 16 64.09 -9.5 62.51 63.99 -9.5 62.75 64.12 -9.5 62.25
2 24 63.99 -9.5 62.75 64.09 -9.5 62.51
2 24 64.09 -9.5 62.51 64.12 -9.5 62.25
4 16 64.12 -9.5 62.25 63.99 -9.5 62.75 63.83 -9.5 62.96 63.63 -9.5 63.12
2 24 63.83 -9.5 62.96 63.99 -9.5 62.75
2 24 63.63 -9.5 63.12 63.83 -9.5 62.96
4 16 63.63 -9.5 63.12 63.38 -9.5 63.22 63.13 -9.5 63.25 64.12 -9.5 62.25
2 24 63.38 -9.5 63.22 63.63 -9.5 63.12
2 24 63.13 -9.5 63.25 63.38 -9.5 63.22
3 16 64.12 -9.5 62.25 63.13 -9.5 63.25 62.12 -9.5 63.25
2 24 62.12 -9.5 63.25 63.13 -9.5 63.25
3 16 50 -9.5 71.75 61.16 -9.5 63.99 61.12 -9.5 64.25
2 24 61.12 -9.5 64.25 61.16 -9.5 63.99

4 16 50.64 -8 6.82 49.79 -8 6.76 48.95 -8 6.93 51.44 -8 7.1
2 24 49.79 -8 6.76 50.64 -8 6.82
2 24 48.95 -8 6.93 49.79 -8 6.76
2 24 50.64 -8 6.82 51.44 -8 7.1
3 16 51.44 -8 7.1 48.95 -8 6.93 48.2 -8 7.32
2 24 48.2 -8 7.32 48.95 -8 6.93
4 16 51.44 -8 7.1 48.2 -8 7.32 47.58 -8 7.9 52.13 -8 7.59
2 24 47.58 -8 7.9 48.2 -8 7.32
2 24 51.44 -8 7.1 52.13 -8 7.59
4 16 52.13 -8 7.59 47.58 -8 7.9 47.13 -8 8.63 52.67 -8 8.25
2 24 47.13 -8 8.63 47.58 -8 7.9
2 24 52.13 -8 7.59 52.67 -8 8.25
4 16 52.67 -8 8.25 47.13 -8 8.63 46.9 -8 9.45 53.01 -8 9.03
2 24 46.9 -8 9.45 47.13 -8 8.63
2 24 52.67 -8 8.25 53.01 -8 9.03
4 16 53.01 -8 9.03 46.9 -8 9.45 46.9 -8 10.3 53.13 -8 9.87
2 24 46.9 -8 10.3 46.9 -8 9.45
2 24 53.01 -8 9.03 53.13 -8 9.87
4 16 53.13 -8 9.87 46.9 -8 10.3 47.13 -8 11.12 53.01 -8 10.72
2 24 47.13 -8 11.12 46.9 -8 10.3
2 24 53.13 -8 9.87 53.01 -8 10.72
4 16 53.01 -8 10.72 47.13 -8 11.12 47.58 -8 11.85 52.67 -8 11.5
2 24 47.58 -8 11.85 47.13 -8 11.12
2 24 53.01 -8 10.72 52.67 -8 11.5
4 16 52.67 -8 11.5 47.58 -8 11.85 48.2 -8 12.43 52.13 -8 12.16
2 24 48.2 -8 12.43 47.58 -8 11.85
2 24 52.67 -8 11.5 52.13 -8 12.16
4 16 52.13 -8 12.16 48.2 -8 12.43 48.95 -8 12.82 51.44 -8 12.65
2 24 48.95 -8 12.82 48.2 -8 12.43
2 24 52.13 -8 12.16 51.44 -8 12.65
4 16 51.44 -8 12.65 48.95 -8 12.82 49.79 -8 12.99 50.64 -8 12.93
2 24 49.79 -8 12.99 48.95 -8 12.82
2 24 50.64 -8 12.93 49.79 -8 12.99
2 24 51.44 -8 12.65 50.64 -8 12.93

4 16 30.64 -8 6.82 29.79 -8 6.76 28.95 -8 6.93 31.44 -8 7.1
2 24 29.79 -8 6.76 30.64 -8 6.82
2 24 28.95 -8 6.93 29.79 -8 6.76
2 24 30.64 -8 6.82 31.44 -8 7.1
3 16 31.44 -8 7.1 28.95 -8 6.93 28.2 -8 7.32
2 24 28.2 -8 7.32 28.95 -8 6.93
4 16 31.44 -8 7.1 28.2 -8 7.32 27.58 -8 7.9 32.13 -8 7.59
2 24 27.58 -8 7.9 28.2 -8 7.32
2 24 31.44 -8 7.1 32.13 -8 7.59
4 16 32.13 -8 7.59 27.58 -8 7.9 27.13 -8 8.63 32.67 -8 8.25
2 24 27.13 -8 8.63 27.58 -8 7.9
2 24 32.13 -8 7.59 32.67 -8 8.25
4 16 32.67 -8 8.25 27.13 -8 8.63 26.9 -8 9.45 33.01 -8 9.03
2 24 26.9 -8 9.45 27.13 -8 8.63
2 24 32.67 -8 8.25 33.01 -8 9.03
4 16 33.01 -8 9.03 26.9 -8 9.45 26.9 -8 10.3 33.13 -8 9.87
2 24 26.9 -8 10.3 26.9 -8 9.45
2 24 33.01 -8 9.03 33.13 -8 9.87
4 16 33.13 -8 9.87 26.9 -8 10.3 27.13 -8 11.12 33.01 -8 10.72
2 24 27.13 -8 11.12 26.9 -8 10.3
2 24 33.13 -8 9.87 33.01 -8 10.72
4 16 33.01 -8 10.72 27.13 -8 11.12 27.58 -8 11.85 32.67 -8 11.5
2 24 27.58 -8 11.85 27.13 -8 11.12
2 24 33.01 -8 10.72 32.67 -8 11.5
4 16 32.67 -8 11.5 27.58 -8 11.85 28.2 -8 12.43 32.13 -8 12.16
2 24 28.2 -8 12.43 27.58 -8 11.85
2 24 32.67 -8 11.5 32.13 -8 12.16
4 16 32.13 -8 12.16 28.2 -8 12.43 28.95 -8 12.82 31.44 -8 12.65
2 24 28.95 -8 12.82 28.2 -8 12.43
2 24 32.13 -8 12.16 31.44 -8 12.65
4 16 31.44 -8 12.65 28.95 -8 12.82 29.79 -8 12.99 30.64 -8 12.93
2 24 29.79 -8 12.99 28.95 -8 12.82
2 24 30.64 -8 12.93 29.79 -8 12.99
2 24 31.44 -8 12.65 30.64 -8 12.93

4 16 61.12 -6.5 64.25 61.12 -6.5 74.75 61.12 -9.5 74.75 61.12 -9.5 64.25
2 24 61.12 -6.5 74.75 61.12 -6.5 64.25
2 24 61.12 -6.5 74.75 61.12 -9.5 74.75
5 24 61.12 -9.5 64.25 61.12 -6.5 64.25 61.12 -6.5 74.75 61.16 -9.5 63.99
4 16 61.16 -6.5 63.99 61.12 -6.5 64.25 61.12 -9.5 64.25 61.16 -9.5 63.99
2 24 61.12 -6.5 64.25 61.16 -6.5 63.99
5 24 61.16 -6.5 63.99 61.16 -9.5 63.99 61.26 -9.5 63.75 61.12 -6.5 64.25

4 16 17.87 -9.5 63.25 17.87 -6.5 63.25 16.87 -1.5 63.25 16.87 -9.5 63.25
5 24 17.87 -9.5 63.25 17.87 -6.5 63.25 16.87 -1.5 63.25 18.13 -9.5 63.28
5 24 16.87 -9.5 63.25 16.87 -1.5 63.25 16.62 -1.5 63.22 17.87 -9.5 63.25
3 16 18.87 -6.5 63.25 18.87 -3.5 63.25 17.87 -6.5 63.25
2 24 18.87 -6.5 63.25 18.87 -3.5 63.25
2 24 18.87 -6.5 63.25 17.87 -6.5 63.25
4 16 17.87 -6.5 63.25 18.87 -3.5 63.25 18.87 -1.5 63.25 16.87 -1.5 63.25
2 24 16.87 -1.5 63.25 18.87 -1.5 63.25
4 16 18.87 -1.5 63.25 18.87 -3.5 63.25 19.62 -2.75 63.25 19.62 -2.25 63.25
2 24 19.62 -2.75 63.25 18.87 -3.5 63.25
2 24 19.62 -2.25 63.25 19.62 -2.75 63.25
2 24 18.87 -1.5 63.25 19.62 -2.25 63.25

3 16 61.12 -6.5 23.62 62.12 -6.5 23.62 61.12 -3.5 23.62
2 24 62.12 -6.5 23.62 61.12 -6.5 23.62
2 24 61.12 -3.5 23.62 61.12 -6.5 23.62
4 16 61.12 -3.5 23.62 62.12 -6.5 23.62 63.13 -1.5 23.62 61.12 -1.5 23.62
2 24 61.12 -1.5 23.62 63.13 -1.5 23.62
4 16 62.12 -9.5 23.62 63.13 -9.5 23.62 63.13 -1.5 23.62 62.12 -6.5 23.62
5 24 63.13 -1.5 23.62 63.13 -9.5 23.62 63.38 -9.5 23.59 62.12 -6.5 23.62
5 24 62.12 -9.5 23.62 62.12 -6.5 23.62 61.87 -6.5 23.66 63.13 -9.5 23.62
4 16 61.12 -1.5 23.62 60.38 -2.25 23.62 60.38 -2.75 23.62 61.12 -3.5 23.62
2 24 61.12 -1.5 23.62 60.38 -2.25 23.62
2 24 60.38 -2.75 23.62 60.38 -2.25 23.62
2 24 60.38 -2.75 23.62 61.12 -3.5 23.62

4 16 61.12 -6.5 12.62 61.16 -6.5 12.88 61.16 -9.5 12.88 61.12 -9.5 12.62
2 24 61.16 -6.5 12.88 61.12 -6.5 12.62
5 24 61.16 -6.5 12.88 61.16 -9.5 12.88 61.12 -9.5 12.62 61.26 -6.5 13.12
5 24 61.12 -9.5 12.62 61.12 -6.5 12.62 61.16 -6.5 12.88 61.12 -9.5 3
4 16 61.12 -9.5 12.62 61.12 -9.5 3 61.12 -6.5 3 61.12 -6.5 12.62
2 24 61.12 -6.5 3 61.12 -9.5 3
2 24 61.12 -6.5 12.62 61.12 -6.5 3

4 16 61.12 -6.5 13.62 61.12 -3.5 13.62 63.13 -1.5 13.63 62.12 -6.5 13.62
2 24 61.12 -6.5 13.62 61.12 -3.5 13.62
2 24 61.12 -6.5 13.62 62.12 -6.5 13.62
4 16 62.12 -6.5 13.62 63.13 -1.5 13.63 63.13 -9.5 13.62 62.12 -9.5 13.62
5 24 63.13 -9.5 13.62 63.13 -1.5 13.63 63.38 -1.5 13.66 62.12 -9.5 13.62
5 24 62.12 -9.5 13.62 62.12 -6.5 13.62 63.13 -1.5 13.63 61.87 -9.5 13.59
3 16 60.38 -2.75 13.62 60.38 -2.25 13.63 61.12 -3.5 13.62
2 24 60.38 -2.75 13.62 60.38 -2.25 13.63
2 24 61.12 -3.5 13.62 60.38 -2.75 13.62
4 16 61.12 -3.5 13.62 60.38 -2.25 13.63 61.12 -1.5 13.63 63.13 -1.5 13.63
2 24 60.38 -2.25 13.63 61.12 -1.5 13.63
2 24 63.13 -1.5 13.63 61.12 -1.5 13.63

3 16 61.12 -1.5 23.62 63.13 -1.5 23.62 64.12 -1.5 22.62
3 16 64.12 -1.5 22.62 63.13 -1.5 23.62 63.38 -1.5 23.59
2 24 63.13 -1.5 23.62 63.38 -1.5 23.59
4 16 64.12 -1.5 22.62 63.38 -1.5 23.59 63.63 -1.5 23.49 63.83 -1.5 23.33
2 24 63.38 -1.5 23.59 63.63 -1.5 23.49
2 24 63.63 -1.5 23.49 63.83 -1.5 23.33
4 16 64.12 -1.5 22.62 63.83 -1.5 23.33 63.99 -1.5 23.12 64.09 -1.5 22.88
2 24 63.83 -1.5 23.33 63.99 -1.5 23.12
2 24 63.99 -1.5 23.12 64.09 -1.5 22.88
2 24 64.09 -1.5 22.88 64.12 -1.5 22.62
4 16 61.12 -1.5 23.62 64.12 -1.5 22.62 64.12 -1.5 14.63 61.12 -1.5 13.63
2 24 64.12 -1.5 14.63 64.12 -1.5 22.62
2 24 61.12 -1.5 13.63 61.12 -1.5 23.62
4 16 61.12 -1.5 13.63 64.12 -1.5 14.63 64.09 -1.5 14.37 63.13 -1.5 13.63
2 24 64.12 -1.5 14.63 64.09 -1.5 14.37
4 16 63.13 -1.5 13.63 64.09 -1.5 14.37 63.99 -1.5 14.13 63.83 -1.5 13.92
2 24 64.09 -1.5 14.37 63.99 -1.5 14.13
2 24 63.99 -1.5 14.13 63.83 -1.5 13.92
4 16 63.13 -1.5 13.63 63.83 -1.5 13.92 63.63 -1.5 13.76 63.38 -1.5 13.66
2 24 63.83 -1.5 13.92 63.63 -1.5 13.76
2 24 63.63 -1.5 13.76 63.38 -1.5 13.66
2 24 63.38 -1.5 13.66 63.13 -1.5 13.63

4 16 64.12 -9.5 22.62 64.12 -9.5 14.62 64.12 -1.5 14.63 64.12 -1.5 22.62
5 24 64.12 -9.5 14.62 64.12 -1.5 14.63 64.12 -1.5 22.62 64.09 -9.5 14.37
5 24 64.12 -1.5 22.62 64.12 -9.5 22.62 64.12 -9.5 14.62 64.09 -1.5 22.88
4 16 64.09 -1.5 14.37 64.12 -1.5 14.63 64.12 -9.5 14.62 64.09 -9.5 14.37
5 24 64.09 -1.5 14.37 64.09 -9.5 14.37 63.99 -9.5 14.12 64.12 -1.5 14.63
4 16 64.12 -1.5 22.62 64.09 -1.5 22.88 64.09 -9.5 22.88 64.12 -9.5 22.62
5 24 64.09 -1.5 22.88 64.09 -9.5 22.88 64.12 -9.5 22.62 63.99 -1.5 23.12

3 16 18.87 -6.5 13.62 17.87 -6.5 13.62 18.87 -3.5 13.62
2 24 17.87 -6.5 13.62 18.87 -6.5 13.62
2 24 18.87 -3.5 13.62 18.87 -6.5 13.62
4 16 18.87 -3.5 13.62 17.87 -6.5 13.62 16.87 -1.5 13.63 18.87 -1.5 13.63
2 24 18.87 -1.5 13.63 16.87 -1.5 13.63
4 16 17.87 -9.5 13.62 16.87 -9.5 13.62 16.87 -1.5 13.63 17.87 -6.5 13.62
5 24 16.87 -1.5 13.63 16.87 -9.5 13.62 16.62 -9.5 13.66 17.87 -6.5 13.62
5 24 17.87 -9.5 13.62 17.87 -6.5 13.62 18.13 -6.5 13.59 16.87 -9.5 13.62
4 16 18.87 -1.5 13.63 19.62 -2.25 13.63 19.62 -2.75 13.62 18.87 -3.5 13.62
2 24 19.62 -2.25 13.63 18.87 -1.5 13.63
2 24 19.62 -2.75 13.62 19.62 -2.25 13.63
2 24 19.62 -2.75 13.62 18.87 -3.5 13.62

4 16 18.87 -6.5 23.62 18.87 -3.5 23.62 16.87 -1.5 23.62 17.87 -6.5 23.62
2 24 18.87 -6.5 23.62 18.87 -3.5 23.62
2 24 18.87 -6.5 23.62 17.87 -6.5 23.62
4 16 17.87 -6.5 23.62 16.87 -1.5 23.62 16.87 -9.5 23.62 17.87 -9.5 23.62
5 24 16.87 -9.5 23.62 16.87 -1.5 23.62 16.62 -1.5 23.59 17.87 -9.5 23.62
5 24 17.87 -9.5 23.62 17.87 -6.5 23.62 16.87 -1.5 23.62 18.13 -9.5 23.66
3 16 19.62 -2.75 23.62 19.62 -2.25 23.62 18.87 -3.5 23.62
2 24 19.62 -2.75 23.62 19.62 -2.25 23.62
2 24 18.87 -3.5 23.62 19.62 -2.75 23.62
4 16 18.87 -3.5 23.62 19.62 -2.25 23.62 18.87 -1.5 23.62 16.87 -1.5 23.62
2 24 19.62 -2.25 23.62 18.87 -1.5 23.62
2 24 16.87 -1.5 23.62 18.87 -1.5 23.62

3 16 16.62 -1.5 13.66 16.37 -1.5 13.76 16.87 -1.5 13.63
2 24 16.62 -1.5 13.66 16.37 -1.5 13.76
2 24 16.87 -1.5 13.63 16.62 -1.5 13.66
4 16 16.87 -1.5 13.63 16.37 -1.5 13.76 16.17 -1.5 13.92 16.01 -1.5 14.13
2 24 16.37 -1.5 13.76 16.17 -1.5 13.92
2 24 16.17 -1.5 13.92 16.01 -1.5 14.13
4 16 16.01 -1.5 14.13 15.91 -1.5 14.37 15.88 -1.5 14.63 16.87 -1.5 13.63
2 24 16.01 -1.5 14.13 15.91 -1.5 14.37
2 24 15.91 -1.5 14.37 15.88 -1.5 14.63
4 16 16.87 -1.5 13.63 15.88 -1.5 14.63 15.88 -1.5 22.62 18.87 -1.5 13.63
2 24 15.88 -1.5 22.62 15.88 -1.5 14.63
4 16 18.87 -1.5 13.63 15.88 -1.5 22.62 16.87 -1.5 23.62 18.87 -1.5 23.62
2 24 18.87 -1.5 23.62 18.87 -1.5 13.63
3 16 15.91 -1.5 22.88 16.01 -1.5 23.12 15.88 -1.5 22.62
2 24 15.91 -1.5 22.88 16.01 -1.5 23.12
2 24 15.88 -1.5 22.62 15.91 -1.5 22.88
4 16 15.88 -1.5 22.62 16.01 -1.5 23.12 16.17 -1.5 23.33 16.37 -1.5 23.49
2 24 16.01 -1.5 23.12 16.17 -1.5 23.33
2 24 16.17 -1.5 23.33 16.37 -1.5 23.49
4 16 16.37 -1.5 23.49 16.62 -1.5 23.59 16.87 -1.5 23.62 15.88 -1.5 22.62
2 24 16.37 -1.5 23.49 16.62 -1.5 23.59
2 24 16.62 -1.5 23.59 16.87 -1.5 23.62

4 16 15.88 -9.5 14.62 15.88 -9.5 22.62 15.88 -1.5 22.62 15.88 -1.5 14.63
5 24 15.88 -9.5 22.62 15.88 -1.5 22.62 15.88 -1.5 14.63 15.91 -9.5 22.88
5 24 15.88 -1.5 14.63 15.88 -9.5 14.62 15.88 -9.5 22.62 15.91 -1.5 14.37
4 16 15.88 -1.5 14.63 15.91 -1.5 14.37 15.91 -9.5 14.37 15.88 -9.5 14.62
5 24 15.91 -1.5 14.37 15.91 -9.5 14.37 15.88 -9.5 14.62 16.01 -1.5 14.13
4 16 15.91 -1.5 22.88 15.88 -1.5 22.62 15.88 -9.5 22.62 15.91 -9.5 22.88
5 24 15.91 -1.5 22.88 15.91 -9.5 22.88 16.01 -9.5 23.12 15.88 -1.5 22.62

4 16 18.87 -6.5 12.62 18.87 -6.5 3 18.87 -9.5 3 18.87 -9.5 12.62
2 24 18.87 -6.5 3 18.87 -6.5 12.62
2 24 18.87 -9.5 3 18.87 -6.5 3
5 24 18.87 -9.5 12.62 18.87 -6.5 12.62 18.87 -6.5 3 18.84 -9.5 12.88
4 16 18.84 -6.5 12.88 18.87 -6.5 12.62 18.87 -9.5 12.62 18.84 -9.5 12.88
2 24 18.87 -6.5 12.62 18.84 -6.5 12.88
5 24 18.84 -6.5 12.88 18.84 -9.5 12.88 18.74 -9.5 13.12 18.87 -6.5 12.62

4 16 62.12 -9.5 63.25 63.13 -9.5 63.25 63.13 -1.5 63.25 62.12 -6.5 63.25
5 24 63.13 -1.5 63.25 63.13 -9.5 63.25 63.38 -9.5 63.22 62.12 -6.5 63.25
5 24 62.12 -6.5 63.25 62.12 -9.5 63.25 63.13 -9.5 63.25 61.87 -6.5 63.28
4 16 62.12 -6.5 63.25 63.13 -1.5 63.25 61.12 -3.5 63.25 61.12 -6.5 63.25
2 24 61.12 -3.5 63.25 61.12 -6.5 63.25
2 24 62.12 -6.5 63.25 61.12 -6.5 63.25
3 16 61.12 -3.5 63.25 63.13 -1.5 63.25 61.12 -1.5 63.25
2 24 61.12 -1.5 63.25 63.13 -1.5 63.25
4 16 61.12 -3.5 63.25 61.12 -1.5 63.25 60.38 -2.25 63.25 60.38 -2.75 63.25
2 24 60.38 -2.25 63.25 61.12 -1.5 63.25
2 24 60.38 -2.75 63.25 60.38 -2.25 63.25
2 24 61.12 -3.5 63.25 60.38 -2.75 63.25

3 16 61.12 -1.5 63.25 63.13 -1.5 63.25 64.12 -1.5 62.25
3 16 64.12 -1.5 62.25 63.13 -1.5 63.25 63.38 -1.5 63.22
2 24 63.13 -1.5 63.25 63.38 -1.5 63.22
4 16 64.12 -1.5 62.25 63.38 -1.5 63.22 63.63 -1.5 63.12 63.83 -1.5 62.96
2 24 63.38 -1.5 63.22 63.63 -1.5 63.12
2 24 63.63 -1.5 63.12 63.83 -1.5 62.96
4 16 64.12 -1.5 62.25 63.83 -1.5 62.96 63.99 -1.5 62.75 64.09 -1.5 62.51
2 24 63.83 -1.5 62.96 63.99 -1.5 62.75
2 24 63.99 -1.5 62.75 64.09 -1.5 62.51
2 24 64.09 -1.5 62.51 64.12 -1.5 62.25
4 16 61.12 -1.5 63.25 64.12 -1.5 62.25 64.12 -1.5 54.25 61.12 -1.5 53.25
2 24 64.12 -1.5 54.25 64.12 -1.5 62.25
2 24 61.12 -1.5 63.25 61.12 -1.5 53.25
4 16 61.12 -1.5 53.25 64.12 -1.5 54.25 64.09 -1.5 53.99 63.13 -1.5 53.25
2 24 64.09 -1.5 53.99 64.12 -1.5 54.25
2 24 61.12 -1.5 53.25 63.13 -1.5 53.25
4 16 63.13 -1.5 53.25 64.09 -1.5 53.99 63.99 -1.5 53.75 63.83 -1.5 53.54
2 24 63.99 -1.5 53.75 64.09 -1.5 53.99
2 24 63.83 -1.5 53.54 63.99 -1.5 53.75
4 16 63.13 -1.5 53.25 63.83 -1.5 53.54 63.63 -1.5 53.38 63.38 -1.5 53.28
2 24 63.63 -1.5 53.38 63.83 -1.5 53.54
2 24 63.38 -1.5 53.28 63.63 -1.5 53.38
2 24 63.13 -1.5 53.25 63.38 -1.5 53.28

4 16 61.12 -6.5 53.25 61.12 -3.5 53.25 63.13 -1.5 53.25 62.12 -6.5 53.25
2 24 61.12 -6.5 53.25 61.12 -3.5 53.25
2 24 61.12 -6.5 53.25 62.12 -6.5 53.25
4 16 62.12 -6.5 53.25 63.13 -1.5 53.25 63.13 -9.5 53.25 62.12 -9.5 53.25
5 24 63.13 -9.5 53.25 63.13 -1.5 53.25 63.38 -1.5 53.28 62.12 -9.5 53.25
5 24 62.12 -6.5 53.25 62.12 -9.5 53.25 61.87 -9.5 53.22 63.13 -1.5 53.25
3 16 60.38 -2.75 53.25 60.38 -2.25 53.25 61.12 -3.5 53.25
2 24 60.38 -2.75 53.25 60.38 -2.25 53.25
2 24 61.12 -3.5 53.25 60.38 -2.75 53.25
4 16 61.12 -3.5 53.25 60.38 -2.25 53.25 61.12 -1.5 53.25 63.13 -1.5 53.25
2 24 60.38 -2.25 53.25 61.12 -1.5 53.25

4 16 64.09 -1.5 53.99 64.12 -1.5 54.25 64.12 -9.5 54.25 64.09 -9.5 53.99
5 24 64.12 -1.5 54.25 64.12 -9.5 54.25 64.09 -9.5 53.99 64.12 -1.5 62.25
5 24 64.09 -1.5 53.99 64.09 -9.5 53.99 63.99 -9.5 53.75 64.12 -1.5 54.25
4 16 64.12 -9.5 62.25 64.12 -9.5 54.25 64.12 -1.5 54.25 64.12 -1.5 62.25
5 24 64.12 -1.5 62.25 64.12 -9.5 62.25 64.12 -9.5 54.25 64.09 -1.5 62.51
4 16 64.12 -1.5 62.25 64.09 -1.5 62.51 64.09 -9.5 62.51 64.12 -9.5 62.25
5 24 64.09 -1.5 62.51 64.09 -9.5 62.51 64.12 -9.5 62.25 63.99 -1.5 62.75

4 16 61.12 -6.5 52.25 61.16 -6.5 52.51 61.16 -9.5 52.51 61.12 -9.5 52.25
2 24 61.16 -6.5 52.51 61.12 -6.5 52.25
5 24 61.16 -6.5 52.51 61.16 -9.5 52.51 61.12 -9.5 52.25 61.26 -6.5 52.75
5 24 61.12 -9.5 52.25 61.12 -6.5 52.25 61.16 -6.5 52.51 61.12 -9.5 24.62
4 16 61.12 -6.5 24.62 61.12 -6.5 52.25 61.12 -9.5 52.25 61.12 -9.5 24.62
2 24 61.12 -6.5 52.25 61.12 -6.5 24.62
5 24 61.12 -9.5 24.62 61.12 -6.5 24.62 61.12 -6.5 52.25 61.16 -9.5 24.37
4 16 61.16 -6.5 24.37 61.12 -6.5 24.62 61.12 -9.5 24.62 61.16 -9.5 24.37
2 24 61.12 -6.5 24.62 61.16 -6.5 24.37
5 24 61.16 -6.5 24.37 61.16 -9.5 24.37 61.26 -9.5 24.12 61.12 -6.5 24.62

4 16 18.87 -9.5 64.25 18.87 -9.5 74.75 18.87 -6.5 74.75 18.87 -6.5 64.25
2 24 18.87 -9.5 74.75 18.87 -6.5 74.75
2 24 18.87 -6.5 64.25 18.87 -6.5 74.75
5 24 18.87 -6.5 64.25 18.87 -9.5 64.25 18.87 -9.5 74.75 18.84 -6.5 63.99
4 16 18.87 -6.5 64.25 18.84 -6.5 63.99 18.84 -9.5 63.99 18.87 -9.5 64.25
2 24 18.84 -6.5 63.99 18.87 -6.5 64.25
5 24 18.84 -6.5 63.99 18.84 -9.5 63.99 18.87 -9.5 64.25 18.74 -6.5 63.75

3 16 50.83 -6.5 12.89 49.99 -6.5 13 56.87 -6.5 22.37
2 24 50.83 -6.5 12.89 49.99 -6.5 13
3 16 56.87 -6.5 22.37 49.99 -6.5 13 49.15 -6.5 12.88
2 24 49.99 -6.5 13 49.15 -6.5 12.88
4 16 56.87 -6.5 22.37 49.15 -6.5 12.88 48.37 -6.5 12.54 36.87 -6.5 22.37
2 24 49.15 -6.5 12.88 48.37 -6.5 12.54
2 24 56.87 -6.5 22.37 36.87 -6.5 22.37
3 16 36.87 -6.5 22.37 48.37 -6.5 12.54 47.71 -6.5 12
2 24 48.37 -6.5 12.54 47.71 -6.5 12
4 16 61.12 -6.5 64.25 61.16 -6.5 63.99 61.12 -6.5 63.25 50 -6.5 71.75
3 16 50 -6.5 71.75 61.12 -6.5 63.25 61.12 -6.5 53.25
2 24 61.12 -6.5 63.25 61.12 -6.5 53.25
4 16 50 -6.5 71.75 61.12 -6.5 53.25 36.87 -6.5 41.87 30 -6.5 71.75
2 24 50 -6.5 71.75 30 -6.5 71.75
4 16 36.87 -6.5 41.87 61.12 -6.5 53.25 61.16 -6.5 52.51 61.12 -6.5 52.25
3 16 36.87 -6.5 41.87 61.12 -6.5 52.25 56.87 -6.5 41.87
2 24 56.87 -6.5 41.87 36.87 -6.5 41.87
4 16 56.87 -6.5 41.87 61.12 -6.5 52.25 61.12 -6.5 24.62 56.87 -6.5 22.37
2 24 56.87 -6.5 22.37 56.87 -6.5 41.87
3 16 56.87 -6.5 22.37 61.12 -6.5 24.62 61.16 -6.5 24.37
4 16 56.87 -6.5 22.37 61.16 -6.5 24.37 61.26 -6.5 24.12 61.12 -6.5 23.62
2 24 61.16 -6.5 24.37 61.26 -6.5 24.12
3 16 61.12 -6.5 23.62 61.26 -6.5 24.12 61.42 -6.5 23.92
2 24 61.26 -6.5 24.12 61.42 -6.5 23.92
4 16 29.15 -6.5 12.88 28.37 -6.5 12.54 18.87 -6.5 23.62 36.87 -6.5 22.37
2 24 29.15 -6.5 12.88 28.37 -6.5 12.54
4 16 36.87 -6.5 22.37 18.87 -6.5 23.62 18.84 -6.5 24.37 18.87 -6.5 24.62
2 24 18.84 -6.5 24.37 18.87 -6.5 24.62
4 16 36.87 -6.5 22.37 18.87 -6.5 24.62 18.87 -6.5 52.25 36.87 -6.5 41.87
2 24 18.87 -6.5 24.62 18.87 -6.5 52.25
2 24 36.87 -6.5 22.37 36.87 -6.5 41.87
4 16 36.87 -6.5 41.87 18.87 -6.5 52.25 18.84 -6.5 52.51 18.87 -6.5 53.25
2 24 18.84 -6.5 52.51 18.87 -6.5 52.25
3 16 18.87 -6.5 53.25 18.84 -6.5 52.51 18.74 -6.5 52.75
2 24 18.74 -6.5 52.75 18.84 -6.5 52.51
3 16 50.44 -6.5 6.78 61.12 -6.5 3 49.59 -6.5 6.78
2 24 49.59 -6.5 6.78 50.44 -6.5 6.78
4 16 49.59 -6.5 6.78 61.12 -6.5 3 18.87 -6.5 3 30.44 -6.5 6.78
2 24 61.12 -6.5 3 18.87 -6.5 3
4 16 49.59 -6.5 6.78 30.44 -6.5 6.78 31.26 -6.5 7.01 48.77 -6.5 7
2 24 30.44 -6.5 6.78 31.26 -6.5 7.01
2 24 48.77 -6.5 7 49.59 -6.5 6.78
4 16 48.77 -6.5 7 31.26 -6.5 7.01 31.98 -6.5 7.46 48.04 -6.5 7.44
2 24 31.26 -6.5 7.01 31.98 -6.5 7.46
2 24 48.04 -6.5 7.44 48.77 -6.5 7
4 16 48.04 -6.5 7.44 31.98 -6.5 7.46 32.56 -6.5 8.08 47.45 -6.5 8.06
2 24 31.98 -6.5 7.46 32.56 -6.5 8.08
2 24 47.45 -6.5 8.06 48.04 -6.5 7.44
4 16 47.45 -6.5 8.06 32.56 -6.5 8.08 32.95 -6.5 8.84 47.06 -6.5 8.82
2 24 32.56 -6.5 8.08 32.95 -6.5 8.84
2 24 47.06 -6.5 8.82 47.45 -6.5 8.06
4 16 47.06 -6.5 8.82 32.95 -6.5 8.84 33.12 -6.5 9.67 46.88 -6.5 9.65
2 24 32.95 -6.5 8.84 33.12 -6.5 9.67
2 24 46.88 -6.5 9.65 47.06 -6.5 8.82
4 16 46.88 -6.5 9.65 33.12 -6.5 9.67 33.06 -6.5 10.52 46.94 -6.5 10.5
2 24 33.12 -6.5 9.67 33.06 -6.5 10.52
2 24 46.94 -6.5 10.5 46.88 -6.5 9.65
4 16 46.94 -6.5 10.5 33.06 -6.5 10.52 32.77 -6.5 11.32 47.22 -6.5 11.3
2 24 33.06 -6.5 10.52 32.77 -6.5 11.32
2 24 47.22 -6.5 11.3 46.94 -6.5 10.5
4 16 47.22 -6.5 11.3 32.77 -6.5 11.32 36.87 -6.5 22.37 47.71 -6.5 12
2 24 47.71 -6.5 12 47.22 -6.5 11.3
3 16 36.87 -6.5 22.37 32.77 -6.5 11.32 32.28 -6.5 12.02
2 24 32.77 -6.5 11.32 32.28 -6.5 12.02
3 16 36.87 -6.5 22.37 32.28 -6.5 12.02 31.61 -6.5 12.55
2 24 32.28 -6.5 12.02 31.61 -6.5 12.55
3 16 50.44 -6.5 6.78 51.26 -6.5 7.01 61.12 -6.5 3
2 24 50.44 -6.5 6.78 51.26 -6.5 7.01
3 16 61.12 -6.5 3 51.26 -6.5 7.01 51.98 -6.5 7.46
2 24 51.26 -6.5 7.01 51.98 -6.5 7.46
3 16 61.12 -6.5 3 51.98 -6.5 7.46 52.56 -6.5 8.08
2 24 51.98 -6.5 7.46 52.56 -6.5 8.08
3 16 52.56 -6.5 8.08 52.95 -6.5 8.84 61.12 -6.5 3
2 24 52.56 -6.5 8.08 52.95 -6.5 8.84
4 16 61.12 -6.5 3 52.95 -6.5 8.84 53.12 -6.5 9.67 61.12 -6.5 12.62
2 24 52.95 -6.5 8.84 53.12 -6.5 9.67
3 16 61.12 -6.5 12.62 53.12 -6.5 9.67 53.06 -6.5 10.52
2 24 53.12 -6.5 9.67 53.06 -6.5 10.52
3 16 61.12 -6.5 12.62 53.06 -6.5 10.52 52.77 -6.5 11.32
2 24 53.06 -6.5 10.52 52.77 -6.5 11.32
4 16 61.12 -6.5 12.62 52.77 -6.5 11.32 61.12 -6.5 13.62 61.16 -6.5 12.88
3 16 61.12 -6.5 13.62 52.77 -6.5 11.32 52.28 -6.5 12.02
2 24 52.77 -6.5 11.32 52.28 -6.5 12.02
4 16 61.12 -6.5 13.62 52.28 -6.5 12.02 56.87 -6.5 22.37 61.12 -6.5 23.62
2 24 61.12 -6.5 23.62 61.12 -6.5 13.62
3 16 56.87 -6.5 22.37 52.28 -6.5 12.02 51.61 -6.5 12.55
2 24 52.28 -6.5 12.02 51.61 -6.5 12.55
3 16 56.87 -6.5 22.37 51.61 -6.5 12.55 50.83 -6.5 12.89
2 24 51.61 -6.5 12.55 50.83 -6.5 12.89
3 16 27.22 -6.5 11.3 26.94 -6.5 10.5 18.87 -6.5 12.62
2 24 27.22 -6.5 11.3 26.94 -6.5 10.5
3 16 18.87 -6.5 12.62 26.94 -6.5 10.5 26.88 -6.5 9.65
2 24 26.94 -6.5 10.5 26.88 -6.5 9.65
3 16 18.87 -6.5 12.62 26.88 -6.5 9.65 27.06 -6.5 8.82
2 24 26.88 -6.5 9.65 27.06 -6.5 8.82
4 16 18.87 -6.5 12.62 27.06 -6.5 8.82 27.45 -6.5 8.06 18.87 -6.5 3
2 24 27.06 -6.5 8.82 27.45 -6.5 8.06
3 16 18.87 -6.5 3 27.45 -6.5 8.06 28.04 -6.5 7.44
2 24 27.45 -6.5 8.06 28.04 -6.5 7.44
3 16 28.04 -6.5 7.44 28.77 -6.5 7 18.87 -6.5 3
2 24 28.04 -6.5 7.44 28.77 -6.5 7
3 16 18.87 -6.5 3 28.77 -6.5 7 29.59 -6.5 6.78
2 24 28.77 -6.5 7 29.59 -6.5 6.78
3 16 18.87 -6.5 3 29.59 -6.5 6.78 30.44 -6.5 6.78
2 24 29.59 -6.5 6.78 30.44 -6.5 6.78
3 16 31.61 -6.5 12.55 30.83 -6.5 12.89 36.87 -6.5 22.37
2 24 31.61 -6.5 12.55 30.83 -6.5 12.89
3 16 36.87 -6.5 22.37 30.83 -6.5 12.89 29.99 -6.5 13
2 24 30.83 -6.5 12.89 29.99 -6.5 13
3 16 36.87 -6.5 22.37 29.99 -6.5 13 29.15 -6.5 12.88
2 24 29.99 -6.5 13 29.15 -6.5 12.88
4 16 18.87 -6.5 23.62 28.37 -6.5 12.54 27.71 -6.5 12 18.87 -6.5 13.62
2 24 28.37 -6.5 12.54 27.71 -6.5 12
2 24 18.87 -6.5 13.62 18.87 -6.5 23.62
3 16 18.87 -6.5 13.62 27.71 -6.5 12 27.22 -6.5 11.3
2 24 27.71 -6.5 12 27.22 -6.5 11.3
4 16 18.87 -6.5 13.62 27.22 -6.5 11.3 18.87 -6.5 12.62 18.84 -6.5 12.88
4 16 30 -6.5 71.75 36.87 -6.5 41.87 18.87 -6.5 53.25 18.87 -6.5 63.25
2 24 18.87 -6.5 53.25 18.87 -6.5 63.25
4 16 50 -6.5 74.75 61.12 -6.5 74.75 61.12 -6.5 64.25 50 -6.5 71.75
2 24 50 -6.5 74.75 61.12 -6.5 74.75
2 24 50 -6.5 74.75 50 -6.5 71.75
3 16 61.12 -6.5 63.25 61.16 -6.5 63.99 61.26 -6.5 63.75
2 24 61.16 -6.5 63.99 61.26 -6.5 63.75
3 16 61.12 -6.5 63.25 61.26 -6.5 63.75 61.42 -6.5 63.54
2 24 61.26 -6.5 63.75 61.42 -6.5 63.54
3 16 61.42 -6.5 63.54 61.62 -6.5 63.38 61.12 -6.5 63.25
2 24 61.42 -6.5 63.54 61.62 -6.5 63.38
3 16 61.12 -6.5 63.25 61.62 -6.5 63.38 61.87 -6.5 63.28
2 24 61.62 -6.5 63.38 61.87 -6.5 63.28
3 16 61.12 -6.5 63.25 61.87 -6.5 63.28 62.12 -6.5 63.25
2 24 61.87 -6.5 63.28 62.12 -6.5 63.25
3 16 62.12 -6.5 53.25 61.87 -6.5 53.22 61.12 -6.5 53.25
2 24 62.12 -6.5 53.25 61.87 -6.5 53.22
3 16 61.12 -6.5 53.25 61.87 -6.5 53.22 61.62 -6.5 53.12
2 24 61.87 -6.5 53.22 61.62 -6.5 53.12
3 16 61.12 -6.5 53.25 61.62 -6.5 53.12 61.42 -6.5 52.96
2 24 61.62 -6.5 53.12 61.42 -6.5 52.96
3 16 61.42 -6.5 52.96 61.26 -6.5 52.75 61.12 -6.5 53.25
2 24 61.42 -6.5 52.96 61.26 -6.5 52.75
3 16 61.12 -6.5 53.25 61.26 -6.5 52.75 61.16 -6.5 52.51
2 24 61.26 -6.5 52.75 61.16 -6.5 52.51
3 16 61.42 -6.5 23.92 61.62 -6.5 23.76 61.12 -6.5 23.62
2 24 61.42 -6.5 23.92 61.62 -6.5 23.76
3 16 61.12 -6.5 23.62 61.62 -6.5 23.76 61.87 -6.5 23.66
2 24 61.62 -6.5 23.76 61.87 -6.5 23.66
3 16 61.12 -6.5 23.62 61.87 -6.5 23.66 62.12 -6.5 23.62
2 24 61.87 -6.5 23.66 62.12 -6.5 23.62
3 16 62.12 -6.5 13.62 61.87 -6.5 13.59 61.12 -6.5 13.62
2 24 62.12 -6.5 13.62 61.87 -6.5 13.59
3 16 61.12 -6.5 13.62 61.87 -6.5 13.59 61.62 -6.5 13.49
2 24 61.87 -6.5 13.59 61.62 -6.5 13.49
3 16 61.12 -6.5 13.62 61.62 -6.5 13.49 61.42 -6.5 13.33
2 24 61.62 -6.5 13.49 61.42 -6.5 13.33
3 16 61.42 -6.5 13.33 61.26 -6.5 13.12 61.12 -6.5 13.62
2 24 61.42 -6.5 13.33 61.26 -6.5 13.12
3 16 61.12 -6.5 13.62 61.26 -6.5 13.12 61.16 -6.5 12.88
2 24 61.26 -6.5 13.12 61.16 -6.5 12.88
3 16 18.87 -6.5 13.62 18.84 -6.5 12.88 18.74 -6.5 13.12
2 24 18.84 -6.5 12.88 18.74 -6.5 13.12
3 16 18.87 -6.5 13.62 18.74 -6.5 13.12 18.58 -6.5 13.33
2 24 18.74 -6.5 13.12 18.58 -6.5 13.33
3 16 18.58 -6.5 13.33 18.37 -6.5 13.49 18.87 -6.5 13.62
2 24 18.58 -6.5 13.33 18.37 -6.5 13.49
3 16 18.87 -6.5 13.62 18.37 -6.5 13.49 18.13 -6.5 13.59
2 24 18.37 -6.5 13.49 18.13 -6.5 13.59
3 16 18.87 -6.5 13.62 18.13 -6.5 13.59 17.87 -6.5 13.62
2 24 18.13 -6.5 13.59 17.87 -6.5 13.62
3 16 17.87 -6.5 23.62 18.13 -6.5 23.66 18.87 -6.5 23.62
2 24 17.87 -6.5 23.62 18.13 -6.5 23.66
3 16 18.87 -6.5 23.62 18.13 -6.5 23.66 18.37 -6.5 23.76
2 24 18.13 -6.5 23.66 18.37 -6.5 23.76
3 16 18.87 -6.5 23.62 18.37 -6.5 23.76 18.58 -6.5 23.92
2 24 18.37 -6.5 23.76 18.58 -6.5 23.92
3 16 18.58 -6.5 23.92 18.74 -6.5 24.12 18.87 -6.5 23.62
2 24 18.58 -6.5 23.92 18.74 -6.5 24.12
3 16 18.87 -6.5 23.62 18.74 -6.5 24.12 18.84 -6.5 24.37
2 24 18.74 -6.5 24.12 18.84 -6.5 24.37
3 16 18.74 -6.5 52.75 18.58 -6.5 52.96 18.87 -6.5 53.25
2 24 18.58 -6.5 52.96 18.74 -6.5 52.75
3 16 18.87 -6.5 53.25 18.58 -6.5 52.96 18.37 -6.5 53.12
2 24 18.37 -6.5 53.12 18.58 -6.5 52.96
3 16 18.87 -6.5 53.25 18.37 -6.5 53.12 18.13 -6.5 53.22
2 24 18.13 -6.5 53.22 18.37 -6.5 53.12
3 16 18.13 -6.5 53.22 17.87 -6.5 53.25 18.87 -6.5 53.25
2 24 17.87 -6.5 53.25 18.13 -6.5 53.22
2 24 18.87 -6.5 53.25 17.87 -6.5 53.25
3 16 17.87 -6.5 63.25 18.13 -6.5 63.28 18.87 -6.5 63.25
2 24 17.87 -6.5 63.25 18.13 -6.5 63.28
3 16 18.87 -6.5 63.25 18.13 -6.5 63.28 18.37 -6.5 63.38
2 24 18.13 -6.5 63.28 18.37 -6.5 63.38
3 16 18.87 -6.5 63.25 18.37 -6.5 63.38 18.58 -6.5 63.54
2 24 18.37 -6.5 63.38 18.58 -6.5 63.54
3 16 18.58 -6.5 63.54 18.74 -6.5 63.75 18.87 -6.5 63.25
2 24 18.58 -6.5 63.54 18.74 -6.5 63.75
3 16 18.87 -6.5 63.25 18.74 -6.5 63.75 18.84 -6.5 63.99
2 24 18.74 -6.5 63.75 18.84 -6.5 63.99
4 16 18.87 -6.5 63.25 18.84 -6.5 63.99 18.87 -6.5 64.25 30 -6.5 71.75
4 16 30 -6.5 71.75 18.87 -6.5 64.25 18.87 -6.5 74.75 30 -6.5 74.75
2 24 18.87 -6.5 74.75 30 -6.5 74.75
2 24 30 -6.5 71.75 30 -6.5 74.75

3 16 15.91 -1.5 62.51 16.01 -1.5 62.75 15.88 -1.5 62.25
2 24 15.91 -1.5 62.51 16.01 -1.5 62.75
2 24 15.88 -1.5 62.25 15.91 -1.5 62.51
4 16 15.88 -1.5 62.25 16.01 -1.5 62.75 16.17 -1.5 62.96 16.37 -1.5 63.12
2 24 16.01 -1.5 62.75 16.17 -1.5 62.96
2 24 16.17 -1.5 62.96 16.37 -1.5 63.12
4 16 16.37 -1.5 63.12 16.62 -1.5 63.22 16.87 -1.5 63.25 15.88 -1.5 62.25
2 24 16.37 -1.5 63.12 16.62 -1.5 63.22
2 24 16.62 -1.5 63.22 16.87 -1.5 63.25
3 16 15.88 -1.5 62.25 16.87 -1.5 63.25 18.87 -1.5 63.25
4 16 18.87 -1.5 63.25 18.87 -1.5 53.25 15.88 -1.5 54.25 15.88 -1.5 62.25
2 24 18.87 -1.5 63.25 18.87 -1.5 53.25
2 24 15.88 -1.5 54.25 15.88 -1.5 62.25
4 16 18.87 -1.5 53.25 16.87 -1.5 53.25 15.91 -1.5 53.99 15.88 -1.5 54.25
2 24 16.87 -1.5 53.25 18.87 -1.5 53.25
2 24 15.88 -1.5 54.25 15.91 -1.5 53.99
4 16 16.62 -1.5 53.28 16.37 -1.5 53.38 16.17 -1.5 53.54 16.87 -1.5 53.25
2 24 16.37 -1.5 53.38 16.62 -1.5 53.28
2 24 16.17 -1.5 53.54 16.37 -1.5 53.38
2 24 16.62 -1.5 53.28 16.87 -1.5 53.25
4 16 16.87 -1.5 53.25 16.17 -1.5 53.54 16.01 -1.5 53.75 15.91 -1.5 53.99
2 24 16.01 -1.5 53.75 16.17 -1.5 53.54
2 24 15.91 -1.5 53.99 16.01 -1.5 53.75

4 16 15.88 -1.5 54.25 15.91 -1.5 53.99 15.91 -9.5 53.99 15.88 -9.5 54.25
5 24 15.91 -1.5 53.99 15.91 -9.5 53.99 15.88 -9.5 54.25 16.01 -1.5 53.75
5 24 15.88 -9.5 54.25 15.88 -1.5 54.25 15.91 -1.5 53.99 15.88 -9.5 62.25
4 16 15.88 -1.5 62.25 15.88 -1.5 54.25 15.88 -9.5 54.25 15.88 -9.5 62.25
5 24 15.88 -9.5 62.25 15.88 -1.5 62.25 15.88 -1.5 54.25 15.91 -9.5 62.51
4 16 15.91 -1.5 62.51 15.88 -1.5 62.25 15.88 -9.5 62.25 15.91 -9.5 62.51
5 24 15.91 -1.5 62.51 15.91 -9.5 62.51 16.01 -9.5 62.75 15.88 -1.5 62.25

3 16 18.87 -6.5 53.25 17.87 -6.5 53.25 18.87 -3.5 53.25
2 24 18.87 -3.5 53.25 18.87 -6.5 53.25
4 16 18.87 -3.5 53.25 17.87 -6.5 53.25 16.87 -1.5 53.25 18.87 -1.5 53.25
4 16 17.87 -9.5 53.25 16.87 -9.5 53.25 16.87 -1.5 53.25 17.87 -6.5 53.25
5 24 16.87 -9.5 53.25 16.87 -1.5 53.25 17.87 -6.5 53.25 16.62 -9.5 53.28
5 24 17.87 -9.5 53.25 17.87 -6.5 53.25 18.13 -6.5 53.22 16.87 -9.5 53.25
4 16 18.87 -1.5 53.25 19.62 -2.25 53.25 19.62 -2.75 53.25 18.87 -3.5 53.25
2 24 18.87 -1.5 53.25 19.62 -2.25 53.25
2 24 19.62 -2.25 53.25 19.62 -2.75 53.25
2 24 19.62 -2.75 53.25 18.87 -3.5 53.25

4 16 18.84 -6.5 52.51 18.87 -6.5 52.25 18.87 -9.5 52.25 18.84 -9.5 52.51
5 24 18.87 -6.5 52.25 18.87 -9.5 52.25 18.84 -9.5 52.51 18.87 -6.5 24.62
5 24 18.84 -6.5 52.51 18.84 -9.5 52.51 18.74 -9.5 52.75 18.87 -6.5 52.25
4 16 18.87 -6.5 52.25 18.87 -6.5 24.62 18.87 -9.5 24.62 18.87 -9.5 52.25
5 24 18.87 -6.5 24.62 18.87 -9.5 24.62 18.87 -9.5 52.25 18.84 -6.5 24.37
4 16 18.87 -6.5 24.62 18.84 -6.5 24.37 18.84 -9.5 24.37 18.87 -9.5 24.62
5 24 18.84 -6.5 24.37 18.84 -9.5 24.37 18.87 -9.5 24.62 18.74 -6.5 24.12

4 16 50 -9.5 74.75 50 -6.5 74.75 50 -6.5 71.75 50 -9.5 71.75
2 24 50 -9.5 74.75 50 -6.5 74.75
2 24 50 -6.5 71.75 50 -9.5 71.75
4 16 30 -9.5 71.75 30 -6.5 71.75 30 -6.5 74.75 30 -9.5 74.75
2 24 30 -9.5 71.75 30 -6.5 71.75
2 24 30 -6.5 74.75 30 -9.5 74.75
4 16 50 -6.5 71.75 30 -6.5 71.75 30 -9.5 71.75 50 -9.5 71.75
4 16 17.87 -6.5 53.25 18.13 -6.5 53.22 18.13 -9.5 53.22 17.87 -9.5 53.25
5 24 18.13 -6.5 53.22 18.13 -9.5 53.22 17.87 -9.5 53.25 18.37 -6.5 53.12
4 16 18.13 -6.5 53.22 18.37 -6.5 53.12 18.37 -9.5 53.12 18.13 -9.5 53.22
5 24 18.37 -6.5 53.12 18.37 -9.5 53.12 18.13 -9.5 53.22 18.58 -6.5 52.96
4 16 18.37 -6.5 53.12 18.58 -6.5 52.96 18.58 -9.5 52.96 18.37 -9.5 53.12
5 24 18.58 -6.5 52.96 18.58 -9.5 52.96 18.37 -9.5 53.12 18.74 -6.5 52.75
4 16 18.58 -6.5 52.96 18.74 -6.5 52.75 18.74 -9.5 52.75 18.58 -9.5 52.96
5 24 18.74 -6.5 52.75 18.74 -9.5 52.75 18.58 -9.5 52.96 18.84 -6.5 52.51
4 16 18.74 -6.5 52.75 18.84 -6.5 52.51 18.84 -9.5 52.51 18.74 -9.5 52.75
4 16 15.91 -1.5 53.99 16.01 -1.5 53.75 16.01 -9.5 53.75 15.91 -9.5 53.99
5 24 16.01 -1.5 53.75 16.01 -9.5 53.75 15.91 -9.5 53.99 16.17 -1.5 53.54
4 16 16.01 -1.5 53.75 16.17 -1.5 53.54 16.17 -9.5 53.54 16.01 -9.5 53.75
5 24 16.17 -1.5 53.54 16.17 -9.5 53.54 16.01 -9.5 53.75 16.37 -1.5 53.38
4 16 16.17 -1.5 53.54 16.37 -1.5 53.38 16.37 -9.5 53.38 16.17 -9.5 53.54
5 24 16.37 -1.5 53.38 16.37 -9.5 53.38 16.17 -9.5 53.54 16.62 -1.5 53.28
4 16 16.37 -1.5 53.38 16.62 -1.5 53.28 16.62 -9.5 53.28 16.37 -9.5 53.38
5 24 16.62 -1.5 53.28 16.62 -9.5 53.28 16.37 -9.5 53.38 16.87 -1.5 53.25
4 16 16.62 -1.5 53.28 16.87 -1.5 53.25 16.87 -9.5 53.25 16.62 -9.5 53.28
4 16 18.87 -3.5 53.25 19.62 -2.75 53.25 19.62 -2.75 63.25 18.87 -3.5 63.25
2 24 19.62 -2.75 53.25 19.62 -2.75 63.25
2 24 18.87 -3.5 63.25 18.87 -3.5 53.25
4 16 19.62 -2.75 53.25 19.62 -2.25 53.25 19.62 -2.25 63.25 19.62 -2.75 63.25
2 24 19.62 -2.25 53.25 19.62 -2.25 63.25
4 16 19.62 -2.25 53.25 18.87 -1.5 53.25 18.87 -1.5 63.25 19.62 -2.25 63.25
4 16 16.87 -1.5 63.25 16.62 -1.5 63.22 16.62 -9.5 63.22 16.87 -9.5 63.25
5 24 16.62 -1.5 63.22 16.62 -9.5 63.22 16.87 -9.5 63.25 16.37 -1.5 63.12
4 16 16.62 -1.5 63.22 16.37 -1.5 63.12 16.37 -9.5 63.12 16.62 -9.5 63.22
5 24 16.37 -1.5 63.12 16.37 -9.5 63.12 16.62 -9.5 63.22 16.17 -1.5 62.96
4 16 16.37 -1.5 63.12 16.17 -1.5 62.96 16.17 -9.5 62.96 16.37 -9.5 63.12
5 24 16.17 -1.5 62.96 16.17 -9.5 62.96 16.37 -9.5 63.12 16.01 -1.5 62.75
4 16 16.17 -1.5 62.96 16.01 -1.5 62.75 16.01 -9.5 62.75 16.17 -9.5 62.96
5 24 16.01 -1.5 62.75 16.01 -9.5 62.75 16.17 -9.5 62.96 15.91 -1.5 62.51
4 16 16.01 -1.5 62.75 15.91 -1.5 62.51 15.91 -9.5 62.51 16.01 -9.5 62.75
4 16 36.87 -9.5 22.37 56.87 -9.5 22.37 56.87 -6.5 22.37 36.87 -6.5 22.37
2 24 56.87 -9.5 22.37 56.87 -6.5 22.37
2 24 36.87 -6.5 22.37 36.87 -9.5 22.37
4 16 36.87 -6.5 22.37 36.87 -6.5 41.87 36.87 -9.5 41.87 36.87 -9.5 22.37
2 24 36.87 -6.5 41.87 36.87 -9.5 41.87
4 16 61.12 -9.5 3 18.87 -9.5 3 18.87 -6.5 3 61.12 -6.5 3
4 16 61.16 -6.5 52.51 61.26 -6.5 52.75 61.26 -9.5 52.75 61.16 -9.5 52.51
5 24 61.26 -6.5 52.75 61.26 -9.5 52.75 61.16 -9.5 52.51 61.42 -6.5 52.96
4 16 61.26 -6.5 52.75 61.42 -6.5 52.96 61.42 -9.5 52.96 61.26 -9.5 52.75
5 24 61.42 -6.5 52.96 61.42 -9.5 52.96 61.26 -9.5 52.75 61.62 -6.5 53.12
4 16 61.42 -6.5 52.96 61.62 -6.5 53.12 61.62 -9.5 53.12 61.42 -9.5 52.96
5 24 61.62 -6.5 53.12 61.62 -9.5 53.12 61.42 -9.5 52.96 61.87 -6.5 53.22
4 16 61.62 -6.5 53.12 61.87 -6.5 53.22 61.87 -9.5 53.22 61.62 -9.5 53.12
5 24 61.87 -6.5 53.22 61.87 -9.5 53.22 61.62 -9.5 53.12 62.12 -6.5 53.25
4 16 61.87 -6.5 53.22 62.12 -6.5 53.25 62.12 -9.5 53.25 61.87 -9.5 53.22
4 16 63.13 -1.5 53.25 63.38 -1.5 53.28 63.38 -9.5 53.28 63.13 -9.5 53.25
5 24 63.38 -1.5 53.28 63.38 -9.5 53.28 63.13 -9.5 53.25 63.63 -1.5 53.38
4 16 63.38 -1.5 53.28 63.63 -1.5 53.38 63.63 -9.5 53.38 63.38 -9.5 53.28
5 24 63.63 -1.5 53.38 63.63 -9.5 53.38 63.38 -9.5 53.28 63.83 -1.5 53.54
4 16 63.63 -1.5 53.38 63.83 -1.5 53.54 63.83 -9.5 53.54 63.63 -9.5 53.38
5 24 63.83 -1.5 53.54 63.83 -9.5 53.54 63.63 -9.5 53.38 63.99 -1.5 53.75
4 16 63.83 -1.5 53.54 63.99 -1.5 53.75 63.99 -9.5 53.75 63.83 -9.5 53.54
5 24 63.99 -1.5 53.75 63.99 -9.5 53.75 63.83 -9.5 53.54 64.09 -1.5 53.99
4 16 63.99 -1.5 53.75 64.09 -1.5 53.99 64.09 -9.5 53.99 63.99 -9.5 53.75
4 16 61.12 -1.5 53.25 60.38 -2.25 53.25 60.38 -2.25 63.25 61.12 -1.5 63.25
2 24 60.38 -2.25 53.25 60.38 -2.25 63.25
4 16 60.38 -2.25 53.25 60.38 -2.75 53.25 60.38 -2.75 63.25 60.38 -2.25 63.25
2 24 60.38 -2.75 53.25 60.38 -2.75 63.25
4 16 60.38 -2.75 53.25 61.12 -3.5 53.25 61.12 -3.5 63.25 60.38 -2.75 63.25
2 24 61.12 -3.5 53.25 61.12 -3.5 63.25
4 16 64.09 -1.5 62.51 63.99 -1.5 62.75 63.99 -9.5 62.75 64.09 -9.5 62.51
5 24 63.99 -1.5 62.75 63.99 -9.5 62.75 64.09 -9.5 62.51 63.83 -1.5 62.96
4 16 63.99 -1.5 62.75 63.83 -1.5 62.96 63.83 -9.5 62.96 63.99 -9.5 62.75
5 24 63.83 -1.5 62.96 63.83 -9.5 62.96 63.99 -9.5 62.75 63.63 -1.5 63.12
4 16 63.83 -1.5 62.96 63.63 -1.5 63.12 63.63 -9.5 63.12 63.83 -9.5 62.96
5 24 63.63 -1.5 63.12 63.63 -9.5 63.12 63.83 -9.5 62.96 63.38 -1.5 63.22
4 16 63.63 -1.5 63.12 63.38 -1.5 63.22 63.38 -9.5 63.22 63.63 -9.5 63.12
5 24 63.38 -1.5 63.22 63.38 -9.5 63.22 63.63 -9.5 63.12 63.13 -1.5 63.25
4 16 63.38 -1.5 63.22 63.13 -1.5 63.25 63.13 -9.5 63.25 63.38 -9.5 63.22
4 16 15.91 -1.5 14.37 16.01 -1.5 14.13 16.01 -9.5 14.12 15.91 -9.5 14.37
5 24 16.01 -1.5 14.13 16.01 -9.5 14.12 15.91 -9.5 14.37 16.17 -1.5 13.92
4 16 16.01 -1.5 14.13 16.17 -1.5 13.92 16.17 -9.5 13.92 16.01 -9.5 14.12
5 24 16.17 -1.5 13.92 16.17 -9.5 13.92 16.01 -9.5 14.12 16.37 -1.5 13.76
4 16 16.17 -1.5 13.92 16.37 -1.5 13.76 16.37 -9.5 13.76 16.17 -9.5 13.92
5 24 16.37 -1.5 13.76 16.37 -9.5 13.76 16.17 -9.5 13.92 16.62 -1.5 13.66
4 16 16.37 -1.5 13.76 16.62 -1.5 13.66 16.62 -9.5 13.66 16.37 -9.5 13.76
5 24 16.62 -1.5 13.66 16.62 -9.5 13.66 16.37 -9.5 13.76 16.87 -1.5 13.63
4 16 16.62 -1.5 13.66 16.87 -1.5 13.63 16.87 -9.5 13.62 16.62 -9.5 13.66
4 16 16.87 -1.5 23.62 16.62 -1.5 23.59 16.62 -9.5 23.59 16.87 -9.5 23.62
5 24 16.62 -1.5 23.59 16.62 -9.5 23.59 16.87 -9.5 23.62 16.37 -1.5 23.49
4 16 16.62 -1.5 23.59 16.37 -1.5 23.49 16.37 -9.5 23.49 16.62 -9.5 23.59
5 24 16.37 -1.5 23.49 16.37 -9.5 23.49 16.62 -9.5 23.59 16.17 -1.5 23.33
4 16 16.37 -1.5 23.49 16.17 -1.5 23.33 16.17 -9.5 23.33 16.37 -9.5 23.49
5 24 16.17 -1.5 23.33 16.17 -9.5 23.33 16.37 -9.5 23.49 16.01 -1.5 23.12
4 16 16.17 -1.5 23.33 16.01 -1.5 23.12 16.01 -9.5 23.12 16.17 -9.5 23.33
5 24 16.01 -1.5 23.12 16.01 -9.5 23.12 16.17 -9.5 23.33 15.91 -1.5 22.88
4 16 16.01 -1.5 23.12 15.91 -1.5 22.88 15.91 -9.5 22.88 16.01 -9.5 23.12
4 16 18.84 -6.5 24.37 18.74 -6.5 24.12 18.74 -9.5 24.12 18.84 -9.5 24.37
5 24 18.74 -6.5 24.12 18.74 -9.5 24.12 18.84 -9.5 24.37 18.58 -6.5 23.92
4 16 18.74 -6.5 24.12 18.58 -6.5 23.92 18.58 -9.5 23.92 18.74 -9.5 24.12
5 24 18.58 -6.5 23.92 18.58 -9.5 23.92 18.74 -9.5 24.12 18.37 -6.5 23.76
4 16 18.58 -6.5 23.92 18.37 -6.5 23.76 18.37 -9.5 23.76 18.58 -9.5 23.92
5 24 18.37 -6.5 23.76 18.37 -9.5 23.76 18.58 -9.5 23.92 18.13 -6.5 23.66
4 16 18.37 -6.5 23.76 18.13 -6.5 23.66 18.13 -9.5 23.66 18.37 -9.5 23.76
5 24 18.13 -6.5 23.66 18.13 -9.5 23.66 18.37 -9.5 23.76 17.87 -6.5 23.62
4 16 18.13 -6.5 23.66 17.87 -6.5 23.62 17.87 -9.5 23.62 18.13 -9.5 23.66
4 16 17.87 -6.5 13.62 18.13 -6.5 13.59 18.13 -9.5 13.59 17.87 -9.5 13.62
5 24 18.13 -6.5 13.59 18.13 -9.5 13.59 17.87 -9.5 13.62 18.37 -6.5 13.49
4 16 18.13 -6.5 13.59 18.37 -6.5 13.49 18.37 -9.5 13.49 18.13 -9.5 13.59
5 24 18.37 -6.5 13.49 18.37 -9.5 13.49 18.13 -9.5 13.59 18.58 -6.5 13.33
4 16 18.37 -6.5 13.49 18.58 -6.5 13.33 18.58 -9.5 13.33 18.37 -9.5 13.49
5 24 18.58 -6.5 13.33 18.58 -9.5 13.33 18.37 -9.5 13.49 18.74 -6.5 13.12
4 16 18.58 -6.5 13.33 18.74 -6.5 13.12 18.74 -9.5 13.12 18.58 -9.5 13.33
5 24 18.74 -6.5 13.12 18.74 -9.5 13.12 18.58 -9.5 13.33 18.84 -6.5 12.88
4 16 18.74 -6.5 13.12 18.84 -6.5 12.88 18.84 -9.5 12.88 18.74 -9.5 13.12
4 16 19.62 -2.75 13.62 19.62 -2.25 13.63 19.62 -2.25 23.62 19.62 -2.75 23.62
2 24 19.62 -2.25 13.63 19.62 -2.25 23.62
2 24 19.62 -2.75 23.62 19.62 -2.75 13.62
4 16 19.62 -2.25 13.63 18.87 -1.5 13.63 18.87 -1.5 23.62 19.62 -2.25 23.62
4 16 18.87 -3.5 13.62 19.62 -2.75 13.62 19.62 -2.75 23.62 18.87 -3.5 23.62
2 24 18.87 -3.5 23.62 18.87 -3.5 13.62
4 16 18.87 -6.5 23.62 18.87 -6.5 13.62 18.87 -3.5 13.62 18.87 -3.5 23.62
4 16 63.13 -1.5 13.63 63.38 -1.5 13.66 63.38 -9.5 13.66 63.13 -9.5 13.62
5 24 63.38 -1.5 13.66 63.38 -9.5 13.66 63.13 -9.5 13.62 63.63 -1.5 13.76
4 16 63.38 -1.5 13.66 63.63 -1.5 13.76 63.63 -9.5 13.76 63.38 -9.5 13.66
5 24 63.63 -1.5 13.76 63.63 -9.5 13.76 63.38 -9.5 13.66 63.83 -1.5 13.92
4 16 63.63 -1.5 13.76 63.83 -1.5 13.92 63.83 -9.5 13.92 63.63 -9.5 13.76
5 24 63.83 -1.5 13.92 63.83 -9.5 13.92 63.63 -9.5 13.76 63.99 -1.5 14.13
4 16 63.83 -1.5 13.92 63.99 -1.5 14.13 63.99 -9.5 14.12 63.83 -9.5 13.92
5 24 63.99 -1.5 14.13 63.99 -9.5 14.12 63.83 -9.5 13.92 64.09 -1.5 14.37
4 16 63.99 -1.5 14.13 64.09 -1.5 14.37 64.09 -9.5 14.37 63.99 -9.5 14.12
4 16 64.09 -1.5 22.88 63.99 -1.5 23.12 63.99 -9.5 23.12 64.09 -9.5 22.88
5 24 63.99 -1.5 23.12 63.99 -9.5 23.12 64.09 -9.5 22.88 63.83 -1.5 23.33
4 16 63.99 -1.5 23.12 63.83 -1.5 23.33 63.83 -9.5 23.33 63.99 -9.5 23.12
5 24 63.83 -1.5 23.33 63.83 -9.5 23.33 63.99 -9.5 23.12 63.63 -1.5 23.49
4 16 63.83 -1.5 23.33 63.63 -1.5 23.49 63.63 -9.5 23.49 63.83 -9.5 23.33
5 24 63.63 -1.5 23.49 63.63 -9.5 23.49 63.83 -9.5 23.33 63.38 -1.5 23.59
4 16 63.63 -1.5 23.49 63.38 -1.5 23.59 63.38 -9.5 23.59 63.63 -9.5 23.49
5 24 63.38 -1.5 23.59 63.38 -9.5 23.59 63.63 -9.5 23.49 63.13 -1.5 23.62
4 16 63.38 -1.5 23.59 63.13 -1.5 23.62 63.13 -9.5 23.62 63.38 -9.5 23.59
4 16 61.16 -6.5 12.88 61.26 -6.5 13.12 61.26 -9.5 13.12 61.16 -9.5 12.88
5 24 61.26 -6.5 13.12 61.26 -9.5 13.12 61.16 -9.5 12.88 61.42 -6.5 13.33
4 16 61.26 -6.5 13.12 61.42 -6.5 13.33 61.42 -9.5 13.33 61.26 -9.5 13.12
5 24 61.42 -6.5 13.33 61.42 -9.5 13.33 61.26 -9.5 13.12 61.62 -6.5 13.49
4 16 61.42 -6.5 13.33 61.62 -6.5 13.49 61.62 -9.5 13.49 61.42 -9.5 13.33
5 24 61.62 -6.5 13.49 61.62 -9.5 13.49 61.42 -9.5 13.33 61.87 -6.5 13.59
4 16 61.62 -6.5 13.49 61.87 -6.5 13.59 61.87 -9.5 13.59 61.62 -9.5 13.49
5 24 61.87 -6.5 13.59 61.87 -9.5 13.59 61.62 -9.5 13.49 62.12 -6.5 13.62
4 16 61.87 -6.5 13.59 62.12 -6.5 13.62 62.12 -9.5 13.62 61.87 -9.5 13.59
4 16 62.12 -6.5 23.62 61.87 -6.5 23.66 61.87 -9.5 23.66 62.12 -9.5 23.62
5 24 61.87 -6.5 23.66 61.87 -9.5 23.66 62.12 -9.5 23.62 61.62 -6.5 23.76
4 16 61.87 -6.5 23.66 61.62 -6.5 23.76 61.62 -9.5 23.76 61.87 -9.5 23.66
5 24 61.62 -6.5 23.76 61.62 -9.5 23.76 61.87 -9.5 23.66 61.42 -6.5 23.92
4 16 61.62 -6.5 23.76 61.42 -6.5 23.92 61.42 -9.5 23.92 61.62 -9.5 23.76
5 24 61.42 -6.5 23.92 61.42 -9.5 23.92 61.62 -9.5 23.76 61.26 -6.5 24.12
4 16 61.42 -6.5 23.92 61.26 -6.5 24.12 61.26 -9.5 24.12 61.42 -9.5 23.92
5 24 61.26 -6.5 24.12 61.26 -9.5 24.12 61.42 -9.5 23.92 61.16 -6.5 24.37
4 16 61.26 -6.5 24.12 61.16 -6.5 24.37 61.16 -9.5 24.37 61.26 -9.5 24.12
4 16 60.38 -2.25 13.63 60.38 -2.75 13.62 60.38 -2.75 23.62 60.38 -2.25 23.62
2 24 60.38 -2.75 13.62 60.38 -2.75 23.62
2 24 60.38 -2.25 23.62 60.38 -2.25 13.63
4 16 60.38 -2.75 13.62 61.12 -3.5 13.62 61.12 -3.5 23.62 60.38 -2.75 23.62
2 24 61.12 -3.5 13.62 61.12 -3.5 23.62
4 16 61.12 -1.5 13.63 60.38 -2.25 13.63 60.38 -2.25 23.62 61.12 -1.5 23.62
4 16 61.12 -6.5 13.62 61.12 -6.5 23.62 61.12 -3.5 23.62 61.12 -3.5 13.62
4 16 18.84 -6.5 63.99 18.74 -6.5 63.75 18.74 -9.5 63.75 18.84 -9.5 63.99
5 24 18.74 -6.5 63.75 18.74 -9.5 63.75 18.84 -9.5 63.99 18.58 -6.5 63.54
4 16 18.74 -6.5 63.75 18.58 -6.5 63.54 18.58 -9.5 63.54 18.74 -9.5 63.75
5 24 18.58 -6.5 63.54 18.58 -9.5 63.54 18.74 -9.5 63.75 18.37 -6.5 63.38
4 16 18.58 -6.5 63.54 18.37 -6.5 63.38 18.37 -9.5 63.38 18.58 -9.5 63.54
5 24 18.37 -6.5 63.38 18.37 -9.5 63.38 18.58 -9.5 63.54 18.13 -6.5 63.28
4 16 18.37 -6.5 63.38 18.13 -6.5 63.28 18.13 -9.5 63.28 18.37 -9.5 63.38
5 24 18.13 -6.5 63.28 18.13 -9.5 63.28 18.37 -9.5 63.38 17.87 -6.5 63.25
4 16 18.13 -6.5 63.28 17.87 -6.5 63.25 17.87 -9.5 63.25 18.13 -9.5 63.28
4 16 62.12 -6.5 63.25 61.87 -6.5 63.28 61.87 -9.5 63.28 62.12 -9.5 63.25
5 24 61.87 -6.5 63.28 61.87 -9.5 63.28 62.12 -9.5 63.25 61.62 -6.5 63.38
4 16 61.87 -6.5 63.28 61.62 -6.5 63.38 61.62 -9.5 63.38 61.87 -9.5 63.28
5 24 61.62 -6.5 63.38 61.62 -9.5 63.38 61.87 -9.5 63.28 61.42 -6.5 63.54
4 16 61.62 -6.5 63.38 61.42 -6.5 63.54 61.42 -9.5 63.54 61.62 -9.5 63.38
5 24 61.42 -6.5 63.54 61.42 -9.5 63.54 61.62 -9.5 63.38 61.26 -6.5 63.75
4 16 61.42 -6.5 63.54 61.26 -6.5 63.75 61.26 -9.5 63.75 61.42 -9.5 63.54
5 24 61.26 -6.5 63.75 61.26 -9.5 63.75 61.42 -9.5 63.54 61.16 -6.5 63.99
4 16 61.26 -6.5 63.75 61.16 -6.5 63.99 61.16 -9.5 63.99 61.26 -9.5 63.75
4 16 36.87 -6.5 41.87 56.87 -6.5 41.87 56.87 -9.5 41.87 36.87 -9.5 41.87
2 24 56.87 -6.5 41.87 56.87 -9.5 41.87
4 16 56.87 -9.5 22.37 56.87 -9.5 41.87 56.87 -6.5 41.87 56.87 -6.5 22.37
3 16 53.01 -8 10.72 53.06 -6.5 10.52 53.13 -8 9.87
5 24 53.01 -8 10.72 53.06 -6.5 10.52 53.13 -8 9.87 52.77 -6.5 11.32
5 24 53.06 -6.5 10.52 53.13 -8 9.87 53.01 -8 10.72 53.12 -6.5 9.67
3 16 53.13 -8 9.87 53.06 -6.5 10.52 53.12 -6.5 9.67
5 24 53.12 -6.5 9.67 53.13 -8 9.87 53.06 -6.5 10.52 53.01 -8 9.03
3 16 53.13 -8 9.87 53.12 -6.5 9.67 53.01 -8 9.03
5 24 53.12 -6.5 9.67 53.01 -8 9.03 53.13 -8 9.87 52.95 -6.5 8.84
3 16 53.01 -8 9.03 53.12 -6.5 9.67 52.95 -6.5 8.84
5 24 52.95 -6.5 8.84 53.01 -8 9.03 53.12 -6.5 9.67 52.67 -8 8.25
3 16 53.01 -8 9.03 52.95 -6.5 8.84 52.67 -8 8.25
5 24 52.95 -6.5 8.84 52.67 -8 8.25 53.01 -8 9.03 52.56 -6.5 8.08
3 16 52.67 -8 8.25 52.95 -6.5 8.84 52.56 -6.5 8.08
5 24 52.56 -6.5 8.08 52.67 -8 8.25 52.95 -6.5 8.84 52.13 -8 7.59
3 16 52.67 -8 8.25 52.56 -6.5 8.08 52.13 -8 7.59
5 24 52.56 -6.5 8.08 52.13 -8 7.59 52.67 -8 8.25 51.98 -6.5 7.46
3 16 52.13 -8 7.59 52.56 -6.5 8.08 51.98 -6.5 7.46
5 24 51.98 -6.5 7.46 52.13 -8 7.59 52.56 -6.5 8.08 51.44 -8 7.1
3 16 52.13 -8 7.59 51.98 -6.5 7.46 51.44 -8 7.1
5 24 51.98 -6.5 7.46 51.44 -8 7.1 52.13 -8 7.59 51.26 -6.5 7.01
3 16 51.44 -8 7.1 51.98 -6.5 7.46 51.26 -6.5 7.01
5 24 51.26 -6.5 7.01 51.44 -8 7.1 51.98 -6.5 7.46 50.64 -8 6.82
3 16 51.44 -8 7.1 51.26 -6.5 7.01 50.64 -8 6.82
5 24 51.26 -6.5 7.01 50.64 -8 6.82 51.44 -8 7.1 50.44 -6.5 6.78
3 16 50.64 -8 6.82 51.26 -6.5 7.01 50.44 -6.5 6.78
5 24 50.44 -6.5 6.78 50.64 -8 6.82 51.26 -6.5 7.01 49.79 -8 6.76
3 16 50.64 -8 6.82 50.44 -6.5 6.78 49.79 -8 6.76
5 24 50.44 -6.5 6.78 49.79 -8 6.76 50.64 -8 6.82 49.59 -6.5 6.78
3 16 49.79 -8 6.76 50.44 -6.5 6.78 49.59 -6.5 6.78
5 24 49.59 -6.5 6.78 49.79 -8 6.76 50.44 -6.5 6.78 48.95 -8 6.93
3 16 49.79 -8 6.76 49.59 -6.5 6.78 48.95 -8 6.93
5 24 49.59 -6.5 6.78 48.95 -8 6.93 49.79 -8 6.76 48.77 -6.5 7
3 16 48.95 -8 6.93 49.59 -6.5 6.78 48.77 -6.5 7
5 24 48.77 -6.5 7 48.95 -8 6.93 49.59 -6.5 6.78 48.2 -8 7.32
3 16 48.95 -8 6.93 48.77 -6.5 7 48.2 -8 7.32
5 24 48.77 -6.5 7 48.2 -8 7.32 48.95 -8 6.93 48.04 -6.5 7.44
3 16 48.2 -8 7.32 48.77 -6.5 7 48.04 -6.5 7.44
5 24 48.04 -6.5 7.44 48.2 -8 7.32 48.77 -6.5 7 47.58 -8 7.9
3 16 48.2 -8 7.32 48.04 -6.5 7.44 47.58 -8 7.9
5 24 48.04 -6.5 7.44 47.58 -8 7.9 48.2 -8 7.32 47.45 -6.5 8.06
3 16 47.58 -8 7.9 48.04 -6.5 7.44 47.45 -6.5 8.06
5 24 47.45 -6.5 8.06 47.58 -8 7.9 48.04 -6.5 7.44 47.13 -8 8.63
3 16 47.58 -8 7.9 47.45 -6.5 8.06 47.13 -8 8.63
5 24 47.45 -6.5 8.06 47.13 -8 8.63 47.58 -8 7.9 47.06 -6.5 8.82
3 16 47.13 -8 8.63 47.45 -6.5 8.06 47.06 -6.5 8.82
5 24 47.06 -6.5 8.82 47.13 -8 8.63 47.45 -6.5 8.06 46.9 -8 9.45
3 16 47.13 -8 8.63 47.06 -6.5 8.82 46.9 -8 9.45
5 24 47.06 -6.5 8.82 46.9 -8 9.45 47.13 -8 8.63 46.88 -6.5 9.65
3 16 46.9 -8 9.45 47.06 -6.5 8.82 46.88 -6.5 9.65
5 24 46.88 -6.5 9.65 46.9 -8 9.45 47.06 -6.5 8.82 46.9 -8 10.3
3 16 46.9 -8 9.45 46.88 -6.5 9.65 46.9 -8 10.3
5 24 46.88 -6.5 9.65 46.9 -8 10.3 46.9 -8 9.45 46.94 -6.5 10.5
3 16 46.9 -8 10.3 46.88 -6.5 9.65 46.94 -6.5 10.5
5 24 46.94 -6.5 10.5 46.9 -8 10.3 46.88 -6.5 9.65 47.13 -8 11.12
3 16 46.9 -8 10.3 46.94 -6.5 10.5 47.13 -8 11.12
5 24 46.94 -6.5 10.5 47.13 -8 11.12 46.9 -8 10.3 47.22 -6.5 11.3
3 16 47.13 -8 11.12 46.94 -6.5 10.5 47.22 -6.5 11.3
5 24 47.22 -6.5 11.3 47.13 -8 11.12 46.94 -6.5 10.5 47.58 -8 11.85
3 16 47.13 -8 11.12 47.22 -6.5 11.3 47.58 -8 11.85
5 24 47.22 -6.5 11.3 47.58 -8 11.85 47.13 -8 11.12 47.71 -6.5 12
3 16 47.58 -8 11.85 47.22 -6.5 11.3 47.71 -6.5 12
5 24 47.71 -6.5 12 47.58 -8 11.85 47.22 -6.5 11.3 48.2 -8 12.43
3 16 47.58 -8 11.85 47.71 -6.5 12 48.2 -8 12.43
5 24 47.71 -6.5 12 48.2 -8 12.43 47.58 -8 11.85 48.37 -6.5 12.54
3 16 48.2 -8 12.43 47.71 -6.5 12 48.37 -6.5 12.54
5 24 48.37 -6.5 12.54 48.2 -8 12.43 47.71 -6.5 12 48.95 -8 12.82
3 16 48.2 -8 12.43 48.37 -6.5 12.54 48.95 -8 12.82
5 24 48.37 -6.5 12.54 48.95 -8 12.82 48.2 -8 12.43 49.15 -6.5 12.88
3 16 48.95 -8 12.82 48.37 -6.5 12.54 49.15 -6.5 12.88
5 24 49.15 -6.5 12.88 48.95 -8 12.82 48.37 -6.5 12.54 49.79 -8 12.99
3 16 48.95 -8 12.82 49.15 -6.5 12.88 49.79 -8 12.99
5 24 49.15 -6.5 12.88 49.79 -8 12.99 48.95 -8 12.82 49.99 -6.5 13
3 16 49.79 -8 12.99 49.15 -6.5 12.88 49.99 -6.5 13
5 24 49.99 -6.5 13 49.79 -8 12.99 49.15 -6.5 12.88 50.64 -8 12.93
3 16 49.79 -8 12.99 49.99 -6.5 13 50.64 -8 12.93
5 24 49.99 -6.5 13 50.64 -8 12.93 49.79 -8 12.99 50.83 -6.5 12.89
3 16 50.64 -8 12.93 49.99 -6.5 13 50.83 -6.5 12.89
5 24 50.83 -6.5 12.89 50.64 -8 12.93 49.99 -6.5 13 51.44 -8 12.65
3 16 50.64 -8 12.93 50.83 -6.5 12.89 51.44 -8 12.65
5 24 50.83 -6.5 12.89 51.44 -8 12.65 50.64 -8 12.93 51.61 -6.5 12.55
3 16 51.44 -8 12.65 50.83 -6.5 12.89 51.61 -6.5 12.55
5 24 51.61 -6.5 12.55 51.44 -8 12.65 50.83 -6.5 12.89 52.13 -8 12.16
3 16 51.44 -8 12.65 51.61 -6.5 12.55 52.13 -8 12.16
5 24 51.61 -6.5 12.55 52.13 -8 12.16 51.44 -8 12.65 52.28 -6.5 12.02
3 16 52.13 -8 12.16 51.61 -6.5 12.55 52.28 -6.5 12.02
5 24 52.28 -6.5 12.02 52.13 -8 12.16 51.61 -6.5 12.55 52.67 -8 11.5
3 16 52.13 -8 12.16 52.28 -6.5 12.02 52.67 -8 11.5
5 24 52.28 -6.5 12.02 52.67 -8 11.5 52.13 -8 12.16 52.77 -6.5 11.32
3 16 52.67 -8 11.5 52.28 -6.5 12.02 52.77 -6.5 11.32
5 24 52.77 -6.5 11.32 52.67 -8 11.5 52.28 -6.5 12.02 53.01 -8 10.72
3 16 52.67 -8 11.5 52.77 -6.5 11.32 53.01 -8 10.72
5 24 52.77 -6.5 11.32 53.01 -8 10.72 52.67 -8 11.5 53.06 -6.5 10.52
3 16 53.01 -8 10.72 52.77 -6.5 11.32 53.06 -6.5 10.52
3 16 33.01 -8 10.72 33.06 -6.5 10.52 33.13 -8 9.87
5 24 33.01 -8 10.72 33.06 -6.5 10.52 33.13 -8 9.87 32.77 -6.5 11.32
5 24 33.06 -6.5 10.52 33.13 -8 9.87 33.01 -8 10.72 33.12 -6.5 9.67
3 16 33.13 -8 9.87 33.06 -6.5 10.52 33.12 -6.5 9.67
5 24 33.12 -6.5 9.67 33.13 -8 9.87 33.06 -6.5 10.52 33.01 -8 9.03
3 16 33.13 -8 9.87 33.12 -6.5 9.67 33.01 -8 9.03
5 24 33.12 -6.5 9.67 33.01 -8 9.03 33.13 -8 9.87 32.95 -6.5 8.84
3 16 33.01 -8 9.03 33.12 -6.5 9.67 32.95 -6.5 8.84
5 24 32.95 -6.5 8.84 33.01 -8 9.03 33.12 -6.5 9.67 32.67 -8 8.25
3 16 33.01 -8 9.03 32.95 -6.5 8.84 32.67 -8 8.25
5 24 32.95 -6.5 8.84 32.67 -8 8.25 33.01 -8 9.03 32.56 -6.5 8.08
3 16 32.67 -8 8.25 32.95 -6.5 8.84 32.56 -6.5 8.08
5 24 32.56 -6.5 8.08 32.67 -8 8.25 32.95 -6.5 8.84 32.13 -8 7.59
3 16 32.67 -8 8.25 32.56 -6.5 8.08 32.13 -8 7.59
5 24 32.56 -6.5 8.08 32.13 -8 7.59 32.67 -8 8.25 31.98 -6.5 7.46
3 16 32.13 -8 7.59 32.56 -6.5 8.08 31.98 -6.5 7.46
5 24 31.98 -6.5 7.46 32.13 -8 7.59 32.56 -6.5 8.08 31.44 -8 7.1
3 16 32.13 -8 7.59 31.98 -6.5 7.46 31.44 -8 7.1
5 24 31.98 -6.5 7.46 31.44 -8 7.1 32.13 -8 7.59 31.26 -6.5 7.01
3 16 31.44 -8 7.1 31.98 -6.5 7.46 31.26 -6.5 7.01
5 24 31.26 -6.5 7.01 31.44 -8 7.1 31.98 -6.5 7.46 30.64 -8 6.82
3 16 31.44 -8 7.1 31.26 -6.5 7.01 30.64 -8 6.82
5 24 31.26 -6.5 7.01 30.64 -8 6.82 31.44 -8 7.1 30.44 -6.5 6.78
3 16 30.64 -8 6.82 31.26 -6.5 7.01 30.44 -6.5 6.78
5 24 30.44 -6.5 6.78 30.64 -8 6.82 31.26 -6.5 7.01 29.79 -8 6.76
3 16 30.64 -8 6.82 30.44 -6.5 6.78 29.79 -8 6.76
5 24 30.44 -6.5 6.78 29.79 -8 6.76 30.64 -8 6.82 29.59 -6.5 6.78
3 16 29.79 -8 6.76 30.44 -6.5 6.78 29.59 -6.5 6.78
5 24 29.59 -6.5 6.78 29.79 -8 6.76 30.44 -6.5 6.78 28.95 -8 6.93
3 16 29.79 -8 6.76 29.59 -6.5 6.78 28.95 -8 6.93
5 24 29.59 -6.5 6.78 28.95 -8 6.93 29.79 -8 6.76 28.77 -6.5 7
3 16 28.95 -8 6.93 29.59 -6.5 6.78 28.77 -6.5 7
5 24 28.77 -6.5 7 28.95 -8 6.93 29.59 -6.5 6.78 28.2 -8 7.32
3 16 28.95 -8 6.93 28.77 -6.5 7 28.2 -8 7.32
5 24 28.77 -6.5 7 28.2 -8 7.32 28.95 -8 6.93 28.04 -6.5 7.44
3 16 28.2 -8 7.32 28.77 -6.5 7 28.04 -6.5 7.44
5 24 28.04 -6.5 7.44 28.2 -8 7.32 28.77 -6.5 7 27.58 -8 7.9
3 16 28.2 -8 7.32 28.04 -6.5 7.44 27.58 -8 7.9
5 24 28.04 -6.5 7.44 27.58 -8 7.9 28.2 -8 7.32 27.45 -6.5 8.06
3 16 27.58 -8 7.9 28.04 -6.5 7.44 27.45 -6.5 8.06
5 24 27.45 -6.5 8.06 27.58 -8 7.9 28.04 -6.5 7.44 27.13 -8 8.63
3 16 27.58 -8 7.9 27.45 -6.5 8.06 27.13 -8 8.63
5 24 27.45 -6.5 8.06 27.13 -8 8.63 27.58 -8 7.9 27.06 -6.5 8.82
3 16 27.13 -8 8.63 27.45 -6.5 8.06 27.06 -6.5 8.82
5 24 27.06 -6.5 8.82 27.13 -8 8.63 27.45 -6.5 8.06 26.9 -8 9.45
3 16 27.13 -8 8.63 27.06 -6.5 8.82 26.9 -8 9.45
5 24 27.06 -6.5 8.82 26.9 -8 9.45 27.13 -8 8.63 26.88 -6.5 9.65
3 16 26.9 -8 9.45 27.06 -6.5 8.82 26.88 -6.5 9.65
5 24 26.88 -6.5 9.65 26.9 -8 9.45 27.06 -6.5 8.82 26.9 -8 10.3
3 16 26.9 -8 9.45 26.88 -6.5 9.65 26.9 -8 10.3
5 24 26.88 -6.5 9.65 26.9 -8 10.3 26.9 -8 9.45 26.94 -6.5 10.5
3 16 26.9 -8 10.3 26.88 -6.5 9.65 26.94 -6.5 10.5
5 24 26.94 -6.5 10.5 26.9 -8 10.3 26.88 -6.5 9.65 27.13 -8 11.12
3 16 26.9 -8 10.3 26.94 -6.5 10.5 27.13 -8 11.12
5 24 26.94 -6.5 10.5 27.13 -8 11.12 26.9 -8 10.3 27.22 -6.5 11.3
3 16 27.13 -8 11.12 26.94 -6.5 10.5 27.22 -6.5 11.3
5 24 27.22 -6.5 11.3 27.13 -8 11.12 26.94 -6.5 10.5 27.58 -8 11.85
3 16 27.13 -8 11.12 27.22 -6.5 11.3 27.58 -8 11.85
5 24 27.22 -6.5 11.3 27.58 -8 11.85 27.13 -8 11.12 27.71 -6.5 12
3 16 27.58 -8 11.85 27.22 -6.5 11.3 27.71 -6.5 12
5 24 27.71 -6.5 12 27.58 -8 11.85 27.22 -6.5 11.3 28.2 -8 12.43
3 16 27.58 -8 11.85 27.71 -6.5 12 28.2 -8 12.43
5 24 27.71 -6.5 12 28.2 -8 12.43 27.58 -8 11.85 28.37 -6.5 12.54
3 16 28.2 -8 12.43 27.71 -6.5 12 28.37 -6.5 12.54
5 24 28.37 -6.5 12.54 28.2 -8 12.43 27.71 -6.5 12 28.95 -8 12.82
3 16 28.2 -8 12.43 28.37 -6.5 12.54 28.95 -8 12.82
5 24 28.37 -6.5 12.54 28.95 -8 12.82 28.2 -8 12.43 29.15 -6.5 12.88
3 16 28.95 -8 12.82 28.37 -6.5 12.54 29.15 -6.5 12.88
5 24 29.15 -6.5 12.88 28.95 -8 12.82 28.37 -6.5 12.54 29.79 -8 12.99
3 16 28.95 -8 12.82 29.15 -6.5 12.88 29.79 -8 12.99
5 24 29.15 -6.5 12.88 29.79 -8 12.99 28.95 -8 12.82 29.99 -6.5 13
3 16 29.79 -8 12.99 29.15 -6.5 12.88 29.99 -6.5 13
5 24 29.99 -6.5 13 29.79 -8 12.99 29.15 -6.5 12.88 30.64 -8 12.93
3 16 29.79 -8 12.99 29.99 -6.5 13 30.64 -8 12.93
5 24 29.99 -6.5 13 30.64 -8 12.93 29.79 -8 12.99 30.83 -6.5 12.89
3 16 30.64 -8 12.93 29.99 -6.5 13 30.83 -6.5 12.89
5 24 30.83 -6.5 12.89 30.64 -8 12.93 29.99 -6.5 13 31.44 -8 12.65
3 16 30.64 -8 12.93 30.83 -6.5 12.89 31.44 -8 12.65
5 24 30.83 -6.5 12.89 31.44 -8 12.65 30.64 -8 12.93 31.61 -6.5 12.55
3 16 31.44 -8 12.65 30.83 -6.5 12.89 31.61 -6.5 12.55
5 24 31.61 -6.5 12.55 31.44 -8 12.65 30.83 -6.5 12.89 32.13 -8 12.16
3 16 31.44 -8 12.65 31.61 -6.5 12.55 32.13 -8 12.16
5 24 31.61 -6.5 12.55 32.13 -8 12.16 31.44 -8 12.65 32.28 -6.5 12.02
3 16 32.13 -8 12.16 31.61 -6.5 12.55 32.28 -6.5 12.02
5 24 32.28 -6.5 12.02 32.13 -8 12.16 31.61 -6.5 12.55 32.67 -8 11.5
3 16 32.13 -8 12.16 32.28 -6.5 12.02 32.67 -8 11.5
5 24 32.28 -6.5 12.02 32.67 -8 11.5 32.13 -8 12.16 32.77 -6.5 11.32
3 16 32.67 -8 11.5 32.28 -6.5 12.02 32.77 -6.5 11.32
5 24 32.77 -6.5 11.32 32.67 -8 11.5 32.28 -6.5 12.02 33.01 -8 10.72
3 16 32.67 -8 11.5 32.77 -6.5 11.32 33.01 -8 10.72
5 24 32.77 -6.5 11.32 33.01 -8 10.72 32.67 -8 11.5 33.06 -6.5 10.52
3 16 33.01 -8 10.72 32.77 -6.5 11.32 33.06 -6.5 10.52
4 16 18.87 -6.5 63.25 18.87 -6.5 53.25 18.87 -3.5 53.25 18.87 -3.5 63.25
4 16 30 -6.5 74.75 18.87 -6.5 74.75 18.87 -9.5 74.75 30 -9.5 74.75
4 16 50 -9.5 74.75 61.12 -9.5 74.75 61.12 -6.5 74.75 50 -6.5 74.75
4 16 61.12 -6.5 53.25 61.12 -6.5 63.25 61.12 -3.5 63.25 61.12 -3.5 53.25
