0 BB Bitbeam Sensor - Cover v1
0 Name: bb-sen-v1-cov.dat
0 Author: Tomas Feltl (e-Mole.cz)
0 !LDRAW_ORG Unofficial_Part
0 !LICENSE Redistributable under CCAL version 2.0 : see CAreadme.txt

0 BFC CERTIFY CCW

0 // Created with stl2dat conversion tool

3 16 63 -1.65 23.62 65 -1.65 23.62 66 -1.65 22.62
2 24 65 -1.65 23.62 63 -1.65 23.62
3 16 66 -1.65 22.62 65 -1.65 23.62 65.26 -1.65 23.59
2 24 65.26 -1.65 23.59 65 -1.65 23.62
4 16 66 -1.65 22.62 65.26 -1.65 23.59 65.5 -1.65 23.49 65.71 -1.65 23.33
2 24 65.5 -1.65 23.49 65.26 -1.65 23.59
2 24 65.71 -1.65 23.33 65.5 -1.65 23.49
4 16 66 -1.65 22.62 65.71 -1.65 23.33 65.87 -1.65 23.12 65.97 -1.65 22.88
2 24 65.87 -1.65 23.12 65.71 -1.65 23.33
2 24 65.97 -1.65 22.88 65.87 -1.65 23.12
2 24 66 -1.65 22.62 65.97 -1.65 22.88
4 16 63 -1.65 23.62 66 -1.65 22.62 66 -1.65 14.63 63 -1.65 13.63
2 24 66 -1.65 14.63 66 -1.65 22.62
2 24 63 -1.65 23.62 63 -1.65 13.63
4 16 63 -1.65 13.63 66 -1.65 14.63 65.97 -1.65 14.37 65 -1.65 13.63
2 24 65.97 -1.65 14.37 66 -1.65 14.63
2 24 63 -1.65 13.63 65 -1.65 13.63
4 16 65 -1.65 13.63 65.97 -1.65 14.37 65.87 -1.65 14.13 65.71 -1.65 13.92
2 24 65.87 -1.65 14.13 65.97 -1.65 14.37
2 24 65.71 -1.65 13.92 65.87 -1.65 14.13
4 16 65 -1.65 13.63 65.71 -1.65 13.92 65.5 -1.65 13.76 65.26 -1.65 13.66
2 24 65.5 -1.65 13.76 65.71 -1.65 13.92
2 24 65.26 -1.65 13.66 65.5 -1.65 13.76
2 24 65 -1.65 13.63 65.26 -1.65 13.66

3 16 14.74 -1.65 66.1 14.5 -1.65 66.2 15 -1.65 66.06
2 24 14.5 -1.65 66.2 14.74 -1.65 66.1
2 24 14.74 -1.65 66.1 15 -1.65 66.06
4 16 15 -1.65 66.06 14.5 -1.65 66.2 14.29 -1.65 66.36 14.13 -1.65 66.56
2 24 14.29 -1.65 66.36 14.5 -1.65 66.2
2 24 14.13 -1.65 66.56 14.29 -1.65 66.36
4 16 14.13 -1.65 66.56 14.03 -1.65 66.8 14 -1.65 67.06 15 -1.65 66.06
2 24 14.03 -1.65 66.8 14.13 -1.65 66.56
2 24 14 -1.65 67.06 14.03 -1.65 66.8
4 16 15 -1.65 66.06 14 -1.65 67.06 14 -1.65 75.06 17 -1.65 66.06
2 24 14 -1.65 75.06 14 -1.65 67.06
2 24 15 -1.65 66.06 17 -1.65 66.06
4 16 17 -1.65 66.06 14 -1.65 75.06 15 -1.65 76.06 17 -1.65 76.06
2 24 17 -1.65 76.06 15 -1.65 76.06
2 24 17 -1.65 66.06 17 -1.65 76.06
3 16 14.03 -1.65 75.32 14.13 -1.65 75.56 14 -1.65 75.06
2 24 14.13 -1.65 75.56 14.03 -1.65 75.32
2 24 14.03 -1.65 75.32 14 -1.65 75.06
4 16 14 -1.65 75.06 14.13 -1.65 75.56 14.29 -1.65 75.77 14.5 -1.65 75.93
2 24 14.29 -1.65 75.77 14.13 -1.65 75.56
2 24 14.5 -1.65 75.93 14.29 -1.65 75.77
4 16 14.5 -1.65 75.93 14.74 -1.65 76.03 15 -1.65 76.06 14 -1.65 75.06
2 24 14.74 -1.65 76.03 14.5 -1.65 75.93
2 24 15 -1.65 76.06 14.74 -1.65 76.03

3 16 65.97 -1.65 66.8 65 -1.65 66.06 66 -1.65 67.06
2 24 65.97 -1.65 66.8 66 -1.65 67.06
4 16 66 -1.65 67.06 65 -1.65 66.06 63 -1.65 66.06 66 -1.65 75.06
2 24 63 -1.65 66.06 65 -1.65 66.06
2 24 66 -1.65 67.06 66 -1.65 75.06
4 16 66 -1.65 75.06 63 -1.65 66.06 63 -1.65 76.06 65 -1.65 76.06
2 24 63 -1.65 76.06 63 -1.65 66.06
2 24 65 -1.65 76.06 63 -1.65 76.06
4 16 65.97 -1.65 66.8 65.87 -1.65 66.56 65.71 -1.65 66.36 65 -1.65 66.06
2 24 65.87 -1.65 66.56 65.97 -1.65 66.8
2 24 65.71 -1.65 66.36 65.87 -1.65 66.56
4 16 65 -1.65 66.06 65.71 -1.65 66.36 65.5 -1.65 66.2 65.26 -1.65 66.1
2 24 65.5 -1.65 66.2 65.71 -1.65 66.36
2 24 65.26 -1.65 66.1 65.5 -1.65 66.2
2 24 65 -1.65 66.06 65.26 -1.65 66.1
3 16 65 -1.65 76.06 65.26 -1.65 76.03 66 -1.65 75.06
2 24 65.26 -1.65 76.03 65 -1.65 76.06
4 16 66 -1.65 75.06 65.26 -1.65 76.03 65.5 -1.65 75.93 65.71 -1.65 75.77
2 24 65.5 -1.65 75.93 65.26 -1.65 76.03
2 24 65.71 -1.65 75.77 65.5 -1.65 75.93
4 16 65.71 -1.65 75.77 65.87 -1.65 75.56 65.97 -1.65 75.32 66 -1.65 75.06
2 24 65.87 -1.65 75.56 65.71 -1.65 75.77
2 24 65.97 -1.65 75.32 65.87 -1.65 75.56
2 24 66 -1.65 75.06 65.97 -1.65 75.32

4 16 14 -1.65 67.06 14.03 -1.65 66.8 14.03 -9.65 66.8 14 -9.65 67.06
5 24 14.03 -1.65 66.8 14.03 -9.65 66.8 14 -9.65 67.06 14.13 -1.65 66.56
2 24 14 -9.65 67.06 14.03 -9.65 66.8
5 24 14 -9.65 67.06 14 -1.65 67.06 14.03 -1.65 66.8 14 -9.65 75.06
4 16 14 -9.65 67.06 14 -9.65 75.06 14 -1.65 75.06 14 -1.65 67.06
2 24 14 -9.65 75.06 14 -9.65 67.06
5 24 14 -9.65 75.06 14 -1.65 75.06 14 -1.65 67.06 14.03 -9.65 75.32
4 16 14.03 -1.65 75.32 14 -1.65 75.06 14 -9.65 75.06 14.03 -9.65 75.32
2 24 14.03 -9.65 75.32 14 -9.65 75.06
5 24 14.03 -1.65 75.32 14.03 -9.65 75.32 14.13 -9.65 75.56 14 -1.65 75.06

4 16 65.97 -1.65 66.8 66 -1.65 67.06 66 -9.65 67.06 65.97 -9.65 66.8
5 24 66 -1.65 67.06 66 -9.65 67.06 65.97 -9.65 66.8 66 -1.65 75.06
2 24 65.97 -9.65 66.8 66 -9.65 67.06
5 24 65.97 -1.65 66.8 65.97 -9.65 66.8 65.87 -9.65 66.56 66 -1.65 67.06
4 16 66 -1.65 67.06 66 -1.65 75.06 66 -9.65 75.06 66 -9.65 67.06
5 24 66 -1.65 75.06 66 -9.65 75.06 66 -9.65 67.06 65.97 -1.65 75.32
2 24 66 -9.65 67.06 66 -9.65 75.06
4 16 66 -1.65 75.06 65.97 -1.65 75.32 65.97 -9.65 75.32 66 -9.65 75.06
5 24 65.97 -1.65 75.32 65.97 -9.65 75.32 66 -9.65 75.06 65.87 -1.65 75.56
2 24 66 -9.65 75.06 65.97 -9.65 75.32

3 16 17 -6.65 66.06 16 -6.65 66.06 17 -3.65 66.06
2 24 16 -6.65 66.06 17 -6.65 66.06
2 24 17 -3.65 66.06 17 -6.65 66.06
4 16 17 -3.65 66.06 16 -6.65 66.06 15 -1.65 66.06 17 -1.65 66.06
4 16 16 -9.65 66.06 15 -9.65 66.06 15 -1.65 66.06 16 -6.65 66.06
2 24 15 -9.65 66.06 16 -9.65 66.06
5 24 15 -9.65 66.06 15 -1.65 66.06 16 -6.65 66.06 14.74 -9.65 66.1
5 24 16 -9.65 66.06 16 -6.65 66.06 16.26 -6.65 66.03 15 -9.65 66.06
4 16 17 -1.65 66.06 17.75 -2.4 66.06 17.75 -2.9 66.06 17 -3.65 66.06
2 24 17.75 -2.4 66.06 17 -1.65 66.06
2 24 17.75 -2.9 66.06 17.75 -2.4 66.06
2 24 17 -3.65 66.06 17.75 -2.9 66.06

4 16 16 -9.65 76.06 16 -6.65 76.06 15 -1.65 76.06 15 -9.65 76.06
5 24 16 -6.65 76.06 16 -9.65 76.06 16.26 -9.65 76.1 15 -1.65 76.06
5 24 15 -1.65 76.06 15 -9.65 76.06 16 -9.65 76.06 14.74 -1.65 76.03
2 24 16 -9.65 76.06 15 -9.65 76.06
4 16 17 -6.65 76.06 17 -3.65 76.06 15 -1.65 76.06 16 -6.65 76.06
2 24 17 -6.65 76.06 17 -3.65 76.06
2 24 17 -6.65 76.06 16 -6.65 76.06
3 16 17.75 -2.9 76.06 17.75 -2.4 76.06 17 -3.65 76.06
2 24 17.75 -2.4 76.06 17.75 -2.9 76.06
2 24 17.75 -2.9 76.06 17 -3.65 76.06
4 16 17 -3.65 76.06 17.75 -2.4 76.06 17 -1.65 76.06 15 -1.65 76.06
2 24 17 -1.65 76.06 17.75 -2.4 76.06

4 16 17 -6.65 77.06 16.97 -6.65 76.8 16.97 -9.65 76.8 17 -9.65 77.06
2 24 16.97 -6.65 76.8 17 -6.65 77.06
5 24 16.97 -6.65 76.8 16.97 -9.65 76.8 17 -9.65 77.06 16.87 -6.65 76.56
2 24 17 -9.65 77.06 16.97 -9.65 76.8
5 24 17 -9.65 77.06 17 -6.65 77.06 16.97 -6.65 76.8 17 -9.65 88.5
4 16 17 -9.65 77.06 17 -9.65 88.5 17 -6.65 88.5 17 -6.65 77.06
2 24 17 -9.65 88.5 17 -9.65 77.06
2 24 17 -9.65 88.5 17 -6.65 88.5
2 24 17 -6.65 77.06 17 -6.65 88.5

4 16 64 -9.65 66.06 64 -6.65 66.06 65 -1.65 66.06 65 -9.65 66.06
5 24 64 -6.65 66.06 64 -9.65 66.06 63.74 -9.65 66.03 65 -1.65 66.06
5 24 65 -1.65 66.06 65 -9.65 66.06 64 -9.65 66.06 65.26 -1.65 66.1
2 24 64 -9.65 66.06 65 -9.65 66.06
4 16 63 -6.65 66.06 63 -3.65 66.06 65 -1.65 66.06 64 -6.65 66.06
2 24 63 -3.65 66.06 63 -6.65 66.06
2 24 63 -6.65 66.06 64 -6.65 66.06
3 16 62.25 -2.9 66.06 62.25 -2.4 66.06 63 -3.65 66.06
2 24 62.25 -2.4 66.06 62.25 -2.9 66.06
2 24 62.25 -2.9 66.06 63 -3.65 66.06
4 16 63 -3.65 66.06 62.25 -2.4 66.06 63 -1.65 66.06 65 -1.65 66.06
2 24 63 -1.65 66.06 62.25 -2.4 66.06

3 16 63 -6.65 76.06 64 -6.65 76.06 63 -3.65 76.06
2 24 64 -6.65 76.06 63 -6.65 76.06
2 24 63 -6.65 76.06 63 -3.65 76.06
4 16 63 -3.65 76.06 64 -6.65 76.06 65 -1.65 76.06 63 -1.65 76.06
4 16 64 -9.65 76.06 65 -9.65 76.06 65 -1.65 76.06 64 -6.65 76.06
2 24 65 -9.65 76.06 64 -9.65 76.06
5 24 65 -9.65 76.06 65 -1.65 76.06 64 -6.65 76.06 65.26 -9.65 76.03
5 24 64 -9.65 76.06 64 -6.65 76.06 63.74 -6.65 76.1 65 -9.65 76.06
4 16 63 -1.65 76.06 62.25 -2.4 76.06 62.25 -2.9 76.06 63 -3.65 76.06
2 24 62.25 -2.4 76.06 63 -1.65 76.06
2 24 62.25 -2.9 76.06 62.25 -2.4 76.06
2 24 63 -3.65 76.06 62.25 -2.9 76.06

4 16 17 -6.65 24.62 16.97 -6.65 24.37 16.97 -9.65 24.37 17 -9.65 24.62
2 24 16.97 -6.65 24.37 17 -6.65 24.62
5 24 16.97 -6.65 24.37 16.97 -9.65 24.37 17 -9.65 24.62 16.87 -6.65 24.12
2 24 17 -9.65 24.62 16.97 -9.65 24.37
5 24 17 -9.65 24.62 17 -6.65 24.62 16.97 -6.65 24.37 17 -9.65 65.06
4 16 16.97 -6.65 65.32 17 -6.65 65.06 17 -9.65 65.06 16.97 -9.65 65.32
2 24 17 -6.65 65.06 16.97 -6.65 65.32
5 24 17 -6.65 65.06 17 -9.65 65.06 16.97 -9.65 65.32 17 -6.65 24.62
2 24 16.97 -9.65 65.32 17 -9.65 65.06
5 24 16.97 -6.65 65.32 16.97 -9.65 65.32 16.87 -9.65 65.56 17 -6.65 65.06
4 16 17 -9.65 24.62 17 -9.65 65.06 17 -6.65 65.06 17 -6.65 24.62
2 24 17 -9.65 65.06 17 -9.65 24.62
2 24 17 -6.65 24.62 17 -6.65 65.06

4 16 16.97 -6.65 12.88 17 -6.65 12.63 17 -9.65 12.63 16.97 -9.65 12.88
2 24 17 -6.65 12.63 16.97 -6.65 12.88
5 24 17 -6.65 12.63 17 -9.65 12.63 16.97 -9.65 12.88 17 -6.65 3
2 24 16.97 -9.65 12.88 17 -9.65 12.63
5 24 16.97 -6.65 12.88 16.97 -9.65 12.88 16.87 -9.65 13.13 17 -6.65 12.63
4 16 17 -6.65 12.63 17 -6.65 3 17 -9.65 3 17 -9.65 12.63
2 24 17 -6.65 3 17 -6.65 12.63
2 24 17 -6.65 3 17 -9.65 3
2 24 17 -9.65 12.63 17 -9.65 3

4 16 63 -6.65 12.63 63.03 -6.65 12.88 63.03 -9.65 12.88 63 -9.65 12.63
2 24 63.03 -6.65 12.88 63 -6.65 12.63
5 24 63.03 -6.65 12.88 63.03 -9.65 12.88 63 -9.65 12.63 63.13 -6.65 13.13
2 24 63 -9.65 12.63 63.03 -9.65 12.88
5 24 63 -9.65 12.63 63 -6.65 12.63 63.03 -6.65 12.88 63 -9.65 3
4 16 63 -9.65 12.63 63 -9.65 3 63 -6.65 3 63 -6.65 12.63
2 24 63 -9.65 3 63 -9.65 12.63
2 24 63 -9.65 3 63 -6.65 3
2 24 63 -6.65 12.63 63 -6.65 3

4 16 63 -6.65 65.06 63.03 -6.65 65.32 63.03 -9.65 65.32 63 -9.65 65.06
2 24 63.03 -6.65 65.32 63 -6.65 65.06
5 24 63.03 -6.65 65.32 63.03 -9.65 65.32 63 -9.65 65.06 63.13 -6.65 65.56
2 24 63 -9.65 65.06 63.03 -9.65 65.32
5 24 63 -9.65 65.06 63 -6.65 65.06 63.03 -6.65 65.32 63 -9.65 24.62
4 16 63.03 -6.65 24.37 63 -6.65 24.62 63 -9.65 24.62 63.03 -9.65 24.37
2 24 63 -6.65 24.62 63.03 -6.65 24.37
5 24 63 -6.65 24.62 63 -9.65 24.62 63.03 -9.65 24.37 63 -6.65 65.06
2 24 63.03 -9.65 24.37 63 -9.65 24.62
5 24 63.03 -6.65 24.37 63.03 -9.65 24.37 63.13 -9.65 24.12 63 -6.65 24.62
4 16 63 -9.65 65.06 63 -9.65 24.62 63 -6.65 24.62 63 -6.65 65.06
2 24 63 -9.65 24.62 63 -9.65 65.06
2 24 63 -6.65 65.06 63 -6.65 24.62

4 16 16 -9.65 13.63 15 -9.65 13.63 15 -1.65 13.63 16 -6.65 13.63
2 24 15 -9.65 13.63 16 -9.65 13.63
5 24 15 -1.65 13.63 15 -9.65 13.63 14.74 -9.65 13.66 16 -6.65 13.63
5 24 16 -6.65 13.63 16 -9.65 13.63 15 -9.65 13.63 16.26 -6.65 13.59
4 16 16 -6.65 13.63 15 -1.65 13.63 17 -3.65 13.63 17 -6.65 13.63
2 24 17 -3.65 13.63 17 -6.65 13.63
2 24 16 -6.65 13.63 17 -6.65 13.63
3 16 17 -3.65 13.63 15 -1.65 13.63 17 -1.65 13.63
2 24 17 -1.65 13.63 15 -1.65 13.63
4 16 17 -3.65 13.63 17 -1.65 13.63 17.75 -2.4 13.63 17.75 -2.9 13.63
2 24 17.75 -2.4 13.63 17 -1.65 13.63
2 24 17.75 -2.9 13.63 17.75 -2.4 13.63
2 24 17 -3.65 13.63 17.75 -2.9 13.63

4 16 63.03 -6.65 76.8 63 -6.65 77.06 63 -9.65 77.06 63.03 -9.65 76.8
2 24 63 -6.65 77.06 63.03 -6.65 76.8
5 24 63 -6.65 77.06 63 -9.65 77.06 63.03 -9.65 76.8 63 -6.65 88.5
2 24 63.03 -9.65 76.8 63 -9.65 77.06
5 24 63.03 -6.65 76.8 63.03 -9.65 76.8 63.13 -9.65 76.56 63 -6.65 77.06
4 16 63 -6.65 77.06 63 -6.65 88.5 63 -9.65 88.5 63 -9.65 77.06
2 24 63 -6.65 88.5 63 -6.65 77.06
2 24 63 -6.65 88.5 63 -9.65 88.5
2 24 63 -9.65 77.06 63 -9.65 88.5

4 16 15 -9.65 23.62 16 -9.65 23.62 16 -6.65 23.62 15 -1.65 23.62
2 24 16 -9.65 23.62 15 -9.65 23.62
5 24 16 -9.65 23.62 16 -6.65 23.62 15 -1.65 23.62 16.26 -9.65 23.66
5 24 15 -9.65 23.62 15 -1.65 23.62 14.74 -1.65 23.59 16 -9.65 23.62
4 16 15 -1.65 23.62 16 -6.65 23.62 17 -6.65 23.62 17 -3.65 23.62
2 24 17 -6.65 23.62 16 -6.65 23.62
2 24 17 -6.65 23.62 17 -3.65 23.62
3 16 15 -1.65 23.62 17 -3.65 23.62 17 -1.65 23.62
2 24 15 -1.65 23.62 17 -1.65 23.62
4 16 17 -1.65 23.62 17 -3.65 23.62 17.75 -2.9 23.62 17.75 -2.4 23.62
2 24 17.75 -2.9 23.62 17 -3.65 23.62
2 24 17.75 -2.4 23.62 17.75 -2.9 23.62
2 24 17 -1.65 23.62 17.75 -2.4 23.62

3 16 14.03 -1.65 22.88 14.13 -1.65 23.12 14 -1.65 22.62
2 24 14.13 -1.65 23.12 14.03 -1.65 22.88
2 24 14.03 -1.65 22.88 14 -1.65 22.62
4 16 14 -1.65 22.62 14.13 -1.65 23.12 14.29 -1.65 23.33 14.5 -1.65 23.49
2 24 14.29 -1.65 23.33 14.13 -1.65 23.12
2 24 14.5 -1.65 23.49 14.29 -1.65 23.33
4 16 14.5 -1.65 23.49 14.74 -1.65 23.59 15 -1.65 23.62 14 -1.65 22.62
2 24 14.74 -1.65 23.59 14.5 -1.65 23.49
2 24 15 -1.65 23.62 14.74 -1.65 23.59
3 16 14 -1.65 22.62 15 -1.65 23.62 17 -1.65 23.62
4 16 17 -1.65 23.62 17 -1.65 13.63 14 -1.65 14.63 14 -1.65 22.62
2 24 17 -1.65 13.63 17 -1.65 23.62
2 24 14 -1.65 14.63 14 -1.65 22.62
4 16 17 -1.65 13.63 15 -1.65 13.63 14.03 -1.65 14.37 14 -1.65 14.63
2 24 14 -1.65 14.63 14.03 -1.65 14.37
4 16 14.74 -1.65 13.66 14.5 -1.65 13.76 14.29 -1.65 13.92 15 -1.65 13.63
2 24 14.5 -1.65 13.76 14.74 -1.65 13.66
2 24 14.29 -1.65 13.92 14.5 -1.65 13.76
2 24 14.74 -1.65 13.66 15 -1.65 13.63
4 16 15 -1.65 13.63 14.29 -1.65 13.92 14.13 -1.65 14.13 14.03 -1.65 14.37
2 24 14.13 -1.65 14.13 14.29 -1.65 13.92
2 24 14.03 -1.65 14.37 14.13 -1.65 14.13

4 16 65 -9.65 13.63 64 -9.65 13.63 64 -6.65 13.63 65 -1.65 13.63
2 24 64 -9.65 13.63 65 -9.65 13.63
5 24 64 -9.65 13.63 64 -6.65 13.63 65 -1.65 13.63 63.74 -9.65 13.59
5 24 65 -9.65 13.63 65 -1.65 13.63 65.26 -1.65 13.66 64 -9.65 13.63
4 16 65 -1.65 13.63 64 -6.65 13.63 63 -6.65 13.63 63 -3.65 13.63
2 24 63 -6.65 13.63 64 -6.65 13.63
2 24 63 -3.65 13.63 63 -6.65 13.63
3 16 65 -1.65 13.63 63 -3.65 13.63 63 -1.65 13.63
4 16 63 -1.65 13.63 63 -3.65 13.63 62.25 -2.9 13.63 62.25 -2.4 13.63
2 24 62.25 -2.9 13.63 63 -3.65 13.63
2 24 62.25 -2.4 13.63 62.25 -2.9 13.63
2 24 63 -1.65 13.63 62.25 -2.4 13.63

4 16 64 -9.65 23.62 65 -9.65 23.62 65 -1.65 23.62 64 -6.65 23.62
2 24 65 -9.65 23.62 64 -9.65 23.62
5 24 65 -1.65 23.62 65 -9.65 23.62 65.26 -9.65 23.59 64 -6.65 23.62
5 24 64 -6.65 23.62 64 -9.65 23.62 65 -9.65 23.62 63.74 -6.65 23.66
4 16 64 -6.65 23.62 65 -1.65 23.62 63 -3.65 23.62 63 -6.65 23.62
2 24 63 -6.65 23.62 63 -3.65 23.62
2 24 64 -6.65 23.62 63 -6.65 23.62
3 16 63 -3.65 23.62 65 -1.65 23.62 63 -1.65 23.62
4 16 63 -3.65 23.62 63 -1.65 23.62 62.25 -2.4 23.62 62.25 -2.9 23.62
2 24 62.25 -2.4 23.62 63 -1.65 23.62
2 24 62.25 -2.9 23.62 62.25 -2.4 23.62
2 24 63 -3.65 23.62 62.25 -2.9 23.62

4 16 14.03 -1.65 22.88 14 -1.65 22.62 14 -9.65 22.62 14.03 -9.65 22.88
5 24 14 -1.65 22.62 14 -9.65 22.62 14.03 -9.65 22.88 14 -1.65 14.63
2 24 14.03 -9.65 22.88 14 -9.65 22.62
5 24 14.03 -1.65 22.88 14.03 -9.65 22.88 14.13 -9.65 23.12 14 -1.65 22.62
4 16 14 -1.65 14.63 14.03 -1.65 14.37 14.03 -9.65 14.37 14 -9.65 14.63
5 24 14.03 -1.65 14.37 14.03 -9.65 14.37 14 -9.65 14.63 14.13 -1.65 14.13
2 24 14 -9.65 14.63 14.03 -9.65 14.37
5 24 14 -9.65 14.63 14 -1.65 14.63 14.03 -1.65 14.37 14 -9.65 22.62
4 16 14 -1.65 22.62 14 -1.65 14.63 14 -9.65 14.63 14 -9.65 22.62
2 24 14 -9.65 22.62 14 -9.65 14.63

4 16 66 -1.65 22.62 65.97 -1.65 22.88 65.97 -9.65 22.88 66 -9.65 22.62
5 24 65.97 -1.65 22.88 65.97 -9.65 22.88 66 -9.65 22.62 65.87 -1.65 23.12
2 24 66 -9.65 22.62 65.97 -9.65 22.88
5 24 66 -9.65 22.62 66 -1.65 22.62 65.97 -1.65 22.88 66 -9.65 14.63
4 16 65.97 -1.65 14.37 66 -1.65 14.63 66 -9.65 14.63 65.97 -9.65 14.37
5 24 66 -1.65 14.63 66 -9.65 14.63 65.97 -9.65 14.37 66 -1.65 22.62
2 24 65.97 -9.65 14.37 66 -9.65 14.63
5 24 65.97 -1.65 14.37 65.97 -9.65 14.37 65.87 -9.65 14.13 66 -1.65 14.63
4 16 66 -9.65 22.62 66 -9.65 14.63 66 -1.65 14.63 66 -1.65 22.62
2 24 66 -9.65 14.63 66 -9.65 22.62

3 16 63.13 -9.65 24.12 63.03 -9.65 24.37 35.75 -9.65 21.75
2 24 63.13 -9.65 24.12 63.03 -9.65 24.37
3 16 35.75 -9.65 21.75 63.03 -9.65 24.37 63 -9.65 24.62
4 16 35.75 -9.65 21.75 63 -9.65 24.62 63 -9.65 65.06 35.75 -9.65 50.5
2 24 35.75 -9.65 21.75 35.75 -9.65 50.5
3 16 35.75 -9.65 50.5 63 -9.65 65.06 63.03 -9.65 65.32
3 16 16.87 -9.65 13.13 16.97 -9.65 12.88 20 -9.65 21.75
2 24 16.87 -9.65 13.13 16.97 -9.65 12.88
3 16 20 -9.65 21.75 16.97 -9.65 12.88 17 -9.65 12.63
4 16 20 -9.65 21.75 17 -9.65 12.63 17 -9.65 3 35.75 -9.65 21.75
2 24 20 -9.65 21.75 35.75 -9.65 21.75
4 16 35.75 -9.65 21.75 17 -9.65 3 63 -9.65 3 63 -9.65 12.63
2 24 17 -9.65 3 63 -9.65 3
4 16 14 -9.65 75.06 14 -9.65 67.06 16.26 -9.65 76.1 16 -9.65 76.06
2 24 16.26 -9.65 76.1 16 -9.65 76.06
4 16 16.26 -9.65 76.1 14 -9.65 67.06 16 -9.65 66.06 16.26 -9.65 66.03
2 24 16 -9.65 66.06 16.26 -9.65 66.03
3 16 16.26 -9.65 76.1 16.26 -9.65 66.03 16.5 -9.65 76.2
2 24 16.5 -9.65 76.2 16.26 -9.65 76.1
4 16 16.5 -9.65 76.2 16.26 -9.65 66.03 16.5 -9.65 65.93 16.71 -9.65 76.36
2 24 16.26 -9.65 66.03 16.5 -9.65 65.93
2 24 16.71 -9.65 76.36 16.5 -9.65 76.2
4 16 16.71 -9.65 76.36 16.5 -9.65 65.93 16.71 -9.65 65.77 16.87 -9.65 76.56
2 24 16.5 -9.65 65.93 16.71 -9.65 65.77
2 24 16.87 -9.65 76.56 16.71 -9.65 76.36
4 16 16.87 -9.65 76.56 16.71 -9.65 65.77 16.87 -9.65 65.56 16.97 -9.65 76.8
2 24 16.71 -9.65 65.77 16.87 -9.65 65.56
2 24 16.97 -9.65 76.8 16.87 -9.65 76.56
4 16 16.97 -9.65 76.8 16.87 -9.65 65.56 16.97 -9.65 65.32 35.75 -9.65 50.5
2 24 16.87 -9.65 65.56 16.97 -9.65 65.32
3 16 35.75 -9.65 50.5 16.97 -9.65 65.32 17 -9.65 65.06
3 16 35.75 -9.65 50.5 17 -9.65 65.06 20 -9.65 50.5
2 24 20 -9.65 50.5 35.75 -9.65 50.5
4 16 20 -9.65 50.5 17 -9.65 65.06 17 -9.65 24.62 20 -9.65 21.75
2 24 20 -9.65 50.5 20 -9.65 21.75
3 16 20 -9.65 21.75 17 -9.65 24.62 16.97 -9.65 24.37
3 16 20 -9.65 21.75 16.97 -9.65 24.37 16.87 -9.65 24.12
2 24 16.97 -9.65 24.37 16.87 -9.65 24.12
3 16 65.97 -9.65 22.88 65.87 -9.65 23.12 66 -9.65 22.62
2 24 65.97 -9.65 22.88 65.87 -9.65 23.12
4 16 66 -9.65 22.62 65.87 -9.65 23.12 65.71 -9.65 23.33 65.5 -9.65 23.49
2 24 65.87 -9.65 23.12 65.71 -9.65 23.33
2 24 65.71 -9.65 23.33 65.5 -9.65 23.49
4 16 65.5 -9.65 23.49 65.26 -9.65 23.59 65 -9.65 23.62 66 -9.65 22.62
2 24 65.5 -9.65 23.49 65.26 -9.65 23.59
2 24 65.26 -9.65 23.59 65 -9.65 23.62
3 16 66 -9.65 22.62 65 -9.65 23.62 64 -9.65 23.62
4 16 64 -9.65 23.62 63.74 -9.65 23.66 66 -9.65 14.63 66 -9.65 22.62
2 24 64 -9.65 23.62 63.74 -9.65 23.66
4 16 66 -9.65 14.63 63.74 -9.65 23.66 63.74 -9.65 13.59 64 -9.65 13.63
2 24 63.74 -9.65 13.59 64 -9.65 13.63
4 16 63.74 -9.65 13.59 63.74 -9.65 23.66 63.5 -9.65 23.76 63.5 -9.65 13.49
2 24 63.74 -9.65 23.66 63.5 -9.65 23.76
2 24 63.5 -9.65 13.49 63.74 -9.65 13.59
4 16 63.5 -9.65 13.49 63.5 -9.65 23.76 63.29 -9.65 23.92 63.29 -9.65 13.33
2 24 63.5 -9.65 23.76 63.29 -9.65 23.92
2 24 63.29 -9.65 13.33 63.5 -9.65 13.49
4 16 63.29 -9.65 13.33 63.29 -9.65 23.92 63.13 -9.65 24.12 63.13 -9.65 13.13
2 24 63.29 -9.65 23.92 63.13 -9.65 24.12
2 24 63.13 -9.65 13.13 63.29 -9.65 13.33
4 16 63.13 -9.65 13.13 63.13 -9.65 24.12 35.75 -9.65 21.75 63.03 -9.65 12.88
2 24 63.03 -9.65 12.88 63.13 -9.65 13.13
3 16 63.03 -9.65 12.88 35.75 -9.65 21.75 63 -9.65 12.63
3 16 35.75 -9.65 50.5 63.03 -9.65 65.32 63.03 -9.65 76.8
4 16 63.03 -9.65 76.8 63.03 -9.65 65.32 63.13 -9.65 65.56 63.13 -9.65 76.56
2 24 63.03 -9.65 65.32 63.13 -9.65 65.56
2 24 63.13 -9.65 76.56 63.03 -9.65 76.8
4 16 63.13 -9.65 76.56 63.13 -9.65 65.56 63.29 -9.65 65.77 63.29 -9.65 76.36
2 24 63.13 -9.65 65.56 63.29 -9.65 65.77
2 24 63.29 -9.65 76.36 63.13 -9.65 76.56
4 16 63.29 -9.65 76.36 63.29 -9.65 65.77 63.5 -9.65 65.93 63.5 -9.65 76.2
2 24 63.29 -9.65 65.77 63.5 -9.65 65.93
2 24 63.5 -9.65 76.2 63.29 -9.65 76.36
4 16 63.5 -9.65 76.2 63.5 -9.65 65.93 63.74 -9.65 66.03 63.74 -9.65 76.1
2 24 63.5 -9.65 65.93 63.74 -9.65 66.03
2 24 63.74 -9.65 76.1 63.5 -9.65 76.2
4 16 63.74 -9.65 76.1 63.74 -9.65 66.03 64 -9.65 66.06 66 -9.65 67.06
2 24 63.74 -9.65 66.03 64 -9.65 66.06
4 16 63.74 -9.65 76.1 66 -9.65 67.06 66 -9.65 75.06 64 -9.65 76.06
2 24 64 -9.65 76.06 63.74 -9.65 76.1
3 16 66 -9.65 67.06 64 -9.65 66.06 65 -9.65 66.06
4 16 66 -9.65 67.06 65 -9.65 66.06 65.87 -9.65 66.56 65.97 -9.65 66.8
2 24 65.87 -9.65 66.56 65.97 -9.65 66.8
3 16 65.26 -9.65 66.1 65.5 -9.65 66.2 65 -9.65 66.06
2 24 65.26 -9.65 66.1 65.5 -9.65 66.2
2 24 65 -9.65 66.06 65.26 -9.65 66.1
4 16 65 -9.65 66.06 65.5 -9.65 66.2 65.71 -9.65 66.36 65.87 -9.65 66.56
2 24 65.5 -9.65 66.2 65.71 -9.65 66.36
2 24 65.71 -9.65 66.36 65.87 -9.65 66.56
3 16 65.97 -9.65 75.32 65.87 -9.65 75.56 66 -9.65 75.06
2 24 65.97 -9.65 75.32 65.87 -9.65 75.56
4 16 66 -9.65 75.06 65.87 -9.65 75.56 65.71 -9.65 75.77 65.5 -9.65 75.93
2 24 65.87 -9.65 75.56 65.71 -9.65 75.77
2 24 65.71 -9.65 75.77 65.5 -9.65 75.93
4 16 65.5 -9.65 75.93 65.26 -9.65 76.03 65 -9.65 76.06 66 -9.65 75.06
2 24 65.5 -9.65 75.93 65.26 -9.65 76.03
2 24 65.26 -9.65 76.03 65 -9.65 76.06
3 16 66 -9.65 75.06 65 -9.65 76.06 64 -9.65 76.06
3 16 63 -9.65 88.5 17 -9.65 88.5 63 -9.65 77.06
2 24 63 -9.65 88.5 17 -9.65 88.5
4 16 63 -9.65 77.06 17 -9.65 88.5 17 -9.65 77.06 63.03 -9.65 76.8
4 16 63.03 -9.65 76.8 17 -9.65 77.06 16.97 -9.65 76.8 35.75 -9.65 50.5
3 16 14 -9.65 75.06 16 -9.65 76.06 15 -9.65 76.06
3 16 14 -9.65 75.06 15 -9.65 76.06 14.74 -9.65 76.03
2 24 15 -9.65 76.06 14.74 -9.65 76.03
4 16 14.74 -9.65 76.03 14.5 -9.65 75.93 14.29 -9.65 75.77 14 -9.65 75.06
2 24 14.74 -9.65 76.03 14.5 -9.65 75.93
2 24 14.5 -9.65 75.93 14.29 -9.65 75.77
4 16 14 -9.65 75.06 14.29 -9.65 75.77 14.13 -9.65 75.56 14.03 -9.65 75.32
2 24 14.29 -9.65 75.77 14.13 -9.65 75.56
2 24 14.13 -9.65 75.56 14.03 -9.65 75.32
4 16 14.03 -9.65 66.8 15 -9.65 66.06 16 -9.65 66.06 14 -9.65 67.06
4 16 14.03 -9.65 66.8 14.13 -9.65 66.56 14.29 -9.65 66.36 15 -9.65 66.06
2 24 14.03 -9.65 66.8 14.13 -9.65 66.56
2 24 14.13 -9.65 66.56 14.29 -9.65 66.36
4 16 15 -9.65 66.06 14.29 -9.65 66.36 14.5 -9.65 66.2 14.74 -9.65 66.1
2 24 14.29 -9.65 66.36 14.5 -9.65 66.2
2 24 14.5 -9.65 66.2 14.74 -9.65 66.1
2 24 14.74 -9.65 66.1 15 -9.65 66.06
3 16 16.87 -9.65 24.12 16.71 -9.65 23.92 20 -9.65 21.75
2 24 16.87 -9.65 24.12 16.71 -9.65 23.92
3 16 20 -9.65 21.75 16.71 -9.65 23.92 16.5 -9.65 23.76
2 24 16.71 -9.65 23.92 16.5 -9.65 23.76
3 16 20 -9.65 21.75 16.5 -9.65 23.76 16.26 -9.65 23.66
2 24 16.5 -9.65 23.76 16.26 -9.65 23.66
4 16 20 -9.65 21.75 16.26 -9.65 23.66 14 -9.65 22.62 14 -9.65 14.63
3 16 14 -9.65 22.62 16.26 -9.65 23.66 16 -9.65 23.62
2 24 16.26 -9.65 23.66 16 -9.65 23.62
3 16 14 -9.65 22.62 16 -9.65 23.62 15 -9.65 23.62
3 16 15 -9.65 23.62 14.74 -9.65 23.59 14 -9.65 22.62
2 24 15 -9.65 23.62 14.74 -9.65 23.59
4 16 14 -9.65 22.62 14.74 -9.65 23.59 14.5 -9.65 23.49 14.29 -9.65 23.33
2 24 14.74 -9.65 23.59 14.5 -9.65 23.49
2 24 14.5 -9.65 23.49 14.29 -9.65 23.33
4 16 14.29 -9.65 23.33 14.13 -9.65 23.12 14.03 -9.65 22.88 14 -9.65 22.62
2 24 14.29 -9.65 23.33 14.13 -9.65 23.12
2 24 14.13 -9.65 23.12 14.03 -9.65 22.88
4 16 20 -9.65 21.75 14 -9.65 14.63 16 -9.65 13.63 16.26 -9.65 13.59
2 24 16 -9.65 13.63 16.26 -9.65 13.59
3 16 20 -9.65 21.75 16.26 -9.65 13.59 16.5 -9.65 13.49
2 24 16.26 -9.65 13.59 16.5 -9.65 13.49
4 16 14.03 -9.65 14.37 15 -9.65 13.63 16 -9.65 13.63 14 -9.65 14.63
4 16 14.03 -9.65 14.37 14.13 -9.65 14.13 14.29 -9.65 13.92 15 -9.65 13.63
2 24 14.03 -9.65 14.37 14.13 -9.65 14.13
2 24 14.13 -9.65 14.13 14.29 -9.65 13.92
4 16 15 -9.65 13.63 14.29 -9.65 13.92 14.5 -9.65 13.76 14.74 -9.65 13.66
2 24 14.29 -9.65 13.92 14.5 -9.65 13.76
2 24 14.5 -9.65 13.76 14.74 -9.65 13.66
2 24 14.74 -9.65 13.66 15 -9.65 13.63
3 16 16.5 -9.65 13.49 16.71 -9.65 13.33 20 -9.65 21.75
2 24 16.5 -9.65 13.49 16.71 -9.65 13.33
3 16 20 -9.65 21.75 16.71 -9.65 13.33 16.87 -9.65 13.13
2 24 16.71 -9.65 13.33 16.87 -9.65 13.13
3 16 66 -9.65 14.63 64 -9.65 13.63 65 -9.65 13.63
4 16 66 -9.65 14.63 65 -9.65 13.63 65.87 -9.65 14.13 65.97 -9.65 14.37
2 24 65.87 -9.65 14.13 65.97 -9.65 14.37
3 16 65.26 -9.65 13.66 65.5 -9.65 13.76 65 -9.65 13.63
2 24 65.26 -9.65 13.66 65.5 -9.65 13.76
2 24 65 -9.65 13.63 65.26 -9.65 13.66
4 16 65 -9.65 13.63 65.5 -9.65 13.76 65.71 -9.65 13.92 65.87 -9.65 14.13
2 24 65.5 -9.65 13.76 65.71 -9.65 13.92
2 24 65.71 -9.65 13.92 65.87 -9.65 14.13

4 16 63 -6.65 77.06 63.03 -6.65 76.8 63 -6.65 76.06 17 -6.65 76.06
4 16 17 -6.65 76.06 63 -6.65 76.06 63 -6.65 66.06 35.75 -6.65 50.5
2 24 63 -6.65 76.06 63 -6.65 66.06
3 16 17 -6.65 76.06 35.75 -6.65 50.5 17 -6.65 66.06
2 24 17 -6.65 66.06 17 -6.65 76.06
4 16 17 -6.65 66.06 35.75 -6.65 50.5 20 -6.65 50.5 17 -6.65 65.06
2 24 35.75 -6.65 50.5 20 -6.65 50.5
3 16 17 -6.65 66.06 17 -6.65 65.06 16.97 -6.65 65.32
3 16 16 -6.65 76.06 16.26 -6.65 76.1 17 -6.65 76.06
2 24 16 -6.65 76.06 16.26 -6.65 76.1
3 16 17 -6.65 76.06 16.26 -6.65 76.1 16.5 -6.65 76.2
2 24 16.26 -6.65 76.1 16.5 -6.65 76.2
3 16 17 -6.65 76.06 16.5 -6.65 76.2 16.71 -6.65 76.36
2 24 16.5 -6.65 76.2 16.71 -6.65 76.36
3 16 16.71 -6.65 76.36 16.87 -6.65 76.56 17 -6.65 76.06
2 24 16.71 -6.65 76.36 16.87 -6.65 76.56
3 16 17 -6.65 76.06 16.87 -6.65 76.56 16.97 -6.65 76.8
2 24 16.87 -6.65 76.56 16.97 -6.65 76.8
3 16 17 -6.65 76.06 16.97 -6.65 76.8 17 -6.65 77.06
3 16 17 -6.65 88.5 63 -6.65 88.5 17 -6.65 77.06
2 24 17 -6.65 88.5 63 -6.65 88.5
4 16 17 -6.65 77.06 63 -6.65 88.5 63 -6.65 77.06 17 -6.65 76.06
3 16 63 -6.65 76.06 63.03 -6.65 76.8 63.13 -6.65 76.56
2 24 63.03 -6.65 76.8 63.13 -6.65 76.56
3 16 63 -6.65 76.06 63.13 -6.65 76.56 63.29 -6.65 76.36
2 24 63.13 -6.65 76.56 63.29 -6.65 76.36
3 16 63.29 -6.65 76.36 63.5 -6.65 76.2 63 -6.65 76.06
2 24 63.29 -6.65 76.36 63.5 -6.65 76.2
3 16 63 -6.65 76.06 63.5 -6.65 76.2 63.74 -6.65 76.1
2 24 63.5 -6.65 76.2 63.74 -6.65 76.1
3 16 63 -6.65 76.06 63.74 -6.65 76.1 64 -6.65 76.06
2 24 63.74 -6.65 76.1 64 -6.65 76.06
4 16 35.75 -6.65 50.5 63 -6.65 66.06 63.03 -6.65 65.32 63 -6.65 65.06
3 16 35.75 -6.65 50.5 63 -6.65 65.06 63 -6.65 24.62
3 16 64 -6.65 66.06 63.74 -6.65 66.03 63 -6.65 66.06
2 24 64 -6.65 66.06 63.74 -6.65 66.03
3 16 63 -6.65 66.06 63.74 -6.65 66.03 63.5 -6.65 65.93
2 24 63.74 -6.65 66.03 63.5 -6.65 65.93
3 16 63 -6.65 66.06 63.5 -6.65 65.93 63.29 -6.65 65.77
2 24 63.5 -6.65 65.93 63.29 -6.65 65.77
3 16 63.29 -6.65 65.77 63.13 -6.65 65.56 63 -6.65 66.06
2 24 63.29 -6.65 65.77 63.13 -6.65 65.56
3 16 63 -6.65 66.06 63.13 -6.65 65.56 63.03 -6.65 65.32
2 24 63.13 -6.65 65.56 63.03 -6.65 65.32
3 16 63.03 -6.65 24.37 63 -6.65 23.62 63 -6.65 24.62
4 16 63 -6.65 24.62 63 -6.65 23.62 58.05 -6.65 21.22 57.43 -6.65 21.8
2 24 57.43 -6.65 21.8 58.05 -6.65 21.22
3 16 63 -6.65 24.62 57.43 -6.65 21.8 56.67 -6.65 22.19
2 24 56.67 -6.65 22.19 57.43 -6.65 21.8
3 16 63.03 -6.65 24.37 63.13 -6.65 24.12 63 -6.65 23.62
2 24 63.03 -6.65 24.37 63.13 -6.65 24.12
3 16 63 -6.65 23.62 63.13 -6.65 24.12 63.29 -6.65 23.92
2 24 63.13 -6.65 24.12 63.29 -6.65 23.92
3 16 63 -6.65 23.62 63.29 -6.65 23.92 63.5 -6.65 23.76
2 24 63.29 -6.65 23.92 63.5 -6.65 23.76
3 16 63.5 -6.65 23.76 63.74 -6.65 23.66 63 -6.65 23.62
2 24 63.5 -6.65 23.76 63.74 -6.65 23.66
3 16 63 -6.65 23.62 63.74 -6.65 23.66 64 -6.65 23.62
2 24 63.74 -6.65 23.66 64 -6.65 23.62
3 16 58.05 -6.65 17.28 58.49 -6.65 18 63 -6.65 13.63
2 24 58.49 -6.65 18 58.05 -6.65 17.28
3 16 63 -6.65 13.63 58.49 -6.65 18 58.72 -6.65 18.82
2 24 58.72 -6.65 18.82 58.49 -6.65 18
4 16 63 -6.65 13.63 58.72 -6.65 18.82 58.72 -6.65 19.68 63 -6.65 23.62
2 24 58.72 -6.65 19.68 58.72 -6.65 18.82
2 24 63 -6.65 23.62 63 -6.65 13.63
3 16 63 -6.65 23.62 58.72 -6.65 19.68 58.49 -6.65 20.5
2 24 58.49 -6.65 20.5 58.72 -6.65 19.68
3 16 64 -6.65 13.63 63.74 -6.65 13.59 63 -6.65 13.63
2 24 64 -6.65 13.63 63.74 -6.65 13.59
3 16 63 -6.65 13.63 63.74 -6.65 13.59 63.5 -6.65 13.49
2 24 63.74 -6.65 13.59 63.5 -6.65 13.49
3 16 63 -6.65 13.63 63.5 -6.65 13.49 63.29 -6.65 13.33
2 24 63.5 -6.65 13.49 63.29 -6.65 13.33
3 16 63.29 -6.65 13.33 63.13 -6.65 13.13 63 -6.65 13.63
2 24 63.29 -6.65 13.33 63.13 -6.65 13.13
3 16 63 -6.65 13.63 63.13 -6.65 13.13 63.03 -6.65 12.88
2 24 63.13 -6.65 13.13 63.03 -6.65 12.88
3 16 63 -6.65 13.63 63.03 -6.65 12.88 63 -6.65 12.63
3 16 54.19 -6.65 16.48 54.99 -6.65 16.19 63 -6.65 3
2 24 54.99 -6.65 16.19 54.19 -6.65 16.48
3 16 63 -6.65 3 54.99 -6.65 16.19 55.84 -6.65 16.13
2 24 55.84 -6.65 16.13 54.99 -6.65 16.19
4 16 63 -6.65 3 55.84 -6.65 16.13 56.67 -6.65 16.31 63 -6.65 12.63
2 24 56.67 -6.65 16.31 55.84 -6.65 16.13
3 16 63 -6.65 12.63 56.67 -6.65 16.31 57.43 -6.65 16.7
2 24 57.43 -6.65 16.7 56.67 -6.65 16.31
3 16 24.59 -6.65 16.13 25.41 -6.65 16.3 17 -6.65 3
2 24 25.41 -6.65 16.3 24.59 -6.65 16.13
4 16 17 -6.65 3 25.41 -6.65 16.3 26.16 -6.65 16.69 63 -6.65 3
2 24 26.16 -6.65 16.69 25.41 -6.65 16.3
2 24 63 -6.65 3 17 -6.65 3
4 16 63 -6.65 3 26.16 -6.65 16.69 53.49 -6.65 16.97 54.19 -6.65 16.48
2 24 54.19 -6.65 16.48 53.49 -6.65 16.97
4 16 17 -6.65 3 17 -6.65 12.63 23.75 -6.65 16.19 24.59 -6.65 16.13
2 24 24.59 -6.65 16.13 23.75 -6.65 16.19
3 16 16.97 -6.65 12.88 17 -6.65 13.63 17 -6.65 12.63
4 16 17 -6.65 12.63 17 -6.65 13.63 22.33 -6.65 16.88 23 -6.65 16.45
2 24 23 -6.65 16.45 22.33 -6.65 16.88
3 16 17 -6.65 12.63 23 -6.65 16.45 23.75 -6.65 16.19
2 24 23.75 -6.65 16.19 23 -6.65 16.45
3 16 16.97 -6.65 12.88 16.87 -6.65 13.13 17 -6.65 13.63
2 24 16.97 -6.65 12.88 16.87 -6.65 13.13
3 16 17 -6.65 13.63 16.87 -6.65 13.13 16.71 -6.65 13.33
2 24 16.87 -6.65 13.13 16.71 -6.65 13.33
3 16 17 -6.65 13.63 16.71 -6.65 13.33 16.5 -6.65 13.49
2 24 16.71 -6.65 13.33 16.5 -6.65 13.49
3 16 16.5 -6.65 13.49 16.26 -6.65 13.59 17 -6.65 13.63
2 24 16.5 -6.65 13.49 16.26 -6.65 13.59
3 16 17 -6.65 13.63 16.26 -6.65 13.59 16 -6.65 13.63
2 24 16.26 -6.65 13.59 16 -6.65 13.63
3 16 16.87 -6.65 24.12 16.97 -6.65 24.37 17 -6.65 23.62
2 24 16.87 -6.65 24.12 16.97 -6.65 24.37
4 16 17 -6.65 23.62 16.97 -6.65 24.37 17 -6.65 24.62 20 -6.65 21.75
3 16 17 -6.65 23.62 20 -6.65 21.75 17 -6.65 13.63
2 24 17 -6.65 13.63 17 -6.65 23.62
4 16 17 -6.65 13.63 20 -6.65 21.75 21.29 -6.65 19.75 21.26 -6.65 18.96
2 24 21.26 -6.65 18.96 21.29 -6.65 19.75
3 16 17 -6.65 13.63 21.26 -6.65 18.96 21.44 -6.65 18.18
2 24 21.44 -6.65 18.18 21.26 -6.65 18.96
3 16 16 -6.65 23.62 16.26 -6.65 23.66 17 -6.65 23.62
2 24 16 -6.65 23.62 16.26 -6.65 23.66
3 16 17 -6.65 23.62 16.26 -6.65 23.66 16.5 -6.65 23.76
2 24 16.26 -6.65 23.66 16.5 -6.65 23.76
3 16 17 -6.65 23.62 16.5 -6.65 23.76 16.71 -6.65 23.92
2 24 16.5 -6.65 23.76 16.71 -6.65 23.92
3 16 16.71 -6.65 23.92 16.87 -6.65 24.12 17 -6.65 23.62
2 24 16.71 -6.65 23.92 16.87 -6.65 24.12
4 16 20 -6.65 21.75 17 -6.65 24.62 17 -6.65 65.06 20 -6.65 50.5
2 24 20 -6.65 21.75 20 -6.65 50.5
3 16 16.97 -6.65 65.32 16.87 -6.65 65.56 17 -6.65 66.06
2 24 16.97 -6.65 65.32 16.87 -6.65 65.56
3 16 17 -6.65 66.06 16.87 -6.65 65.56 16.71 -6.65 65.77
2 24 16.87 -6.65 65.56 16.71 -6.65 65.77
3 16 17 -6.65 66.06 16.71 -6.65 65.77 16.5 -6.65 65.93
2 24 16.71 -6.65 65.77 16.5 -6.65 65.93
3 16 16.5 -6.65 65.93 16.26 -6.65 66.03 17 -6.65 66.06
2 24 16.5 -6.65 65.93 16.26 -6.65 66.03
3 16 17 -6.65 66.06 16.26 -6.65 66.03 16 -6.65 66.06
2 24 16.26 -6.65 66.03 16 -6.65 66.06
4 16 53.49 -6.65 16.97 26.16 -6.65 16.69 35.75 -6.65 21.75 52.95 -6.65 17.63
2 24 53.49 -6.65 16.97 52.95 -6.65 17.63
3 16 35.75 -6.65 21.75 26.16 -6.65 16.69 26.78 -6.65 17.26
2 24 26.78 -6.65 17.26 26.16 -6.65 16.69
3 16 35.75 -6.65 21.75 26.78 -6.65 17.26 27.23 -6.65 17.97
2 24 27.23 -6.65 17.97 26.78 -6.65 17.26
3 16 27.23 -6.65 17.97 27.46 -6.65 18.78 35.75 -6.65 21.75
2 24 27.46 -6.65 18.78 27.23 -6.65 17.97
3 16 35.75 -6.65 21.75 27.46 -6.65 18.78 27.48 -6.65 19.62
2 24 27.48 -6.65 19.62 27.46 -6.65 18.78
3 16 35.75 -6.65 21.75 27.48 -6.65 19.62 27.27 -6.65 20.43
2 24 27.27 -6.65 20.43 27.48 -6.65 19.62
3 16 27.27 -6.65 20.43 26.85 -6.65 21.16 35.75 -6.65 21.75
2 24 26.85 -6.65 21.16 27.27 -6.65 20.43
3 16 35.75 -6.65 21.75 26.85 -6.65 21.16 26.25 -6.65 21.75
2 24 26.25 -6.65 21.75 26.85 -6.65 21.16
2 24 35.75 -6.65 21.75 26.25 -6.65 21.75
3 16 56.67 -6.65 22.19 55.84 -6.65 22.37 63 -6.65 24.62
2 24 55.84 -6.65 22.37 56.67 -6.65 22.19
4 16 63 -6.65 24.62 55.84 -6.65 22.37 54.99 -6.65 22.31 35.75 -6.65 50.5
2 24 54.99 -6.65 22.31 55.84 -6.65 22.37
3 16 35.75 -6.65 50.5 54.99 -6.65 22.31 54.19 -6.65 22.02
2 24 54.19 -6.65 22.02 54.99 -6.65 22.31
4 16 35.75 -6.65 50.5 54.19 -6.65 22.02 53.49 -6.65 21.53 35.75 -6.65 21.75
2 24 53.49 -6.65 21.53 54.19 -6.65 22.02
2 24 35.75 -6.65 50.5 35.75 -6.65 21.75
3 16 35.75 -6.65 21.75 53.49 -6.65 21.53 52.95 -6.65 20.87
2 24 52.95 -6.65 20.87 53.49 -6.65 21.53
3 16 22.5 -6.65 21.75 21.93 -6.65 21.2 20 -6.65 21.75
2 24 21.93 -6.65 21.2 22.5 -6.65 21.75
2 24 22.5 -6.65 21.75 20 -6.65 21.75
3 16 20 -6.65 21.75 21.93 -6.65 21.2 21.52 -6.65 20.52
2 24 21.52 -6.65 20.52 21.93 -6.65 21.2
3 16 20 -6.65 21.75 21.52 -6.65 20.52 21.29 -6.65 19.75
2 24 21.29 -6.65 19.75 21.52 -6.65 20.52
3 16 21.44 -6.65 18.18 21.8 -6.65 17.48 17 -6.65 13.63
2 24 21.8 -6.65 17.48 21.44 -6.65 18.18
3 16 17 -6.65 13.63 21.8 -6.65 17.48 22.33 -6.65 16.88
2 24 22.33 -6.65 16.88 21.8 -6.65 17.48
3 16 52.62 -6.65 20.09 52.5 -6.65 19.25 35.75 -6.65 21.75
2 24 52.5 -6.65 19.25 52.62 -6.65 20.09
3 16 35.75 -6.65 21.75 52.5 -6.65 19.25 52.62 -6.65 18.41
2 24 52.62 -6.65 18.41 52.5 -6.65 19.25
3 16 35.75 -6.65 21.75 52.62 -6.65 18.41 52.95 -6.65 17.63
2 24 52.95 -6.65 17.63 52.62 -6.65 18.41
4 16 63 -6.65 12.63 57.43 -6.65 16.7 58.05 -6.65 17.28 63 -6.65 13.63
2 24 58.05 -6.65 17.28 57.43 -6.65 16.7
3 16 58.49 -6.65 20.5 58.05 -6.65 21.22 63 -6.65 23.62
2 24 58.05 -6.65 21.22 58.49 -6.65 20.5
3 16 52.95 -6.65 20.87 52.62 -6.65 20.09 35.75 -6.65 21.75
2 24 52.62 -6.65 20.09 52.95 -6.65 20.87

3 16 20 -9.65 21.75 35.75 -9.65 21.75 26.25 -8.15 21.75
4 16 26.25 -8.15 21.75 35.75 -9.65 21.75 35.75 -6.65 21.75 26.25 -6.65 21.75
2 24 35.75 -6.65 21.75 35.75 -9.65 21.75
2 24 26.25 -6.65 21.75 26.25 -8.15 21.75
3 16 26.25 -8.15 21.75 22.5 -8.15 21.75 20 -9.65 21.75
2 24 22.5 -8.15 21.75 26.25 -8.15 21.75
4 16 20 -9.65 21.75 22.5 -8.15 21.75 22.5 -6.65 21.75 20 -6.65 21.75
2 24 22.5 -8.15 21.75 22.5 -6.65 21.75
2 24 20 -9.65 21.75 20 -6.65 21.75

3 16 22.5 -8.15 21.75 26.25 -8.15 21.75 21.89 -8.15 21.14
2 24 21.89 -8.15 21.14 22.5 -8.15 21.75
4 16 21.89 -8.15 21.14 26.25 -8.15 21.75 26.86 -8.15 21.14 21.46 -8.15 20.39
2 24 26.25 -8.15 21.75 26.86 -8.15 21.14
2 24 21.46 -8.15 20.39 21.89 -8.15 21.14
4 16 21.46 -8.15 20.39 26.86 -8.15 21.14 27.29 -8.15 20.39 21.26 -8.15 19.55
2 24 26.86 -8.15 21.14 27.29 -8.15 20.39
2 24 21.26 -8.15 19.55 21.46 -8.15 20.39
4 16 21.26 -8.15 19.55 27.29 -8.15 20.39 27.49 -8.15 19.55 21.3 -8.15 18.68
2 24 27.29 -8.15 20.39 27.49 -8.15 19.55
2 24 21.3 -8.15 18.68 21.26 -8.15 19.55
4 16 21.3 -8.15 18.68 27.49 -8.15 19.55 27.45 -8.15 18.68 21.58 -8.15 17.86
2 24 27.49 -8.15 19.55 27.45 -8.15 18.68
2 24 21.58 -8.15 17.86 21.3 -8.15 18.68
4 16 21.58 -8.15 17.86 27.45 -8.15 18.68 27.17 -8.15 17.86 22.06 -8.15 17.15
2 24 27.45 -8.15 18.68 27.17 -8.15 17.86
2 24 22.06 -8.15 17.15 21.58 -8.15 17.86
4 16 22.06 -8.15 17.15 27.17 -8.15 17.86 26.69 -8.15 17.15 22.73 -8.15 16.59
2 24 27.17 -8.15 17.86 26.69 -8.15 17.15
2 24 22.73 -8.15 16.59 22.06 -8.15 17.15
4 16 22.73 -8.15 16.59 26.69 -8.15 17.15 26.02 -8.15 16.59 23.52 -8.15 16.24
2 24 26.69 -8.15 17.15 26.02 -8.15 16.59
2 24 23.52 -8.15 16.24 22.73 -8.15 16.59
4 16 23.52 -8.15 16.24 26.02 -8.15 16.59 25.23 -8.15 16.24 24.38 -8.15 16.12
2 24 26.02 -8.15 16.59 25.23 -8.15 16.24
2 24 25.23 -8.15 16.24 24.38 -8.15 16.12
2 24 24.38 -8.15 16.12 23.52 -8.15 16.24

3 16 55.79 -8.15 16.13 54.94 -8.15 16.2 56.62 -8.15 16.29
2 24 55.79 -8.15 16.13 54.94 -8.15 16.2
2 24 56.62 -8.15 16.29 55.79 -8.15 16.13
4 16 56.62 -8.15 16.29 54.94 -8.15 16.2 54.14 -8.15 16.5 57.39 -8.15 16.67
2 24 54.94 -8.15 16.2 54.14 -8.15 16.5
2 24 57.39 -8.15 16.67 56.62 -8.15 16.29
4 16 57.39 -8.15 16.67 54.14 -8.15 16.5 53.46 -8.15 17 58.02 -8.15 17.24
2 24 54.14 -8.15 16.5 53.46 -8.15 17
2 24 58.02 -8.15 17.24 57.39 -8.15 16.67
4 16 58.02 -8.15 17.24 53.46 -8.15 17 52.93 -8.15 17.67 58.47 -8.15 17.96
2 24 53.46 -8.15 17 52.93 -8.15 17.67
2 24 58.47 -8.15 17.96 58.02 -8.15 17.24
4 16 58.47 -8.15 17.96 52.93 -8.15 17.67 52.6 -8.15 18.46 58.71 -8.15 18.77
2 24 52.93 -8.15 17.67 52.6 -8.15 18.46
2 24 58.71 -8.15 18.77 58.47 -8.15 17.96
4 16 58.71 -8.15 18.77 52.6 -8.15 18.46 52.5 -8.15 19.3 58.73 -8.15 19.62
2 24 52.6 -8.15 18.46 52.5 -8.15 19.3
2 24 58.73 -8.15 19.62 58.71 -8.15 18.77
4 16 58.73 -8.15 19.62 52.5 -8.15 19.3 52.63 -8.15 20.14 58.51 -8.15 20.45
2 24 52.5 -8.15 19.3 52.63 -8.15 20.14
2 24 58.51 -8.15 20.45 58.73 -8.15 19.62
4 16 58.51 -8.15 20.45 52.63 -8.15 20.14 52.98 -8.15 20.92 58.08 -8.15 21.18
2 24 52.63 -8.15 20.14 52.98 -8.15 20.92
2 24 58.08 -8.15 21.18 58.51 -8.15 20.45
4 16 58.08 -8.15 21.18 52.98 -8.15 20.92 53.53 -8.15 21.57 57.47 -8.15 21.77
2 24 52.98 -8.15 20.92 53.53 -8.15 21.57
2 24 57.47 -8.15 21.77 58.08 -8.15 21.18
4 16 57.47 -8.15 21.77 53.53 -8.15 21.57 54.23 -8.15 22.05 56.72 -8.15 22.18
2 24 53.53 -8.15 21.57 54.23 -8.15 22.05
2 24 56.72 -8.15 22.18 57.47 -8.15 21.77
4 16 56.72 -8.15 22.18 54.23 -8.15 22.05 55.04 -8.15 22.32 55.89 -8.15 22.36
2 24 54.23 -8.15 22.05 55.04 -8.15 22.32
2 24 55.04 -8.15 22.32 55.89 -8.15 22.36
2 24 55.89 -8.15 22.36 56.72 -8.15 22.18

4 16 20 -9.65 21.75 20 -6.65 21.75 20 -6.65 50.5 20 -9.65 50.5
2 24 20 -6.65 50.5 20 -9.65 50.5
4 16 35.75 -9.65 21.75 35.75 -9.65 50.5 35.75 -6.65 50.5 35.75 -6.65 21.75
2 24 35.75 -9.65 50.5 35.75 -6.65 50.5
4 16 22.5 -6.65 21.75 22.5 -8.15 21.75 21.89 -8.15 21.14 21.93 -6.65 21.2
5 24 21.89 -8.15 21.14 21.93 -6.65 21.2 22.5 -6.65 21.75 21.52 -6.65 20.52
3 16 21.93 -6.65 21.2 21.89 -8.15 21.14 21.52 -6.65 20.52
5 24 21.89 -8.15 21.14 21.52 -6.65 20.52 21.93 -6.65 21.2 21.46 -8.15 20.39
3 16 21.52 -6.65 20.52 21.89 -8.15 21.14 21.46 -8.15 20.39
5 24 21.46 -8.15 20.39 21.52 -6.65 20.52 21.89 -8.15 21.14 21.29 -6.65 19.75
3 16 21.52 -6.65 20.52 21.46 -8.15 20.39 21.29 -6.65 19.75
5 24 21.46 -8.15 20.39 21.29 -6.65 19.75 21.52 -6.65 20.52 21.26 -8.15 19.55
3 16 21.29 -6.65 19.75 21.46 -8.15 20.39 21.26 -8.15 19.55
5 24 21.26 -8.15 19.55 21.29 -6.65 19.75 21.46 -8.15 20.39 21.26 -6.65 18.96
3 16 21.29 -6.65 19.75 21.26 -8.15 19.55 21.26 -6.65 18.96
5 24 21.26 -8.15 19.55 21.26 -6.65 18.96 21.29 -6.65 19.75 21.3 -8.15 18.68
3 16 21.26 -6.65 18.96 21.26 -8.15 19.55 21.3 -8.15 18.68
5 24 21.3 -8.15 18.68 21.26 -6.65 18.96 21.26 -8.15 19.55 21.44 -6.65 18.18
3 16 21.26 -6.65 18.96 21.3 -8.15 18.68 21.44 -6.65 18.18
5 24 21.3 -8.15 18.68 21.44 -6.65 18.18 21.26 -6.65 18.96 21.58 -8.15 17.86
3 16 21.44 -6.65 18.18 21.3 -8.15 18.68 21.58 -8.15 17.86
5 24 21.58 -8.15 17.86 21.44 -6.65 18.18 21.3 -8.15 18.68 21.8 -6.65 17.48
3 16 21.44 -6.65 18.18 21.58 -8.15 17.86 21.8 -6.65 17.48
5 24 21.58 -8.15 17.86 21.8 -6.65 17.48 21.44 -6.65 18.18 22.06 -8.15 17.15
3 16 21.8 -6.65 17.48 21.58 -8.15 17.86 22.06 -8.15 17.15
5 24 22.06 -8.15 17.15 21.8 -6.65 17.48 21.58 -8.15 17.86 22.33 -6.65 16.88
3 16 21.8 -6.65 17.48 22.06 -8.15 17.15 22.33 -6.65 16.88
5 24 22.06 -8.15 17.15 22.33 -6.65 16.88 21.8 -6.65 17.48 22.73 -8.15 16.59
3 16 22.33 -6.65 16.88 22.06 -8.15 17.15 22.73 -8.15 16.59
5 24 22.73 -8.15 16.59 22.33 -6.65 16.88 22.06 -8.15 17.15 23 -6.65 16.45
3 16 22.33 -6.65 16.88 22.73 -8.15 16.59 23 -6.65 16.45
5 24 22.73 -8.15 16.59 23 -6.65 16.45 22.33 -6.65 16.88 23.52 -8.15 16.24
3 16 23 -6.65 16.45 22.73 -8.15 16.59 23.52 -8.15 16.24
5 24 23.52 -8.15 16.24 23 -6.65 16.45 22.73 -8.15 16.59 23.75 -6.65 16.19
3 16 23 -6.65 16.45 23.52 -8.15 16.24 23.75 -6.65 16.19
5 24 23.52 -8.15 16.24 23.75 -6.65 16.19 23 -6.65 16.45 24.38 -8.15 16.12
3 16 23.75 -6.65 16.19 23.52 -8.15 16.24 24.38 -8.15 16.12
5 24 24.38 -8.15 16.12 23.75 -6.65 16.19 23.52 -8.15 16.24 24.59 -6.65 16.13
3 16 23.75 -6.65 16.19 24.38 -8.15 16.12 24.59 -6.65 16.13
5 24 24.38 -8.15 16.12 24.59 -6.65 16.13 23.75 -6.65 16.19 25.23 -8.15 16.24
3 16 24.59 -6.65 16.13 24.38 -8.15 16.12 25.23 -8.15 16.24
5 24 25.23 -8.15 16.24 24.59 -6.65 16.13 24.38 -8.15 16.12 25.41 -6.65 16.3
3 16 24.59 -6.65 16.13 25.23 -8.15 16.24 25.41 -6.65 16.3
5 24 25.23 -8.15 16.24 25.41 -6.65 16.3 24.59 -6.65 16.13 26.02 -8.15 16.59
3 16 25.41 -6.65 16.3 25.23 -8.15 16.24 26.02 -8.15 16.59
5 24 26.02 -8.15 16.59 25.41 -6.65 16.3 25.23 -8.15 16.24 26.16 -6.65 16.69
3 16 25.41 -6.65 16.3 26.02 -8.15 16.59 26.16 -6.65 16.69
5 24 26.02 -8.15 16.59 26.16 -6.65 16.69 25.41 -6.65 16.3 26.69 -8.15 17.15
3 16 26.16 -6.65 16.69 26.02 -8.15 16.59 26.69 -8.15 17.15
5 24 26.69 -8.15 17.15 26.16 -6.65 16.69 26.02 -8.15 16.59 26.78 -6.65 17.26
3 16 26.16 -6.65 16.69 26.69 -8.15 17.15 26.78 -6.65 17.26
5 24 26.69 -8.15 17.15 26.78 -6.65 17.26 26.16 -6.65 16.69 27.17 -8.15 17.86
3 16 26.78 -6.65 17.26 26.69 -8.15 17.15 27.17 -8.15 17.86
5 24 27.17 -8.15 17.86 26.78 -6.65 17.26 26.69 -8.15 17.15 27.23 -6.65 17.97
3 16 26.78 -6.65 17.26 27.17 -8.15 17.86 27.23 -6.65 17.97
5 24 27.17 -8.15 17.86 27.23 -6.65 17.97 26.78 -6.65 17.26 27.45 -8.15 18.68
3 16 27.23 -6.65 17.97 27.17 -8.15 17.86 27.45 -8.15 18.68
5 24 27.45 -8.15 18.68 27.23 -6.65 17.97 27.17 -8.15 17.86 27.46 -6.65 18.78
3 16 27.23 -6.65 17.97 27.45 -8.15 18.68 27.46 -6.65 18.78
5 24 27.45 -8.15 18.68 27.46 -6.65 18.78 27.23 -6.65 17.97 27.49 -8.15 19.55
3 16 27.46 -6.65 18.78 27.45 -8.15 18.68 27.49 -8.15 19.55
5 24 27.49 -8.15 19.55 27.46 -6.65 18.78 27.45 -8.15 18.68 27.48 -6.65 19.62
3 16 27.46 -6.65 18.78 27.49 -8.15 19.55 27.48 -6.65 19.62
5 24 27.49 -8.15 19.55 27.48 -6.65 19.62 27.46 -6.65 18.78 27.29 -8.15 20.39
3 16 27.48 -6.65 19.62 27.49 -8.15 19.55 27.29 -8.15 20.39
5 24 27.29 -8.15 20.39 27.48 -6.65 19.62 27.49 -8.15 19.55 27.27 -6.65 20.43
3 16 27.48 -6.65 19.62 27.29 -8.15 20.39 27.27 -6.65 20.43
5 24 27.29 -8.15 20.39 27.27 -6.65 20.43 27.48 -6.65 19.62 26.86 -8.15 21.14
4 16 27.27 -6.65 20.43 27.29 -8.15 20.39 26.86 -8.15 21.14 26.85 -6.65 21.16
5 24 26.86 -8.15 21.14 26.85 -6.65 21.16 27.27 -6.65 20.43 26.25 -8.15 21.75
4 16 26.85 -6.65 21.16 26.86 -8.15 21.14 26.25 -8.15 21.75 26.25 -6.65 21.75
4 16 17.75 -2.4 66.06 17 -1.65 66.06 17 -1.65 76.06 17.75 -2.4 76.06
2 24 17.75 -2.4 76.06 17.75 -2.4 66.06
3 16 58.51 -8.15 20.45 58.72 -6.65 19.68 58.73 -8.15 19.62
5 24 58.51 -8.15 20.45 58.72 -6.65 19.68 58.73 -8.15 19.62 58.49 -6.65 20.5
5 24 58.72 -6.65 19.68 58.73 -8.15 19.62 58.51 -8.15 20.45 58.72 -6.65 18.82
3 16 58.73 -8.15 19.62 58.72 -6.65 19.68 58.72 -6.65 18.82
5 24 58.72 -6.65 18.82 58.73 -8.15 19.62 58.72 -6.65 19.68 58.71 -8.15 18.77
3 16 58.73 -8.15 19.62 58.72 -6.65 18.82 58.71 -8.15 18.77
5 24 58.72 -6.65 18.82 58.71 -8.15 18.77 58.73 -8.15 19.62 58.49 -6.65 18
3 16 58.71 -8.15 18.77 58.72 -6.65 18.82 58.49 -6.65 18
5 24 58.49 -6.65 18 58.71 -8.15 18.77 58.72 -6.65 18.82 58.47 -8.15 17.96
3 16 58.71 -8.15 18.77 58.49 -6.65 18 58.47 -8.15 17.96
5 24 58.49 -6.65 18 58.47 -8.15 17.96 58.71 -8.15 18.77 58.05 -6.65 17.28
3 16 58.47 -8.15 17.96 58.49 -6.65 18 58.05 -6.65 17.28
5 24 58.05 -6.65 17.28 58.47 -8.15 17.96 58.49 -6.65 18 58.02 -8.15 17.24
3 16 58.47 -8.15 17.96 58.05 -6.65 17.28 58.02 -8.15 17.24
5 24 58.05 -6.65 17.28 58.02 -8.15 17.24 58.47 -8.15 17.96 57.43 -6.65 16.7
3 16 58.02 -8.15 17.24 58.05 -6.65 17.28 57.43 -6.65 16.7
5 24 57.43 -6.65 16.7 58.02 -8.15 17.24 58.05 -6.65 17.28 57.39 -8.15 16.67
3 16 58.02 -8.15 17.24 57.43 -6.65 16.7 57.39 -8.15 16.67
5 24 57.43 -6.65 16.7 57.39 -8.15 16.67 58.02 -8.15 17.24 56.67 -6.65 16.31
3 16 57.39 -8.15 16.67 57.43 -6.65 16.7 56.67 -6.65 16.31
5 24 56.67 -6.65 16.31 57.39 -8.15 16.67 57.43 -6.65 16.7 56.62 -8.15 16.29
3 16 57.39 -8.15 16.67 56.67 -6.65 16.31 56.62 -8.15 16.29
5 24 56.67 -6.65 16.31 56.62 -8.15 16.29 57.39 -8.15 16.67 55.84 -6.65 16.13
3 16 56.62 -8.15 16.29 56.67 -6.65 16.31 55.84 -6.65 16.13
5 24 55.84 -6.65 16.13 56.62 -8.15 16.29 56.67 -6.65 16.31 55.79 -8.15 16.13
3 16 56.62 -8.15 16.29 55.84 -6.65 16.13 55.79 -8.15 16.13
5 24 55.84 -6.65 16.13 55.79 -8.15 16.13 56.62 -8.15 16.29 54.99 -6.65 16.19
3 16 55.79 -8.15 16.13 55.84 -6.65 16.13 54.99 -6.65 16.19
5 24 54.99 -6.65 16.19 55.79 -8.15 16.13 55.84 -6.65 16.13 54.94 -8.15 16.2
3 16 55.79 -8.15 16.13 54.99 -6.65 16.19 54.94 -8.15 16.2
5 24 54.99 -6.65 16.19 54.94 -8.15 16.2 55.79 -8.15 16.13 54.19 -6.65 16.48
3 16 54.94 -8.15 16.2 54.99 -6.65 16.19 54.19 -6.65 16.48
5 24 54.19 -6.65 16.48 54.94 -8.15 16.2 54.99 -6.65 16.19 54.14 -8.15 16.5
3 16 54.94 -8.15 16.2 54.19 -6.65 16.48 54.14 -8.15 16.5
5 24 54.19 -6.65 16.48 54.14 -8.15 16.5 54.94 -8.15 16.2 53.49 -6.65 16.97
3 16 54.14 -8.15 16.5 54.19 -6.65 16.48 53.49 -6.65 16.97
5 24 53.49 -6.65 16.97 54.14 -8.15 16.5 54.19 -6.65 16.48 53.46 -8.15 17
3 16 54.14 -8.15 16.5 53.49 -6.65 16.97 53.46 -8.15 17
5 24 53.49 -6.65 16.97 53.46 -8.15 17 54.14 -8.15 16.5 52.95 -6.65 17.63
3 16 53.46 -8.15 17 53.49 -6.65 16.97 52.95 -6.65 17.63
5 24 52.95 -6.65 17.63 53.46 -8.15 17 53.49 -6.65 16.97 52.93 -8.15 17.67
3 16 53.46 -8.15 17 52.95 -6.65 17.63 52.93 -8.15 17.67
5 24 52.95 -6.65 17.63 52.93 -8.15 17.67 53.46 -8.15 17 52.62 -6.65 18.41
3 16 52.93 -8.15 17.67 52.95 -6.65 17.63 52.62 -6.65 18.41
5 24 52.62 -6.65 18.41 52.93 -8.15 17.67 52.95 -6.65 17.63 52.6 -8.15 18.46
3 16 52.93 -8.15 17.67 52.62 -6.65 18.41 52.6 -8.15 18.46
5 24 52.62 -6.65 18.41 52.6 -8.15 18.46 52.93 -8.15 17.67 52.5 -6.65 19.25
3 16 52.6 -8.15 18.46 52.62 -6.65 18.41 52.5 -6.65 19.25
5 24 52.5 -6.65 19.25 52.6 -8.15 18.46 52.62 -6.65 18.41 52.5 -8.15 19.3
3 16 52.6 -8.15 18.46 52.5 -6.65 19.25 52.5 -8.15 19.3
5 24 52.5 -6.65 19.25 52.5 -8.15 19.3 52.6 -8.15 18.46 52.62 -6.65 20.09
3 16 52.5 -8.15 19.3 52.5 -6.65 19.25 52.62 -6.65 20.09
5 24 52.62 -6.65 20.09 52.5 -8.15 19.3 52.5 -6.65 19.25 52.63 -8.15 20.14
3 16 52.5 -8.15 19.3 52.62 -6.65 20.09 52.63 -8.15 20.14
5 24 52.62 -6.65 20.09 52.63 -8.15 20.14 52.5 -8.15 19.3 52.95 -6.65 20.87
3 16 52.63 -8.15 20.14 52.62 -6.65 20.09 52.95 -6.65 20.87
5 24 52.95 -6.65 20.87 52.63 -8.15 20.14 52.62 -6.65 20.09 52.98 -8.15 20.92
3 16 52.63 -8.15 20.14 52.95 -6.65 20.87 52.98 -8.15 20.92
5 24 52.95 -6.65 20.87 52.98 -8.15 20.92 52.63 -8.15 20.14 53.49 -6.65 21.53
3 16 52.98 -8.15 20.92 52.95 -6.65 20.87 53.49 -6.65 21.53
5 24 53.49 -6.65 21.53 52.98 -8.15 20.92 52.95 -6.65 20.87 53.53 -8.15 21.57
3 16 52.98 -8.15 20.92 53.49 -6.65 21.53 53.53 -8.15 21.57
5 24 53.49 -6.65 21.53 53.53 -8.15 21.57 52.98 -8.15 20.92 54.19 -6.65 22.02
3 16 53.53 -8.15 21.57 53.49 -6.65 21.53 54.19 -6.65 22.02
5 24 54.19 -6.65 22.02 53.53 -8.15 21.57 53.49 -6.65 21.53 54.23 -8.15 22.05
3 16 53.53 -8.15 21.57 54.19 -6.65 22.02 54.23 -8.15 22.05
5 24 54.19 -6.65 22.02 54.23 -8.15 22.05 53.53 -8.15 21.57 54.99 -6.65 22.31
3 16 54.23 -8.15 22.05 54.19 -6.65 22.02 54.99 -6.65 22.31
5 24 54.99 -6.65 22.31 54.23 -8.15 22.05 54.19 -6.65 22.02 55.04 -8.15 22.32
3 16 54.23 -8.15 22.05 54.99 -6.65 22.31 55.04 -8.15 22.32
5 24 54.99 -6.65 22.31 55.04 -8.15 22.32 54.23 -8.15 22.05 55.84 -6.65 22.37
3 16 55.04 -8.15 22.32 54.99 -6.65 22.31 55.84 -6.65 22.37
5 24 55.84 -6.65 22.37 55.04 -8.15 22.32 54.99 -6.65 22.31 55.89 -8.15 22.36
3 16 55.04 -8.15 22.32 55.84 -6.65 22.37 55.89 -8.15 22.36
5 24 55.84 -6.65 22.37 55.89 -8.15 22.36 55.04 -8.15 22.32 56.67 -6.65 22.19
3 16 55.89 -8.15 22.36 55.84 -6.65 22.37 56.67 -6.65 22.19
5 24 56.67 -6.65 22.19 55.89 -8.15 22.36 55.84 -6.65 22.37 56.72 -8.15 22.18
3 16 55.89 -8.15 22.36 56.67 -6.65 22.19 56.72 -8.15 22.18
5 24 56.67 -6.65 22.19 56.72 -8.15 22.18 55.89 -8.15 22.36 57.43 -6.65 21.8
3 16 56.72 -8.15 22.18 56.67 -6.65 22.19 57.43 -6.65 21.8
5 24 57.43 -6.65 21.8 56.72 -8.15 22.18 56.67 -6.65 22.19 57.47 -8.15 21.77
3 16 56.72 -8.15 22.18 57.43 -6.65 21.8 57.47 -8.15 21.77
5 24 57.43 -6.65 21.8 57.47 -8.15 21.77 56.72 -8.15 22.18 58.05 -6.65 21.22
3 16 57.47 -8.15 21.77 57.43 -6.65 21.8 58.05 -6.65 21.22
5 24 58.05 -6.65 21.22 57.47 -8.15 21.77 57.43 -6.65 21.8 58.08 -8.15 21.18
3 16 57.47 -8.15 21.77 58.05 -6.65 21.22 58.08 -8.15 21.18
5 24 58.05 -6.65 21.22 58.08 -8.15 21.18 57.47 -8.15 21.77 58.49 -6.65 20.5
3 16 58.08 -8.15 21.18 58.05 -6.65 21.22 58.49 -6.65 20.5
5 24 58.49 -6.65 20.5 58.08 -8.15 21.18 58.05 -6.65 21.22 58.51 -8.15 20.45
3 16 58.08 -8.15 21.18 58.49 -6.65 20.5 58.51 -8.15 20.45
5 24 58.49 -6.65 20.5 58.51 -8.15 20.45 58.08 -8.15 21.18 58.72 -6.65 19.68
3 16 58.51 -8.15 20.45 58.49 -6.65 20.5 58.72 -6.65 19.68
4 16 17.75 -2.9 66.06 17.75 -2.4 66.06 17.75 -2.4 76.06 17.75 -2.9 76.06
2 24 17.75 -2.9 76.06 17.75 -2.9 66.06
4 16 17 -3.65 66.06 17.75 -2.9 66.06 17.75 -2.9 76.06 17 -3.65 76.06
2 24 17 -3.65 76.06 17 -3.65 66.06
4 16 62.25 -2.9 66.06 63 -3.65 66.06 63 -3.65 76.06 62.25 -2.9 76.06
2 24 63 -3.65 66.06 63 -3.65 76.06
2 24 62.25 -2.9 76.06 62.25 -2.9 66.06
4 16 62.25 -2.4 66.06 62.25 -2.9 66.06 62.25 -2.9 76.06 62.25 -2.4 76.06
2 24 62.25 -2.4 76.06 62.25 -2.4 66.06
4 16 63 -1.65 66.06 62.25 -2.4 66.06 62.25 -2.4 76.06 63 -1.65 76.06
4 16 63 -3.65 76.06 63 -3.65 66.06 63 -6.65 66.06 63 -6.65 76.06
4 16 17.75 -2.4 13.63 17 -1.65 13.63 17 -1.65 23.62 17.75 -2.4 23.62
2 24 17.75 -2.4 23.62 17.75 -2.4 13.63
4 16 17.75 -2.9 13.63 17.75 -2.4 13.63 17.75 -2.4 23.62 17.75 -2.9 23.62
2 24 17.75 -2.9 23.62 17.75 -2.9 13.63
4 16 17 -3.65 13.63 17.75 -2.9 13.63 17.75 -2.9 23.62 17 -3.65 23.62
2 24 17 -3.65 23.62 17 -3.65 13.63
4 16 62.25 -2.9 13.63 63 -3.65 13.63 63 -3.65 23.62 62.25 -2.9 23.62
2 24 63 -3.65 13.63 63 -3.65 23.62
2 24 62.25 -2.9 23.62 62.25 -2.9 13.63
4 16 62.25 -2.4 13.63 62.25 -2.9 13.63 62.25 -2.9 23.62 62.25 -2.4 23.62
2 24 62.25 -2.4 23.62 62.25 -2.4 13.63
4 16 63 -1.65 13.63 62.25 -2.4 13.63 62.25 -2.4 23.62 63 -1.65 23.62
4 16 63 -3.65 23.62 63 -3.65 13.63 63 -6.65 13.63 63 -6.65 23.62
4 16 65.97 -1.65 22.88 65.87 -1.65 23.12 65.87 -9.65 23.12 65.97 -9.65 22.88
5 24 65.87 -1.65 23.12 65.87 -9.65 23.12 65.97 -9.65 22.88 65.71 -1.65 23.33
4 16 65.87 -1.65 23.12 65.71 -1.65 23.33 65.71 -9.65 23.33 65.87 -9.65 23.12
5 24 65.71 -1.65 23.33 65.71 -9.65 23.33 65.87 -9.65 23.12 65.5 -1.65 23.49
4 16 65.71 -1.65 23.33 65.5 -1.65 23.49 65.5 -9.65 23.49 65.71 -9.65 23.33
5 24 65.5 -1.65 23.49 65.5 -9.65 23.49 65.71 -9.65 23.33 65.26 -1.65 23.59
4 16 65.5 -1.65 23.49 65.26 -1.65 23.59 65.26 -9.65 23.59 65.5 -9.65 23.49
5 24 65.26 -1.65 23.59 65.26 -9.65 23.59 65.5 -9.65 23.49 65 -1.65 23.62
4 16 65.26 -1.65 23.59 65 -1.65 23.62 65 -9.65 23.62 65.26 -9.65 23.59
4 16 65 -1.65 13.63 65.26 -1.65 13.66 65.26 -9.65 13.66 65 -9.65 13.63
5 24 65.26 -1.65 13.66 65.26 -9.65 13.66 65 -9.65 13.63 65.5 -1.65 13.76
4 16 65.26 -1.65 13.66 65.5 -1.65 13.76 65.5 -9.65 13.76 65.26 -9.65 13.66
5 24 65.5 -1.65 13.76 65.5 -9.65 13.76 65.26 -9.65 13.66 65.71 -1.65 13.92
4 16 65.5 -1.65 13.76 65.71 -1.65 13.92 65.71 -9.65 13.92 65.5 -9.65 13.76
5 24 65.71 -1.65 13.92 65.71 -9.65 13.92 65.5 -9.65 13.76 65.87 -1.65 14.13
4 16 65.71 -1.65 13.92 65.87 -1.65 14.13 65.87 -9.65 14.13 65.71 -9.65 13.92
5 24 65.87 -1.65 14.13 65.87 -9.65 14.13 65.71 -9.65 13.92 65.97 -1.65 14.37
4 16 65.87 -1.65 14.13 65.97 -1.65 14.37 65.97 -9.65 14.37 65.87 -9.65 14.13
4 16 15 -1.65 23.62 14.74 -1.65 23.59 14.74 -9.65 23.59 15 -9.65 23.62
5 24 14.74 -1.65 23.59 14.74 -9.65 23.59 15 -9.65 23.62 14.5 -1.65 23.49
4 16 14.74 -1.65 23.59 14.5 -1.65 23.49 14.5 -9.65 23.49 14.74 -9.65 23.59
5 24 14.5 -1.65 23.49 14.5 -9.65 23.49 14.74 -9.65 23.59 14.29 -1.65 23.33
4 16 14.5 -1.65 23.49 14.29 -1.65 23.33 14.29 -9.65 23.33 14.5 -9.65 23.49
5 24 14.29 -1.65 23.33 14.29 -9.65 23.33 14.5 -9.65 23.49 14.13 -1.65 23.12
4 16 14.29 -1.65 23.33 14.13 -1.65 23.12 14.13 -9.65 23.12 14.29 -9.65 23.33
5 24 14.13 -1.65 23.12 14.13 -9.65 23.12 14.29 -9.65 23.33 14.03 -1.65 22.88
4 16 14.13 -1.65 23.12 14.03 -1.65 22.88 14.03 -9.65 22.88 14.13 -9.65 23.12
4 16 14.03 -1.65 14.37 14.13 -1.65 14.13 14.13 -9.65 14.13 14.03 -9.65 14.37
5 24 14.13 -1.65 14.13 14.13 -9.65 14.13 14.03 -9.65 14.37 14.29 -1.65 13.92
4 16 14.13 -1.65 14.13 14.29 -1.65 13.92 14.29 -9.65 13.92 14.13 -9.65 14.13
5 24 14.29 -1.65 13.92 14.29 -9.65 13.92 14.13 -9.65 14.13 14.5 -1.65 13.76
4 16 14.29 -1.65 13.92 14.5 -1.65 13.76 14.5 -9.65 13.76 14.29 -9.65 13.92
5 24 14.5 -1.65 13.76 14.5 -9.65 13.76 14.29 -9.65 13.92 14.74 -1.65 13.66
4 16 14.5 -1.65 13.76 14.74 -1.65 13.66 14.74 -9.65 13.66 14.5 -9.65 13.76
5 24 14.74 -1.65 13.66 14.74 -9.65 13.66 14.5 -9.65 13.76 15 -1.65 13.63
4 16 14.74 -1.65 13.66 15 -1.65 13.63 15 -9.65 13.63 14.74 -9.65 13.66
4 16 64 -6.65 76.06 63.74 -6.65 76.1 63.74 -9.65 76.1 64 -9.65 76.06
5 24 63.74 -6.65 76.1 63.74 -9.65 76.1 64 -9.65 76.06 63.5 -6.65 76.2
4 16 63.74 -6.65 76.1 63.5 -6.65 76.2 63.5 -9.65 76.2 63.74 -9.65 76.1
5 24 63.5 -6.65 76.2 63.5 -9.65 76.2 63.74 -9.65 76.1 63.29 -6.65 76.36
4 16 63.5 -6.65 76.2 63.29 -6.65 76.36 63.29 -9.65 76.36 63.5 -9.65 76.2
5 24 63.29 -6.65 76.36 63.29 -9.65 76.36 63.5 -9.65 76.2 63.13 -6.65 76.56
4 16 63.29 -6.65 76.36 63.13 -6.65 76.56 63.13 -9.65 76.56 63.29 -9.65 76.36
5 24 63.13 -6.65 76.56 63.13 -9.65 76.56 63.29 -9.65 76.36 63.03 -6.65 76.8
4 16 63.13 -6.65 76.56 63.03 -6.65 76.8 63.03 -9.65 76.8 63.13 -9.65 76.56
4 16 63.03 -6.65 65.32 63.13 -6.65 65.56 63.13 -9.65 65.56 63.03 -9.65 65.32
5 24 63.13 -6.65 65.56 63.13 -9.65 65.56 63.03 -9.65 65.32 63.29 -6.65 65.77
4 16 63.13 -6.65 65.56 63.29 -6.65 65.77 63.29 -9.65 65.77 63.13 -9.65 65.56
5 24 63.29 -6.65 65.77 63.29 -9.65 65.77 63.13 -9.65 65.56 63.5 -6.65 65.93
4 16 63.29 -6.65 65.77 63.5 -6.65 65.93 63.5 -9.65 65.93 63.29 -9.65 65.77
5 24 63.5 -6.65 65.93 63.5 -9.65 65.93 63.29 -9.65 65.77 63.74 -6.65 66.03
4 16 63.5 -6.65 65.93 63.74 -6.65 66.03 63.74 -9.65 66.03 63.5 -9.65 65.93
5 24 63.74 -6.65 66.03 63.74 -9.65 66.03 63.5 -9.65 65.93 64 -6.65 66.06
4 16 63.74 -6.65 66.03 64 -6.65 66.06 64 -9.65 66.06 63.74 -9.65 66.03
4 16 64 -6.65 23.62 63.74 -6.65 23.66 63.74 -9.65 23.66 64 -9.65 23.62
5 24 63.74 -6.65 23.66 63.74 -9.65 23.66 64 -9.65 23.62 63.5 -6.65 23.76
4 16 63.74 -6.65 23.66 63.5 -6.65 23.76 63.5 -9.65 23.76 63.74 -9.65 23.66
5 24 63.5 -6.65 23.76 63.5 -9.65 23.76 63.74 -9.65 23.66 63.29 -6.65 23.92
4 16 63.5 -6.65 23.76 63.29 -6.65 23.92 63.29 -9.65 23.92 63.5 -9.65 23.76
5 24 63.29 -6.65 23.92 63.29 -9.65 23.92 63.5 -9.65 23.76 63.13 -6.65 24.12
4 16 63.29 -6.65 23.92 63.13 -6.65 24.12 63.13 -9.65 24.12 63.29 -9.65 23.92
5 24 63.13 -6.65 24.12 63.13 -9.65 24.12 63.29 -9.65 23.92 63.03 -6.65 24.37
4 16 63.13 -6.65 24.12 63.03 -6.65 24.37 63.03 -9.65 24.37 63.13 -9.65 24.12
4 16 63.03 -6.65 12.88 63.13 -6.65 13.13 63.13 -9.65 13.13 63.03 -9.65 12.88
5 24 63.13 -6.65 13.13 63.13 -9.65 13.13 63.03 -9.65 12.88 63.29 -6.65 13.33
4 16 63.13 -6.65 13.13 63.29 -6.65 13.33 63.29 -9.65 13.33 63.13 -9.65 13.13
5 24 63.29 -6.65 13.33 63.29 -9.65 13.33 63.13 -9.65 13.13 63.5 -6.65 13.49
4 16 63.29 -6.65 13.33 63.5 -6.65 13.49 63.5 -9.65 13.49 63.29 -9.65 13.33
5 24 63.5 -6.65 13.49 63.5 -9.65 13.49 63.29 -9.65 13.33 63.74 -6.65 13.59
4 16 63.5 -6.65 13.49 63.74 -6.65 13.59 63.74 -9.65 13.59 63.5 -9.65 13.49
5 24 63.74 -6.65 13.59 63.74 -9.65 13.59 63.5 -9.65 13.49 64 -6.65 13.63
4 16 63.74 -6.65 13.59 64 -6.65 13.63 64 -9.65 13.63 63.74 -9.65 13.59
4 16 16 -6.65 13.63 16.26 -6.65 13.59 16.26 -9.65 13.59 16 -9.65 13.63
5 24 16.26 -6.65 13.59 16.26 -9.65 13.59 16 -9.65 13.63 16.5 -6.65 13.49
4 16 16.26 -6.65 13.59 16.5 -6.65 13.49 16.5 -9.65 13.49 16.26 -9.65 13.59
5 24 16.5 -6.65 13.49 16.5 -9.65 13.49 16.26 -9.65 13.59 16.71 -6.65 13.33
4 16 16.5 -6.65 13.49 16.71 -6.65 13.33 16.71 -9.65 13.33 16.5 -9.65 13.49
5 24 16.71 -6.65 13.33 16.71 -9.65 13.33 16.5 -9.65 13.49 16.87 -6.65 13.13
4 16 16.71 -6.65 13.33 16.87 -6.65 13.13 16.87 -9.65 13.13 16.71 -9.65 13.33
5 24 16.87 -6.65 13.13 16.87 -9.65 13.13 16.71 -9.65 13.33 16.97 -6.65 12.88
4 16 16.87 -6.65 13.13 16.97 -6.65 12.88 16.97 -9.65 12.88 16.87 -9.65 13.13
4 16 16.97 -6.65 24.37 16.87 -6.65 24.12 16.87 -9.65 24.12 16.97 -9.65 24.37
5 24 16.87 -6.65 24.12 16.87 -9.65 24.12 16.97 -9.65 24.37 16.71 -6.65 23.92
4 16 16.87 -6.65 24.12 16.71 -6.65 23.92 16.71 -9.65 23.92 16.87 -9.65 24.12
5 24 16.71 -6.65 23.92 16.71 -9.65 23.92 16.87 -9.65 24.12 16.5 -6.65 23.76
4 16 16.71 -6.65 23.92 16.5 -6.65 23.76 16.5 -9.65 23.76 16.71 -9.65 23.92
5 24 16.5 -6.65 23.76 16.5 -9.65 23.76 16.71 -9.65 23.92 16.26 -6.65 23.66
4 16 16.5 -6.65 23.76 16.26 -6.65 23.66 16.26 -9.65 23.66 16.5 -9.65 23.76
5 24 16.26 -6.65 23.66 16.26 -9.65 23.66 16.5 -9.65 23.76 16 -6.65 23.62
4 16 16.26 -6.65 23.66 16 -6.65 23.62 16 -9.65 23.62 16.26 -9.65 23.66
4 16 16.97 -6.65 76.8 16.87 -6.65 76.56 16.87 -9.65 76.56 16.97 -9.65 76.8
5 24 16.87 -6.65 76.56 16.87 -9.65 76.56 16.97 -9.65 76.8 16.71 -6.65 76.36
4 16 16.87 -6.65 76.56 16.71 -6.65 76.36 16.71 -9.65 76.36 16.87 -9.65 76.56
5 24 16.71 -6.65 76.36 16.71 -9.65 76.36 16.87 -9.65 76.56 16.5 -6.65 76.2
4 16 16.71 -6.65 76.36 16.5 -6.65 76.2 16.5 -9.65 76.2 16.71 -9.65 76.36
5 24 16.5 -6.65 76.2 16.5 -9.65 76.2 16.71 -9.65 76.36 16.26 -6.65 76.1
4 16 16.5 -6.65 76.2 16.26 -6.65 76.1 16.26 -9.65 76.1 16.5 -9.65 76.2
5 24 16.26 -6.65 76.1 16.26 -9.65 76.1 16.5 -9.65 76.2 16 -6.65 76.06
4 16 16.26 -6.65 76.1 16 -6.65 76.06 16 -9.65 76.06 16.26 -9.65 76.1
4 16 16 -6.65 66.06 16.26 -6.65 66.03 16.26 -9.65 66.03 16 -9.65 66.06
5 24 16.26 -6.65 66.03 16.26 -9.65 66.03 16 -9.65 66.06 16.5 -6.65 65.93
4 16 16.26 -6.65 66.03 16.5 -6.65 65.93 16.5 -9.65 65.93 16.26 -9.65 66.03
5 24 16.5 -6.65 65.93 16.5 -9.65 65.93 16.26 -9.65 66.03 16.71 -6.65 65.77
4 16 16.5 -6.65 65.93 16.71 -6.65 65.77 16.71 -9.65 65.77 16.5 -9.65 65.93
5 24 16.71 -6.65 65.77 16.71 -9.65 65.77 16.5 -9.65 65.93 16.87 -6.65 65.56
4 16 16.71 -6.65 65.77 16.87 -6.65 65.56 16.87 -9.65 65.56 16.71 -9.65 65.77
5 24 16.87 -6.65 65.56 16.87 -9.65 65.56 16.71 -9.65 65.77 16.97 -6.65 65.32
4 16 16.87 -6.65 65.56 16.97 -6.65 65.32 16.97 -9.65 65.32 16.87 -9.65 65.56
4 16 65 -1.65 66.06 65.26 -1.65 66.1 65.26 -9.65 66.1 65 -9.65 66.06
5 24 65.26 -1.65 66.1 65.26 -9.65 66.1 65 -9.65 66.06 65.5 -1.65 66.2
4 16 65.26 -1.65 66.1 65.5 -1.65 66.2 65.5 -9.65 66.2 65.26 -9.65 66.1
5 24 65.5 -1.65 66.2 65.5 -9.65 66.2 65.26 -9.65 66.1 65.71 -1.65 66.36
4 16 65.5 -1.65 66.2 65.71 -1.65 66.36 65.71 -9.65 66.36 65.5 -9.65 66.2
5 24 65.71 -1.65 66.36 65.71 -9.65 66.36 65.5 -9.65 66.2 65.87 -1.65 66.56
4 16 65.71 -1.65 66.36 65.87 -1.65 66.56 65.87 -9.65 66.56 65.71 -9.65 66.36
5 24 65.87 -1.65 66.56 65.87 -9.65 66.56 65.71 -9.65 66.36 65.97 -1.65 66.8
4 16 65.87 -1.65 66.56 65.97 -1.65 66.8 65.97 -9.65 66.8 65.87 -9.65 66.56
4 16 65.97 -1.65 75.32 65.87 -1.65 75.56 65.87 -9.65 75.56 65.97 -9.65 75.32
5 24 65.87 -1.65 75.56 65.87 -9.65 75.56 65.97 -9.65 75.32 65.71 -1.65 75.77
4 16 65.87 -1.65 75.56 65.71 -1.65 75.77 65.71 -9.65 75.77 65.87 -9.65 75.56
5 24 65.71 -1.65 75.77 65.71 -9.65 75.77 65.87 -9.65 75.56 65.5 -1.65 75.93
4 16 65.71 -1.65 75.77 65.5 -1.65 75.93 65.5 -9.65 75.93 65.71 -9.65 75.77
5 24 65.5 -1.65 75.93 65.5 -9.65 75.93 65.71 -9.65 75.77 65.26 -1.65 76.03
4 16 65.5 -1.65 75.93 65.26 -1.65 76.03 65.26 -9.65 76.03 65.5 -9.65 75.93
5 24 65.26 -1.65 76.03 65.26 -9.65 76.03 65.5 -9.65 75.93 65 -1.65 76.06
4 16 65.26 -1.65 76.03 65 -1.65 76.06 65 -9.65 76.06 65.26 -9.65 76.03
4 16 14.03 -1.65 66.8 14.13 -1.65 66.56 14.13 -9.65 66.56 14.03 -9.65 66.8
5 24 14.13 -1.65 66.56 14.13 -9.65 66.56 14.03 -9.65 66.8 14.29 -1.65 66.36
4 16 14.13 -1.65 66.56 14.29 -1.65 66.36 14.29 -9.65 66.36 14.13 -9.65 66.56
5 24 14.29 -1.65 66.36 14.29 -9.65 66.36 14.13 -9.65 66.56 14.5 -1.65 66.2
4 16 14.29 -1.65 66.36 14.5 -1.65 66.2 14.5 -9.65 66.2 14.29 -9.65 66.36
5 24 14.5 -1.65 66.2 14.5 -9.65 66.2 14.29 -9.65 66.36 14.74 -1.65 66.1
4 16 14.5 -1.65 66.2 14.74 -1.65 66.1 14.74 -9.65 66.1 14.5 -9.65 66.2
5 24 14.74 -1.65 66.1 14.74 -9.65 66.1 14.5 -9.65 66.2 15 -1.65 66.06
4 16 14.74 -1.65 66.1 15 -1.65 66.06 15 -9.65 66.06 14.74 -9.65 66.1
4 16 15 -1.65 76.06 14.74 -1.65 76.03 14.74 -9.65 76.03 15 -9.65 76.06
5 24 14.74 -1.65 76.03 14.74 -9.65 76.03 15 -9.65 76.06 14.5 -1.65 75.93
4 16 14.74 -1.65 76.03 14.5 -1.65 75.93 14.5 -9.65 75.93 14.74 -9.65 76.03
5 24 14.5 -1.65 75.93 14.5 -9.65 75.93 14.74 -9.65 76.03 14.29 -1.65 75.77
4 16 14.5 -1.65 75.93 14.29 -1.65 75.77 14.29 -9.65 75.77 14.5 -9.65 75.93
5 24 14.29 -1.65 75.77 14.29 -9.65 75.77 14.5 -9.65 75.93 14.13 -1.65 75.56
4 16 14.29 -1.65 75.77 14.13 -1.65 75.56 14.13 -9.65 75.56 14.29 -9.65 75.77
5 24 14.13 -1.65 75.56 14.13 -9.65 75.56 14.29 -9.65 75.77 14.03 -1.65 75.32
4 16 14.13 -1.65 75.56 14.03 -1.65 75.32 14.03 -9.65 75.32 14.13 -9.65 75.56
4 16 17 -3.65 66.06 17 -3.65 76.06 17 -6.65 76.06 17 -6.65 66.06
4 16 17 -9.65 88.5 63 -9.65 88.5 63 -6.65 88.5 17 -6.65 88.5
4 16 17 -3.65 13.63 17 -3.65 23.62 17 -6.65 23.62 17 -6.65 13.63
4 16 20 -6.65 50.5 35.75 -6.65 50.5 35.75 -9.65 50.5 20 -9.65 50.5
4 16 63 -9.65 3 17 -9.65 3 17 -6.65 3 63 -6.65 3
