0 Bitbeam Servo Small mount
0 Name: bb-srv_small-m.dat
0 Author: Tomas Feltl (e-Mole.cz)
0 !LDRAW_ORG Unofficial_Part
0 !LICENSE Redistributable under CCAL version 2.0 : see CAreadme.txt

0 ROTATION CENTER 0 0 0 1 "Custom" 
0 ROTATION CONFIG 0 0
0 BFC CERTIFY CCW

0 // Created with stl2dat conversion tool
0 BFC CERTIFY INVERTNEXT
1 16 -34.625 25.25 10 3.25 0 0 0 0 3.25 0 -20 0 4-4cyli.dat
1 16 -34.625 25.25 10 3.25 0 0 0 0 3.25 0 -1 0 4-4edge.dat
1 16 -34.625 25.25 -10 3.25 0 0 0 0 3.25 0 -1 0 4-4edge.dat
0 BFC CERTIFY INVERTNEXT
1 16 34.625 25.25 10 3.25 0 0 0 0 3.25 0 -20 0 4-4cyli.dat
1 16 34.625 25.25 10 3.25 0 0 0 0 3.25 0 -1 0 4-4edge.dat
1 16 34.625 25.25 -10 3.25 0 0 0 0 3.25 0 -1 0 4-4edge.dat
0 BFC CERTIFY INVERTNEXT
1 16 40 0 -10 6.25 0 0 0 0 -6.25 0 20 0 4-4cyli.dat
1 16 40 0 -10 6.25 0 0 0 0 -6.25 0 1 0 4-4edge.dat
1 16 40 0 10 6.25 0 0 0 0 -6.25 0 1 0 4-4edge.dat
0 BFC CERTIFY INVERTNEXT
1 16 20.001 0 -10 6.25 0 0 0 0 -6.25 0 20 0 4-4cyli.dat
1 16 20.001 0 -10 6.25 0 0 0 0 -6.25 0 1 0 4-4edge.dat
1 16 20.001 0 10 6.25 0 0 0 0 -6.25 0 1 0 4-4edge.dat
0 BFC CERTIFY INVERTNEXT
1 16 -20 0 -10 6.25 0 0 0 0 -6.25 0 20 0 4-4cyli.dat
1 16 -20 0 -10 6.25 0 0 0 0 -6.25 0 1 0 4-4edge.dat
1 16 -20 0 10 6.25 0 0 0 0 -6.25 0 1 0 4-4edge.dat
0 BFC CERTIFY INVERTNEXT
1 16 0 0 -10 6.25 0 0 0 0 -6.25 0 20 0 4-4cyli.dat
1 16 0 0 -10 6.25 0 0 0 0 -6.25 0 1 0 4-4edge.dat
1 16 0 0 10 6.25 0 0 0 0 -6.25 0 1 0 4-4edge.dat
0 BFC CERTIFY INVERTNEXT
1 16 -40 0 -10 6.25 0 0 0 0 -6.25 0 20 0 4-4cyli.dat
1 16 -40 0 -10 6.25 0 0 0 0 -6.25 0 1 0 4-4edge.dat
1 16 -40 0 10 6.25 0 0 0 0 -6.25 0 1 0 4-4edge.dat

3 16 -31.624 24.011 10 -29.504 10.001 10 -31.374 25.251 10
3 16 -31.374 25.251 10 -29.504 10.001 10 -29.504 40.501 10
2 24 -29.504 10.001 10 -29.504 40.501 10
3 16 -31.374 25.251 10 -29.504 40.501 10 -31.624 26.491 10
3 16 -31.624 26.491 10 -29.504 40.501 10 -32.324 27.551 10
3 16 -31.624 24.011 10 -32.324 22.951 10 -29.504 10.001 10
3 16 -29.504 10.001 10 -32.324 22.951 10 -33.384 22.251 10
3 16 -29.504 10.001 10 -33.384 22.251 10 -34.624 22.001 10
4 16 -29.504 10.001 10 -34.624 22.001 10 -37.604 5.771 10 -35.584 4.421 10
3 16 -37.604 5.771 10 -34.624 22.001 10 -35.874 22.251 10
4 16 -37.604 5.771 10 -35.874 22.251 10 -36.924 22.951 10 -40.004 6.251 10
4 16 -40.004 6.251 10 -36.924 22.951 10 -37.624 24.011 10 -42.394 5.771 10
4 16 -42.394 5.771 10 -37.624 24.011 10 -37.874 25.251 10 -44.424 4.421 10
4 16 -44.424 4.421 10 -37.874 25.251 10 -50.004 40.501 10 -45.774 2.391 10
3 16 -50.004 40.501 10 -37.874 25.251 10 -37.624 26.491 10
3 16 -50.004 40.501 10 -37.624 26.491 10 -36.924 27.551 10
3 16 -36.924 27.551 10 -35.874 28.251 10 -50.004 40.501 10
4 16 -50.004 40.501 10 -35.874 28.251 10 -34.624 28.501 10 -29.504 40.501 10
2 24 -29.504 40.501 10 -50.004 40.501 10
3 16 -29.504 40.501 10 -34.624 28.501 10 -33.384 28.251 10
3 16 -29.504 40.501 10 -33.384 28.251 10 -32.324 27.551 10
3 16 33.376 22.251 10 29.496 10.001 10 34.626 22.001 10
4 16 34.626 22.001 10 29.496 10.001 10 35.576 4.421 10 37.606 5.771 10
3 16 34.626 22.001 10 37.606 5.771 10 35.866 22.251 10
4 16 35.866 22.251 10 37.606 5.771 10 39.996 6.251 10 36.926 22.951 10
4 16 36.926 22.951 10 39.996 6.251 10 42.396 5.771 10 37.626 24.011 10
4 16 37.626 24.011 10 42.396 5.771 10 44.416 4.421 10 37.876 25.251 10
4 16 37.876 25.251 10 44.416 4.421 10 45.776 2.391 10 49.996 40.501 10
3 16 37.876 25.251 10 49.996 40.501 10 37.626 26.491 10
3 16 37.626 26.491 10 49.996 40.501 10 36.926 27.551 10
3 16 33.376 22.251 10 32.326 22.951 10 29.496 10.001 10
3 16 29.496 10.001 10 32.326 22.951 10 31.626 24.011 10
3 16 29.496 10.001 10 31.626 24.011 10 31.376 25.251 10
3 16 29.496 10.001 10 31.376 25.251 10 29.496 40.501 10
2 24 29.496 10.001 10 29.496 40.501 10
3 16 29.496 40.501 10 31.376 25.251 10 31.626 26.491 10
3 16 29.496 40.501 10 31.626 26.491 10 32.326 27.551 10
3 16 32.326 27.551 10 33.376 28.251 10 29.496 40.501 10
3 16 29.496 40.501 10 33.376 28.251 10 34.626 28.501 10
3 16 29.496 40.501 10 34.626 28.501 10 35.866 28.251 10
4 16 29.496 40.501 10 35.866 28.251 10 36.926 27.551 10 49.996 40.501 10
2 24 49.996 40.501 10 29.496 40.501 10
3 16 -40.004 -6.249 10 -50.004 -9.999 10 -37.604 -5.769 10
4 16 -37.604 -5.769 10 -50.004 -9.999 10 -20.004 -6.249 10 -22.394 -5.769 10
4 16 -37.604 -5.769 10 -22.394 -5.769 10 -24.424 -4.419 10 -35.584 -4.419 10
4 16 -35.584 -4.419 10 -24.424 -4.419 10 -25.774 -2.389 10 -34.224 -2.389 10
4 16 -34.224 -2.389 10 -25.774 -2.389 10 -26.254 0.001 10 -33.754 0.001 10
4 16 -33.754 0.001 10 -26.254 0.001 10 -25.774 2.391 10 -34.224 2.391 10
4 16 -34.224 2.391 10 -25.774 2.391 10 -29.504 10.001 10 -35.584 4.421 10
3 16 -29.504 10.001 10 -25.774 2.391 10 -24.424 4.421 10
3 16 -29.504 10.001 10 -24.424 4.421 10 -22.394 5.771 10
3 16 -40.004 -6.249 10 -42.394 -5.769 10 -50.004 -9.999 10
3 16 -50.004 -9.999 10 -42.394 -5.769 10 -44.424 -4.419 10
3 16 -50.004 -9.999 10 -44.424 -4.419 10 -45.774 -2.389 10
3 16 -45.774 -2.389 10 -46.254 0.001 10 -50.004 -9.999 10
4 16 -50.004 -9.999 10 -46.254 0.001 10 -45.774 2.391 10 -50.004 40.501 10
2 24 -50.004 -9.999 10 -50.004 40.501 10
3 16 -20.004 -6.249 10 -50.004 -9.999 10 -0.004 -6.249 10
4 16 -20.004 -6.249 10 -0.004 -6.249 10 -2.394 -5.769 10 -17.604 -5.769 10
4 16 -17.604 -5.769 10 -2.394 -5.769 10 -4.424 -4.419 10 -15.584 -4.419 10
4 16 -15.584 -4.419 10 -4.424 -4.419 10 -5.774 -2.389 10 -14.224 -2.389 10
4 16 -14.224 -2.389 10 -5.774 -2.389 10 -6.254 0.001 10 -13.754 0.001 10
4 16 -13.754 0.001 10 -6.254 0.001 10 -5.774 2.391 10 -14.224 2.391 10
4 16 -14.224 2.391 10 -5.774 2.391 10 -4.424 4.421 10 -15.584 4.421 10
4 16 -15.584 4.421 10 -4.424 4.421 10 -2.394 5.771 10 -17.604 5.771 10
4 16 -17.604 5.771 10 -2.394 5.771 10 -29.504 10.001 10 -20.004 6.251 10
3 16 -29.504 10.001 10 -2.394 5.771 10 -0.004 6.251 10
3 16 -29.504 10.001 10 -0.004 6.251 10 29.496 10.001 10
2 24 -29.504 10.001 10 29.496 10.001 10
3 16 29.496 10.001 10 -0.004 6.251 10 2.396 5.771 10
4 16 29.496 10.001 10 2.396 5.771 10 17.606 5.771 10 19.996 6.251 10
3 16 17.606 5.771 10 2.396 5.771 10 15.576 4.421 10
3 16 -22.394 5.771 10 -20.004 6.251 10 -29.504 10.001 10
3 16 -50.004 -9.999 10 49.996 -9.999 10 -0.004 -6.249 10
2 24 49.996 -9.999 10 -50.004 -9.999 10
3 16 -0.004 -6.249 10 49.996 -9.999 10 19.996 -6.249 10
4 16 -0.004 -6.249 10 19.996 -6.249 10 17.606 -5.769 10 2.396 -5.769 10
3 16 2.396 -5.769 10 17.606 -5.769 10 4.416 -4.419 10
4 16 4.416 -4.419 10 17.606 -5.769 10 15.576 -4.419 10 5.776 -2.389 10
4 16 5.776 -2.389 10 15.576 -4.419 10 14.226 -2.389 10 6.246 0.001 10
4 16 6.246 0.001 10 14.226 -2.389 10 13.746 0.001 10 5.776 2.391 10
4 16 5.776 2.391 10 13.746 0.001 10 14.226 2.391 10 4.416 4.421 10
4 16 4.416 4.421 10 14.226 2.391 10 15.576 4.421 10 2.396 5.771 10
3 16 19.996 -6.249 10 49.996 -9.999 10 22.396 -5.769 10
4 16 22.396 -5.769 10 49.996 -9.999 10 39.996 -6.249 10 37.606 -5.769 10
4 16 22.396 -5.769 10 37.606 -5.769 10 35.576 -4.419 10 24.416 -4.419 10
4 16 24.416 -4.419 10 35.576 -4.419 10 34.226 -2.389 10 25.776 -2.389 10
4 16 25.776 -2.389 10 34.226 -2.389 10 33.746 0.001 10 26.246 0.001 10
4 16 26.246 0.001 10 33.746 0.001 10 34.226 2.391 10 25.776 2.391 10
4 16 25.776 2.391 10 34.226 2.391 10 29.496 10.001 10 24.416 4.421 10
3 16 29.496 10.001 10 34.226 2.391 10 35.576 4.421 10
3 16 29.496 10.001 10 19.996 6.251 10 22.396 5.771 10
3 16 29.496 10.001 10 22.396 5.771 10 24.416 4.421 10
4 16 45.776 2.391 10 46.246 0.001 10 49.996 -9.999 10 49.996 40.501 10
2 24 49.996 40.501 10 49.996 -9.999 10
3 16 49.996 -9.999 10 46.246 0.001 10 45.776 -2.389 10
3 16 49.996 -9.999 10 45.776 -2.389 10 44.416 -4.419 10
3 16 44.416 -4.419 10 42.396 -5.769 10 49.996 -9.999 10
3 16 49.996 -9.999 10 42.396 -5.769 10 39.996 -6.249 10

3 16 -31.624 26.491 -10 -29.504 40.501 -10 -31.374 25.251 -10
3 16 -31.374 25.251 -10 -29.504 40.501 -10 -29.504 10.001 -10
2 24 -29.504 40.501 -10 -29.504 10.001 -10
3 16 -31.374 25.251 -10 -29.504 10.001 -10 -31.624 24.011 -10
3 16 -31.624 24.011 -10 -29.504 10.001 -10 -32.324 22.951 -10
3 16 -31.624 26.491 -10 -32.324 27.551 -10 -29.504 40.501 -10
3 16 -29.504 40.501 -10 -32.324 27.551 -10 -33.384 28.251 -10
3 16 -29.504 40.501 -10 -33.384 28.251 -10 -34.624 28.501 -10
3 16 -34.624 28.501 -10 -35.874 28.251 -10 -29.504 40.501 -10
4 16 -29.504 40.501 -10 -35.874 28.251 -10 -36.924 27.551 -10 -50.004 40.501 -10
2 24 -50.004 40.501 -10 -29.504 40.501 -10
3 16 -50.004 40.501 -10 -36.924 27.551 -10 -37.624 26.491 -10
3 16 -50.004 40.501 -10 -37.624 26.491 -10 -37.874 25.251 -10
4 16 -50.004 40.501 -10 -37.874 25.251 -10 -44.424 4.421 -10 -45.774 2.391 -10
3 16 -44.424 4.421 -10 -37.874 25.251 -10 -37.624 24.011 -10
4 16 -44.424 4.421 -10 -37.624 24.011 -10 -36.924 22.951 -10 -42.394 5.771 -10
4 16 -42.394 5.771 -10 -36.924 22.951 -10 -35.874 22.251 -10 -40.004 6.251 -10
4 16 -40.004 6.251 -10 -35.874 22.251 -10 -34.624 22.001 -10 -37.604 5.771 -10
4 16 -37.604 5.771 -10 -34.624 22.001 -10 -29.504 10.001 -10 -35.584 4.421 -10
3 16 -29.504 10.001 -10 -34.624 22.001 -10 -33.384 22.251 -10
3 16 -29.504 10.001 -10 -33.384 22.251 -10 -32.324 22.951 -10
3 16 37.626 26.491 -10 49.996 40.501 -10 37.876 25.251 -10
4 16 37.876 25.251 -10 49.996 40.501 -10 45.776 2.391 -10 44.416 4.421 -10
3 16 37.876 25.251 -10 44.416 4.421 -10 37.626 24.011 -10
4 16 37.626 24.011 -10 44.416 4.421 -10 42.396 5.771 -10 36.926 22.951 -10
4 16 36.926 22.951 -10 42.396 5.771 -10 39.996 6.251 -10 35.866 22.251 -10
4 16 35.866 22.251 -10 39.996 6.251 -10 37.606 5.771 -10 34.626 22.001 -10
4 16 34.626 22.001 -10 37.606 5.771 -10 35.576 4.421 -10 29.496 10.001 -10
3 16 34.626 22.001 -10 29.496 10.001 -10 33.376 22.251 -10
3 16 33.376 22.251 -10 29.496 10.001 -10 32.326 22.951 -10
3 16 37.626 26.491 -10 36.926 27.551 -10 49.996 40.501 -10
3 16 49.996 40.501 -10 36.926 27.551 -10 35.866 28.251 -10
4 16 49.996 40.501 -10 35.866 28.251 -10 34.626 28.501 -10 29.496 40.501 -10
2 24 29.496 40.501 -10 49.996 40.501 -10
3 16 29.496 40.501 -10 34.626 28.501 -10 33.376 28.251 -10
3 16 33.376 28.251 -10 32.326 27.551 -10 29.496 40.501 -10
3 16 29.496 40.501 -10 32.326 27.551 -10 31.626 26.491 -10
3 16 29.496 40.501 -10 31.626 26.491 -10 31.376 25.251 -10
3 16 29.496 40.501 -10 31.376 25.251 -10 29.496 10.001 -10
2 24 29.496 40.501 -10 29.496 10.001 -10
3 16 29.496 10.001 -10 31.376 25.251 -10 31.626 24.011 -10
3 16 29.496 10.001 -10 31.626 24.011 -10 32.326 22.951 -10
3 16 -35.584 4.421 -10 -29.504 10.001 -10 -34.224 2.391 -10
4 16 -34.224 2.391 -10 -29.504 10.001 -10 -24.424 4.421 -10 -25.774 2.391 -10
4 16 -34.224 2.391 -10 -25.774 2.391 -10 -26.254 0.001 -10 -33.754 0.001 -10
4 16 -33.754 0.001 -10 -26.254 0.001 -10 -25.774 -2.389 -10 -34.224 -2.389 -10
4 16 -34.224 -2.389 -10 -25.774 -2.389 -10 -24.424 -4.419 -10 -35.584 -4.419 -10
4 16 -35.584 -4.419 -10 -24.424 -4.419 -10 -22.394 -5.769 -10 -37.604 -5.769 -10
4 16 -37.604 -5.769 -10 -22.394 -5.769 -10 -50.004 -9.999 -10 -40.004 -6.249 -10
3 16 -50.004 -9.999 -10 -22.394 -5.769 -10 -20.004 -6.249 -10
3 16 -50.004 -9.999 -10 -20.004 -6.249 -10 -0.004 -6.249 -10
4 16 -0.004 -6.249 -10 -20.004 -6.249 -10 -17.604 -5.769 -10 -2.394 -5.769 -10
4 16 -50.004 40.501 -10 -45.774 2.391 -10 -46.254 0.001 -10 -50.004 -9.999 -10
2 24 -50.004 40.501 -10 -50.004 -9.999 -10
3 16 -50.004 -9.999 -10 -46.254 0.001 -10 -45.774 -2.389 -10
3 16 -50.004 -9.999 -10 -45.774 -2.389 -10 -44.424 -4.419 -10
3 16 -44.424 -4.419 -10 -42.394 -5.769 -10 -50.004 -9.999 -10
3 16 -50.004 -9.999 -10 -42.394 -5.769 -10 -40.004 -6.249 -10
3 16 -20.004 6.251 -10 -29.504 10.001 -10 -17.604 5.771 -10
4 16 -17.604 5.771 -10 -29.504 10.001 -10 -0.004 6.251 -10 -2.394 5.771 -10
4 16 -17.604 5.771 -10 -2.394 5.771 -10 -4.424 4.421 -10 -15.584 4.421 -10
4 16 -15.584 4.421 -10 -4.424 4.421 -10 -5.774 2.391 -10 -14.224 2.391 -10
4 16 -14.224 2.391 -10 -5.774 2.391 -10 -6.254 0.001 -10 -13.754 0.001 -10
4 16 -13.754 0.001 -10 -6.254 0.001 -10 -5.774 -2.389 -10 -14.224 -2.389 -10
4 16 -14.224 -2.389 -10 -5.774 -2.389 -10 -4.424 -4.419 -10 -15.584 -4.419 -10
4 16 -15.584 -4.419 -10 -4.424 -4.419 -10 -2.394 -5.769 -10 -17.604 -5.769 -10
3 16 -20.004 6.251 -10 -22.394 5.771 -10 -29.504 10.001 -10
3 16 -29.504 10.001 -10 -22.394 5.771 -10 -24.424 4.421 -10
3 16 -0.004 6.251 -10 -29.504 10.001 -10 29.496 10.001 -10
2 24 29.496 10.001 -10 -29.504 10.001 -10
3 16 -0.004 6.251 -10 29.496 10.001 -10 2.396 5.771 -10
4 16 2.396 5.771 -10 29.496 10.001 -10 19.996 6.251 -10 17.606 5.771 -10
4 16 2.396 5.771 -10 17.606 5.771 -10 15.576 4.421 -10 4.416 4.421 -10
4 16 4.416 4.421 -10 15.576 4.421 -10 14.226 2.391 -10 5.776 2.391 -10
4 16 5.776 2.391 -10 14.226 2.391 -10 13.746 0.001 -10 6.246 0.001 -10
4 16 6.246 0.001 -10 13.746 0.001 -10 14.226 -2.389 -10 5.776 -2.389 -10
4 16 5.776 -2.389 -10 14.226 -2.389 -10 15.576 -4.419 -10 4.416 -4.419 -10
4 16 4.416 -4.419 -10 15.576 -4.419 -10 17.606 -5.769 -10 2.396 -5.769 -10
4 16 2.396 -5.769 -10 17.606 -5.769 -10 19.996 -6.249 -10 -0.004 -6.249 -10
3 16 -0.004 -6.249 -10 19.996 -6.249 -10 49.996 -9.999 -10
3 16 49.996 -9.999 -10 19.996 -6.249 -10 22.396 -5.769 -10
4 16 49.996 -9.999 -10 22.396 -5.769 -10 37.606 -5.769 -10 39.996 -6.249 -10
3 16 37.606 -5.769 -10 22.396 -5.769 -10 35.576 -4.419 -10
3 16 24.416 4.421 -10 29.496 10.001 -10 25.776 2.391 -10
4 16 25.776 2.391 -10 29.496 10.001 -10 35.576 4.421 -10 34.226 2.391 -10
3 16 25.776 2.391 -10 34.226 2.391 -10 26.246 0.001 -10
4 16 26.246 0.001 -10 34.226 2.391 -10 33.746 0.001 -10 25.776 -2.389 -10
4 16 25.776 -2.389 -10 33.746 0.001 -10 34.226 -2.389 -10 24.416 -4.419 -10
4 16 24.416 -4.419 -10 34.226 -2.389 -10 35.576 -4.419 -10 22.396 -5.769 -10
3 16 24.416 4.421 -10 22.396 5.771 -10 29.496 10.001 -10
3 16 29.496 10.001 -10 22.396 5.771 -10 19.996 6.251 -10
3 16 45.776 -2.389 -10 46.246 0.001 -10 49.996 -9.999 -10
4 16 49.996 -9.999 -10 46.246 0.001 -10 45.776 2.391 -10 49.996 40.501 -10
2 24 49.996 -9.999 -10 49.996 40.501 -10
3 16 49.996 -9.999 -10 39.996 -6.249 -10 42.396 -5.769 -10
3 16 49.996 -9.999 -10 42.396 -5.769 -10 44.416 -4.419 -10
3 16 44.416 -4.419 -10 45.776 -2.389 -10 49.996 -9.999 -10
3 16 49.996 -9.999 -10 -50.004 -9.999 -10 -0.004 -6.249 -10
2 24 49.996 -9.999 -10 -50.004 -9.999 -10

4 16 49.996 40.501 10 49.996 -9.999 10 49.996 -9.999 -10 49.996 40.501 -10
2 24 49.996 -9.999 10 49.996 -9.999 -10
2 24 49.996 40.501 -10 49.996 40.501 10
4 16 29.496 10.001 -10 29.496 10.001 10 29.496 40.501 10 29.496 40.501 -10
2 24 29.496 10.001 -10 29.496 10.001 10
2 24 29.496 40.501 10 29.496 40.501 -10
4 16 -50.004 -9.999 10 -50.004 40.501 10 -50.004 40.501 -10 -50.004 -9.999 -10
2 24 -50.004 40.501 10 -50.004 40.501 -10
2 24 -50.004 -9.999 -10 -50.004 -9.999 10
4 16 -29.504 10.001 10 29.496 10.001 10 29.496 10.001 -10 -29.504 10.001 -10
2 24 -29.504 10.001 -10 -29.504 10.001 10
4 16 49.996 -9.999 10 -50.004 -9.999 10 -50.004 -9.999 -10 49.996 -9.999 -10
4 16 -29.504 40.501 -10 -29.504 40.501 10 -29.504 10.001 10 -29.504 10.001 -10
2 24 -29.504 40.501 -10 -29.504 40.501 10
4 16 29.496 40.501 10 49.996 40.501 10 49.996 40.501 -10 29.496 40.501 -10
4 16 -29.504 40.501 -10 -50.004 40.501 -10 -50.004 40.501 10 -29.504 40.501 10
0
