0 BB Bitbeam Sensor RGB - PCB
0 Name: bb-sen-rgb-pcb.dat
0 Author: Tomas Feltl (e-Mole.cz)
0 !LDRAW_ORG Unofficial_Part
0 !LICENSE Redistributable under CCAL version 2.0 : see CAreadme.txt

0 BFC CERTIFY CCW

0 // Created with stl2dat conversion tool

4 16 34.02 -1.2 22.9 32.66 -1.2 22.99 31.33 -1.2 22.71 35.3 -1.2 22.44
2 24 32.66 -1.2 22.99 34.02 -1.2 22.9
2 24 31.33 -1.2 22.71 32.66 -1.2 22.99
2 24 34.02 -1.2 22.9 35.3 -1.2 22.44
3 16 35.3 -1.2 22.44 31.33 -1.2 22.71 30.12 -1.2 22.08
2 24 30.12 -1.2 22.08 31.33 -1.2 22.71
4 16 35.3 -1.2 22.44 30.12 -1.2 22.08 29.12 -1.2 21.16 36.41 -1.2 21.65
2 24 29.12 -1.2 21.16 30.12 -1.2 22.08
2 24 35.3 -1.2 22.44 36.41 -1.2 21.65
4 16 36.41 -1.2 21.65 29.12 -1.2 21.16 28.41 -1.2 19.99 37.27 -1.2 20.6
2 24 28.41 -1.2 19.99 29.12 -1.2 21.16
2 24 36.41 -1.2 21.65 37.27 -1.2 20.6
4 16 37.27 -1.2 20.6 28.41 -1.2 19.99 28.05 -1.2 18.68 37.81 -1.2 19.35
2 24 28.05 -1.2 18.68 28.41 -1.2 19.99
2 24 37.27 -1.2 20.6 37.81 -1.2 19.35
4 16 37.81 -1.2 19.35 28.05 -1.2 18.68 28.05 -1.2 17.32 38 -1.2 18
2 24 28.05 -1.2 17.32 28.05 -1.2 18.68
2 24 37.81 -1.2 19.35 38 -1.2 18
4 16 38 -1.2 18 28.05 -1.2 17.32 28.41 -1.2 16.01 37.81 -1.2 16.65
2 24 28.41 -1.2 16.01 28.05 -1.2 17.32
2 24 38 -1.2 18 37.81 -1.2 16.65
4 16 37.81 -1.2 16.65 28.41 -1.2 16.01 29.12 -1.2 14.84 37.27 -1.2 15.4
2 24 29.12 -1.2 14.84 28.41 -1.2 16.01
2 24 37.81 -1.2 16.65 37.27 -1.2 15.4
4 16 37.27 -1.2 15.4 29.12 -1.2 14.84 30.12 -1.2 13.92 36.41 -1.2 14.35
2 24 30.12 -1.2 13.92 29.12 -1.2 14.84
2 24 37.27 -1.2 15.4 36.41 -1.2 14.35
4 16 36.41 -1.2 14.35 30.12 -1.2 13.92 31.33 -1.2 13.29 35.3 -1.2 13.56
2 24 31.33 -1.2 13.29 30.12 -1.2 13.92
2 24 36.41 -1.2 14.35 35.3 -1.2 13.56
4 16 35.3 -1.2 13.56 31.33 -1.2 13.29 32.66 -1.2 13.01 34.02 -1.2 13.1
2 24 32.66 -1.2 13.01 31.33 -1.2 13.29
2 24 34.02 -1.2 13.1 32.66 -1.2 13.01
2 24 35.3 -1.2 13.56 34.02 -1.2 13.1

3 16 37.81 -1.6 16.65 40 -1.6 11 38 -1.6 18
2 24 38 -1.6 18 37.81 -1.6 16.65
3 16 38 -1.6 18 40 -1.6 11 40 -1.6 25
2 24 40 -1.6 25 40 -1.6 11
3 16 38 -1.6 18 40 -1.6 25 37.81 -1.6 19.35
2 24 37.81 -1.6 19.35 38 -1.6 18
3 16 37.81 -1.6 19.35 40 -1.6 25 37.27 -1.6 20.6
2 24 37.27 -1.6 20.6 37.81 -1.6 19.35
3 16 37.81 -1.6 16.65 37.27 -1.6 15.4 40 -1.6 11
2 24 37.81 -1.6 16.65 37.27 -1.6 15.4
3 16 40 -1.6 11 37.27 -1.6 15.4 36.41 -1.6 14.35
2 24 37.27 -1.6 15.4 36.41 -1.6 14.35
3 16 40 -1.6 11 36.41 -1.6 14.35 35.3 -1.6 13.56
2 24 36.41 -1.6 14.35 35.3 -1.6 13.56
3 16 35.3 -1.6 13.56 34.02 -1.6 13.1 40 -1.6 11
2 24 35.3 -1.6 13.56 34.02 -1.6 13.1
4 16 40 -1.6 11 34.02 -1.6 13.1 32.66 -1.6 13.01 26 -1.6 11
2 24 34.02 -1.6 13.1 32.66 -1.6 13.01
2 24 26 -1.6 11 40 -1.6 11
3 16 26 -1.6 11 32.66 -1.6 13.01 31.33 -1.6 13.29
2 24 32.66 -1.6 13.01 31.33 -1.6 13.29
3 16 26 -1.6 11 31.33 -1.6 13.29 30.12 -1.6 13.92
2 24 31.33 -1.6 13.29 30.12 -1.6 13.92
3 16 30.12 -1.6 13.92 29.12 -1.6 14.84 26 -1.6 11
2 24 30.12 -1.6 13.92 29.12 -1.6 14.84
3 16 26 -1.6 11 29.12 -1.6 14.84 28.41 -1.6 16.01
2 24 29.12 -1.6 14.84 28.41 -1.6 16.01
3 16 26 -1.6 11 28.41 -1.6 16.01 28.05 -1.6 17.32
2 24 28.41 -1.6 16.01 28.05 -1.6 17.32
4 16 28.05 -1.6 17.32 28.05 -1.6 18.68 26 -1.6 25 26 -1.6 11
2 24 28.05 -1.6 17.32 28.05 -1.6 18.68
2 24 26 -1.6 25 26 -1.6 11
3 16 28.05 -1.6 18.68 28.41 -1.6 19.99 26 -1.6 25
2 24 28.05 -1.6 18.68 28.41 -1.6 19.99
3 16 26 -1.6 25 28.41 -1.6 19.99 29.12 -1.6 21.16
2 24 28.41 -1.6 19.99 29.12 -1.6 21.16
3 16 26 -1.6 25 29.12 -1.6 21.16 30.12 -1.6 22.08
2 24 29.12 -1.6 21.16 30.12 -1.6 22.08
3 16 30.12 -1.6 22.08 31.33 -1.6 22.71 26 -1.6 25
2 24 30.12 -1.6 22.08 31.33 -1.6 22.71
3 16 26 -1.6 25 31.33 -1.6 22.71 32.66 -1.6 22.99
2 24 31.33 -1.6 22.71 32.66 -1.6 22.99
4 16 26 -1.6 25 32.66 -1.6 22.99 34.02 -1.6 22.9 40 -1.6 25
2 24 32.66 -1.6 22.99 34.02 -1.6 22.9
2 24 40 -1.6 25 26 -1.6 25
3 16 40 -1.6 25 34.02 -1.6 22.9 35.3 -1.6 22.44
2 24 34.02 -1.6 22.9 35.3 -1.6 22.44
3 16 35.3 -1.6 22.44 36.41 -1.6 21.65 40 -1.6 25
2 24 35.3 -1.6 22.44 36.41 -1.6 21.65
3 16 40 -1.6 25 36.41 -1.6 21.65 37.27 -1.6 20.6
2 24 36.41 -1.6 21.65 37.27 -1.6 20.6

4 16 53 0.9 43 53 0.9 -7 53 2.5 -7 53 2.5 43
2 24 53 0.9 43 53 0.9 -7
2 24 53 0.9 -7 53 2.5 -7
2 24 53 2.5 -7 53 2.5 43
2 24 53 2.5 43 53 0.9 43
4 16 53 2.5 -7 13 2.5 -7 13 2.5 43 53 2.5 43
2 24 53 2.5 -7 13 2.5 -7
2 24 13 2.5 -7 13 2.5 43
2 24 13 2.5 43 53 2.5 43
4 16 13 0.9 43 53 0.9 43 53 2.5 43 13 2.5 43
2 24 13 0.9 43 53 0.9 43
2 24 13 2.5 43 13 0.9 43
4 16 13 0.9 -7 13 0.9 43 13 2.5 43 13 2.5 -7
2 24 13 0.9 -7 13 0.9 43
2 24 13 2.5 -7 13 0.9 -7
4 16 13 0.9 -7 53 0.9 -7 53 0.9 43 13 0.9 43
2 24 13 0.9 -7 53 0.9 -7
4 16 53 0.9 -7 13 0.9 -7 13 2.5 -7 53 2.5 -7
4 16 23.3 0.9 -7 42.43 0.9 -7 42.43 -5.47 -7 23.3 -5.47 -7
2 24 23.3 0.9 -7 42.43 0.9 -7
2 24 42.43 0.9 -7 42.43 -5.47 -7
2 24 42.43 -5.47 -7 23.3 -5.47 -7
2 24 23.3 -5.47 -7 23.3 0.9 -7
4 16 42.43 -5.48 -0.63 23.3 -5.48 -0.63 23.3 -5.47 -7 42.43 -5.47 -7
2 24 42.43 -5.48 -0.63 23.3 -5.48 -0.63
2 24 23.3 -5.48 -0.63 23.3 -5.47 -7
2 24 42.43 -5.47 -7 42.43 -5.48 -0.63
4 16 23.3 -5.47 -7 23.3 -5.48 -0.63 23.3 0.9 -0.62 23.3 0.9 -7
2 24 23.3 -5.48 -0.63 23.3 0.9 -0.62
2 24 23.3 0.9 -0.62 23.3 0.9 -7
4 16 23.3 -5.48 -0.63 42.43 -5.48 -0.63 42.43 0.9 -0.62 23.3 0.9 -0.62
2 24 42.43 -5.48 -0.63 42.43 0.9 -0.62
2 24 42.43 0.9 -0.62 23.3 0.9 -0.62
4 16 23.3 0.9 -0.62 42.43 0.9 -0.62 42.43 0.9 -7 23.3 0.9 -7
2 24 42.43 0.9 -0.62 42.43 0.9 -7
4 16 42.43 -5.48 -0.63 42.43 -5.47 -7 42.43 0.9 -7 42.43 0.9 -0.62
4 16 40 -1.6 25 40 -1.6 11 40 0.9 11 40 0.9 25
2 24 40 -1.6 11 40 0.9 11
2 24 40 0.9 11 40 0.9 25
2 24 40 0.9 25 40 -1.6 25
4 16 28.05 -1.2 17.32 28.05 -1.2 18.68 28.05 -1.6 18.68 28.05 -1.6 17.32
5 24 28.05 -1.2 18.68 28.05 -1.6 18.68 28.05 -1.6 17.32 28.41 -1.2 19.99
5 24 28.05 -1.2 17.32 28.05 -1.6 17.32 28.41 -1.6 16.01 28.05 -1.2 18.68
4 16 28.05 -1.6 18.68 28.05 -1.2 18.68 28.41 -1.2 19.99 28.41 -1.6 19.99
5 24 28.41 -1.2 19.99 28.41 -1.6 19.99 28.05 -1.6 18.68 29.12 -1.2 21.16
4 16 28.41 -1.6 19.99 28.41 -1.2 19.99 29.12 -1.2 21.16 29.12 -1.6 21.16
5 24 29.12 -1.2 21.16 29.12 -1.6 21.16 28.41 -1.6 19.99 30.12 -1.2 22.08
4 16 29.12 -1.6 21.16 29.12 -1.2 21.16 30.12 -1.2 22.08 30.12 -1.6 22.08
5 24 30.12 -1.2 22.08 30.12 -1.6 22.08 29.12 -1.6 21.16 31.33 -1.2 22.71
4 16 30.12 -1.6 22.08 30.12 -1.2 22.08 31.33 -1.2 22.71 31.33 -1.6 22.71
5 24 31.33 -1.2 22.71 31.33 -1.6 22.71 30.12 -1.6 22.08 32.66 -1.2 22.99
4 16 31.33 -1.6 22.71 31.33 -1.2 22.71 32.66 -1.2 22.99 32.66 -1.6 22.99
5 24 32.66 -1.2 22.99 32.66 -1.6 22.99 31.33 -1.6 22.71 34.02 -1.2 22.9
4 16 32.66 -1.6 22.99 32.66 -1.2 22.99 34.02 -1.2 22.9 34.02 -1.6 22.9
5 24 34.02 -1.2 22.9 34.02 -1.6 22.9 32.66 -1.6 22.99 35.3 -1.2 22.44
4 16 34.02 -1.6 22.9 34.02 -1.2 22.9 35.3 -1.2 22.44 35.3 -1.6 22.44
5 24 35.3 -1.2 22.44 35.3 -1.6 22.44 34.02 -1.6 22.9 36.41 -1.2 21.65
4 16 35.3 -1.6 22.44 35.3 -1.2 22.44 36.41 -1.2 21.65 36.41 -1.6 21.65
5 24 36.41 -1.2 21.65 36.41 -1.6 21.65 35.3 -1.6 22.44 37.27 -1.2 20.6
4 16 36.41 -1.6 21.65 36.41 -1.2 21.65 37.27 -1.2 20.6 37.27 -1.6 20.6
5 24 37.27 -1.2 20.6 37.27 -1.6 20.6 36.41 -1.6 21.65 37.81 -1.2 19.35
4 16 37.27 -1.6 20.6 37.27 -1.2 20.6 37.81 -1.2 19.35 37.81 -1.6 19.35
5 24 37.81 -1.2 19.35 37.81 -1.6 19.35 37.27 -1.6 20.6 38 -1.2 18
4 16 37.81 -1.6 19.35 37.81 -1.2 19.35 38 -1.2 18 38 -1.6 18
5 24 38 -1.2 18 38 -1.6 18 37.81 -1.6 19.35 37.81 -1.2 16.65
4 16 38 -1.6 18 38 -1.2 18 37.81 -1.2 16.65 37.81 -1.6 16.65
5 24 37.81 -1.2 16.65 37.81 -1.6 16.65 38 -1.6 18 37.27 -1.2 15.4
4 16 37.81 -1.6 16.65 37.81 -1.2 16.65 37.27 -1.2 15.4 37.27 -1.6 15.4
5 24 37.27 -1.2 15.4 37.27 -1.6 15.4 37.81 -1.6 16.65 36.41 -1.2 14.35
4 16 37.27 -1.6 15.4 37.27 -1.2 15.4 36.41 -1.2 14.35 36.41 -1.6 14.35
5 24 36.41 -1.2 14.35 36.41 -1.6 14.35 37.27 -1.6 15.4 35.3 -1.2 13.56
4 16 36.41 -1.6 14.35 36.41 -1.2 14.35 35.3 -1.2 13.56 35.3 -1.6 13.56
5 24 35.3 -1.2 13.56 35.3 -1.6 13.56 36.41 -1.6 14.35 34.02 -1.2 13.1
4 16 35.3 -1.6 13.56 35.3 -1.2 13.56 34.02 -1.2 13.1 34.02 -1.6 13.1
5 24 34.02 -1.2 13.1 34.02 -1.6 13.1 35.3 -1.6 13.56 32.66 -1.2 13.01
4 16 34.02 -1.6 13.1 34.02 -1.2 13.1 32.66 -1.2 13.01 32.66 -1.6 13.01
5 24 32.66 -1.2 13.01 32.66 -1.6 13.01 34.02 -1.6 13.1 31.33 -1.2 13.29
4 16 32.66 -1.6 13.01 32.66 -1.2 13.01 31.33 -1.2 13.29 31.33 -1.6 13.29
5 24 31.33 -1.2 13.29 31.33 -1.6 13.29 32.66 -1.6 13.01 30.12 -1.2 13.92
4 16 31.33 -1.6 13.29 31.33 -1.2 13.29 30.12 -1.2 13.92 30.12 -1.6 13.92
5 24 30.12 -1.2 13.92 30.12 -1.6 13.92 31.33 -1.6 13.29 29.12 -1.2 14.84
4 16 30.12 -1.6 13.92 30.12 -1.2 13.92 29.12 -1.2 14.84 29.12 -1.6 14.84
5 24 29.12 -1.2 14.84 29.12 -1.6 14.84 30.12 -1.6 13.92 28.41 -1.2 16.01
4 16 29.12 -1.6 14.84 29.12 -1.2 14.84 28.41 -1.2 16.01 28.41 -1.6 16.01
5 24 28.41 -1.2 16.01 28.41 -1.6 16.01 29.12 -1.6 14.84 28.05 -1.2 17.32
4 16 28.41 -1.6 16.01 28.41 -1.2 16.01 28.05 -1.2 17.32 28.05 -1.6 17.32
4 16 40 -1.6 11 26 -1.6 11 26 0.9 11 40 0.9 11
2 24 26 -1.6 11 26 0.9 11
2 24 26 0.9 11 40 0.9 11
4 16 26 -1.6 11 26 -1.6 25 26 0.9 25 26 0.9 11
2 24 26 -1.6 25 26 0.9 25
2 24 26 0.9 25 26 0.9 11
4 16 26 0.9 25 40 0.9 25 40 0.9 11 26 0.9 11
2 24 26 0.9 25 40 0.9 25
4 16 26 -1.6 25 40 -1.6 25 40 0.9 25 26 0.9 25
