0 BB Bitbeam Sensor IR - sen2
0 Name: bb-sen-ir-sn2.dat
0 Author: Tomas Feltl (e-Mole.cz)
0 !LDRAW_ORG Unofficial_Part
0 !LICENSE Redistributable under CCAL version 2.0 : see CAreadme.txt

0 BFC CERTIFY CCW

0 // Created with stl2dat conversion tool

3 0 33.16 19.25 68.16 31.68 19.25 67.96 34.64 19.25 67.96
2 24 33.16 19.25 68.16 31.68 19.25 67.96
2 24 34.64 19.25 67.96 33.16 19.25 68.16
4 0 34.64 19.25 67.96 31.68 19.25 67.96 30.3 19.25 67.36 36.02 19.25 67.36
2 24 31.68 19.25 67.96 30.3 19.25 67.36
2 24 36.02 19.25 67.36 34.64 19.25 67.96
4 0 36.02 19.25 67.36 30.3 19.25 67.36 29.14 19.25 66.41 37.18 19.25 66.41
2 24 30.3 19.25 67.36 29.14 19.25 66.41
2 24 37.18 19.25 66.41 36.02 19.25 67.36
4 0 37.18 19.25 66.41 29.14 19.25 66.41 28.28 19.25 65.19 38.04 19.25 65.19
2 24 29.14 19.25 66.41 28.28 19.25 65.19
2 24 38.04 19.25 65.19 37.18 19.25 66.41
4 0 38.04 19.25 65.19 28.28 19.25 65.19 27.77 19.25 63.78 38.54 19.25 63.78
2 24 28.28 19.25 65.19 27.77 19.25 63.78
2 24 38.54 19.25 63.78 38.04 19.25 65.19
4 0 38.54 19.25 63.78 27.77 19.25 63.78 27.67 19.25 62.29 38.65 19.25 62.29
2 24 27.77 19.25 63.78 27.67 19.25 62.29
2 24 38.65 19.25 62.29 38.54 19.25 63.78
4 0 38.65 19.25 62.29 27.67 19.25 62.29 27.98 19.25 60.82 38.34 19.25 60.82
2 24 27.67 19.25 62.29 27.98 19.25 60.82
2 24 38.34 19.25 60.82 38.65 19.25 62.29
4 0 38.34 19.25 60.82 27.98 19.25 60.82 28.67 19.25 59.49 37.65 19.25 59.49
2 24 27.98 19.25 60.82 28.67 19.25 59.49
2 24 37.65 19.25 59.49 38.34 19.25 60.82
4 0 37.65 19.25 59.49 28.67 19.25 59.49 29.69 19.25 58.39 36.63 19.25 58.39
2 24 28.67 19.25 59.49 29.69 19.25 58.39
2 24 36.63 19.25 58.39 37.65 19.25 59.49
4 0 36.63 19.25 58.39 29.69 19.25 58.39 30.97 19.25 57.62 35.35 19.25 57.62
2 24 29.69 19.25 58.39 30.97 19.25 57.62
2 24 35.35 19.25 57.62 36.63 19.25 58.39
4 0 35.35 19.25 57.62 30.97 19.25 57.62 32.41 19.25 57.21 33.91 19.25 57.21
2 24 30.97 19.25 57.62 32.41 19.25 57.21
2 24 32.41 19.25 57.21 33.91 19.25 57.21
2 24 33.91 19.25 57.21 35.35 19.25 57.62

3 0 33.16 19.25 68.16 34.64 19.25 67.96 34.21 19.46 68.05
5 24 34.64 19.25 67.96 34.21 19.46 68.05 33.16 19.25 68.16 35.22 19.66 67.74
5 24 34.21 19.46 68.05 33.16 19.25 68.16 34.64 19.25 67.96 34.15 19.66 68.05
3 0 33.16 19.25 68.16 34.21 19.46 68.05 34.15 19.66 68.05
5 24 34.21 19.46 68.05 34.15 19.66 68.05 33.16 19.25 68.16 35.22 19.66 67.74
5 24 34.15 19.66 68.05 33.16 19.25 68.16 34.21 19.46 68.05 34.05 19.85 68.05
3 0 33.16 19.25 68.16 34.15 19.66 68.05 34.05 19.85 68.05
5 24 34.15 19.66 68.05 34.05 19.85 68.05 33.16 19.25 68.16 35.1 20.06 67.74
5 24 34.05 19.85 68.05 33.16 19.25 68.16 34.15 19.66 68.05 33.92 20.01 68.05
3 0 33.16 19.25 68.16 34.05 19.85 68.05 33.92 20.01 68.05
5 24 34.05 19.85 68.05 33.92 20.01 68.05 33.16 19.25 68.16 34.91 20.42 67.74
5 24 33.92 20.01 68.05 33.16 19.25 68.16 34.05 19.85 68.05 33.76 20.14 68.05
3 0 33.16 19.25 68.16 33.92 20.01 68.05 33.76 20.14 68.05
5 24 33.92 20.01 68.05 33.76 20.14 68.05 33.16 19.25 68.16 34.65 20.74 67.74
5 24 33.76 20.14 68.05 33.16 19.25 68.16 33.92 20.01 68.05 33.57 20.24 68.05
3 0 33.16 19.25 68.16 33.76 20.14 68.05 33.57 20.24 68.05
5 24 33.76 20.14 68.05 33.57 20.24 68.05 33.16 19.25 68.16 34.33 21 67.74
5 24 33.57 20.24 68.05 33.16 19.25 68.16 33.76 20.14 68.05 33.37 20.3 68.05
3 0 33.16 19.25 68.16 33.57 20.24 68.05 33.37 20.3 68.05
5 24 33.57 20.24 68.05 33.37 20.3 68.05 33.16 19.25 68.16 33.96 21.19 67.74
5 24 33.37 20.3 68.05 33.16 19.25 68.16 33.57 20.24 68.05 33.16 20.32 68.05
3 0 33.16 19.25 68.16 33.37 20.3 68.05 33.16 20.32 68.05
5 24 33.37 20.3 68.05 33.16 20.32 68.05 33.16 19.25 68.16 33.57 21.31 67.74
5 24 33.16 20.32 68.05 33.16 19.25 68.16 33.37 20.3 68.05 32.95 20.3 68.05
3 0 33.16 19.25 68.16 33.16 20.32 68.05 32.95 20.3 68.05
5 24 33.16 20.32 68.05 32.95 20.3 68.05 33.16 19.25 68.16 33.16 21.35 67.74
5 24 32.95 20.3 68.05 33.16 19.25 68.16 33.16 20.32 68.05 32.75 20.24 68.05
3 0 33.16 19.25 68.16 32.95 20.3 68.05 32.75 20.24 68.05
5 24 32.95 20.3 68.05 32.75 20.24 68.05 33.16 19.25 68.16 32.75 21.31 67.74
5 24 32.75 20.24 68.05 33.16 19.25 68.16 32.95 20.3 68.05 32.56 20.14 68.05
3 0 33.16 19.25 68.16 32.75 20.24 68.05 32.56 20.14 68.05
5 24 32.75 20.24 68.05 32.56 20.14 68.05 33.16 19.25 68.16 32.35 21.19 67.74
5 24 32.56 20.14 68.05 33.16 19.25 68.16 32.75 20.24 68.05 32.4 20.01 68.05
3 0 33.16 19.25 68.16 32.56 20.14 68.05 32.4 20.01 68.05
5 24 32.56 20.14 68.05 32.4 20.01 68.05 33.16 19.25 68.16 31.99 21 67.74
5 24 32.4 20.01 68.05 33.16 19.25 68.16 32.56 20.14 68.05 32.27 19.85 68.05
3 0 33.16 19.25 68.16 32.4 20.01 68.05 32.27 19.85 68.05
5 24 32.4 20.01 68.05 32.27 19.85 68.05 33.16 19.25 68.16 31.67 20.74 67.74
5 24 32.27 19.85 68.05 33.16 19.25 68.16 32.4 20.01 68.05 32.17 19.66 68.05
3 0 33.16 19.25 68.16 32.27 19.85 68.05 32.17 19.66 68.05
5 24 32.27 19.85 68.05 32.17 19.66 68.05 33.16 19.25 68.16 31.41 20.42 67.74
5 24 32.17 19.66 68.05 33.16 19.25 68.16 32.27 19.85 68.05 32.11 19.46 68.05
3 0 33.16 19.25 68.16 32.17 19.66 68.05 32.11 19.46 68.05
5 24 32.17 19.66 68.05 32.11 19.46 68.05 33.16 19.25 68.16 31.21 20.06 67.74
5 24 32.11 19.46 68.05 33.16 19.25 68.16 32.17 19.66 68.05 31.68 19.25 67.96
3 0 33.16 19.25 68.16 32.11 19.46 68.05 31.68 19.25 67.96
5 24 32.11 19.46 68.05 31.68 19.25 67.96 33.16 19.25 68.16 31.1 19.66 67.74
3 0 31.68 19.25 67.96 32.11 19.46 68.05 31.1 19.66 67.74
5 24 32.11 19.46 68.05 31.1 19.66 67.74 31.68 19.25 67.96 32.17 19.66 68.05
5 24 31.1 19.66 67.74 31.68 19.25 67.96 32.11 19.46 68.05 30.3 19.25 67.36
3 0 31.68 19.25 67.96 31.1 19.66 67.74 30.3 19.25 67.36
5 24 31.1 19.66 67.74 30.3 19.25 67.36 31.68 19.25 67.96 30.16 19.85 67.23
3 0 30.3 19.25 67.36 31.1 19.66 67.74 30.16 19.85 67.23
5 24 31.1 19.66 67.74 30.16 19.85 67.23 30.3 19.25 67.36 31.21 20.06 67.74
5 24 30.16 19.85 67.23 30.3 19.25 67.36 31.1 19.66 67.74 29.14 19.25 66.41
3 0 30.3 19.25 67.36 30.16 19.85 67.23 29.14 19.25 66.41
5 24 30.16 19.85 67.23 29.14 19.25 66.41 30.3 19.25 67.36 29.35 20.01 66.55
3 0 29.14 19.25 66.41 30.16 19.85 67.23 29.35 20.01 66.55
5 24 30.16 19.85 67.23 29.35 20.01 66.55 29.14 19.25 66.41 30.34 20.42 67.23
5 24 29.35 20.01 66.55 29.14 19.25 66.41 30.16 19.85 67.23 28.67 20.14 65.72
3 0 29.14 19.25 66.41 29.35 20.01 66.55 28.67 20.14 65.72
5 24 29.35 20.01 66.55 28.67 20.14 65.72 29.14 19.25 66.41 29.57 20.74 66.55
5 24 28.67 20.14 65.72 29.14 19.25 66.41 29.35 20.01 66.55 28.28 19.25 65.19
4 0 28.67 20.14 65.72 29.35 20.01 66.55 29.57 20.74 66.55 28.93 21 65.72
5 24 29.57 20.74 66.55 29.35 20.01 66.55 30.16 19.85 67.23 28.93 21 65.72
5 24 28.93 21 65.72 29.57 20.74 66.55 29.93 21.41 66.55 28.67 20.14 65.72
5 24 28.93 21 65.72 28.67 20.14 65.72 29.35 20.01 66.55 28.46 21.19 64.77
4 0 28.67 20.14 65.72 28.93 21 65.72 28.46 21.19 64.77 28.18 20.24 64.77
5 24 28.93 21 65.72 28.46 21.19 64.77 28.18 20.24 64.77 29.36 21.79 65.72
5 24 28.46 21.19 64.77 28.18 20.24 64.77 28.67 20.14 65.72 28.18 21.31 63.73
5 24 28.67 20.14 65.72 28.18 20.24 64.77 28.28 19.25 65.19 28.93 21 65.72
4 0 28.46 21.19 64.77 28.93 21 65.72 29.36 21.79 65.72 28.93 22.07 64.77
5 24 29.36 21.79 65.72 28.93 21 65.72 29.57 20.74 66.55 28.93 22.07 64.77
5 24 28.93 22.07 64.77 29.36 21.79 65.72 29.93 22.48 65.72 28.46 21.19 64.77
5 24 28.93 22.07 64.77 28.46 21.19 64.77 28.93 21 65.72 28.67 22.25 63.73
4 0 28.46 21.19 64.77 28.93 22.07 64.77 28.67 22.25 63.73 28.18 21.31 63.73
5 24 28.93 22.07 64.77 28.67 22.25 63.73 28.18 21.31 63.73 29.57 22.84 64.77
5 24 28.18 21.31 63.73 28.67 22.25 63.73 28.59 22.31 62.66 28.46 21.19 64.77
5 24 28.46 21.19 64.77 28.18 21.31 63.73 27.87 20.3 63.73 28.93 22.07 64.77
4 0 28.67 22.25 63.73 28.93 22.07 64.77 29.57 22.84 64.77 29.35 23.06 63.73
5 24 29.57 22.84 64.77 28.93 22.07 64.77 29.36 21.79 65.72 29.35 23.06 63.73
5 24 29.35 23.06 63.73 29.57 22.84 64.77 30.34 23.47 64.77 28.67 22.25 63.73
5 24 29.35 23.06 63.73 28.67 22.25 63.73 28.93 22.07 64.77 29.27 23.14 62.66
4 0 28.67 22.25 63.73 29.35 23.06 63.73 29.27 23.14 62.66 28.59 22.31 62.66
5 24 29.35 23.06 63.73 29.27 23.14 62.66 28.59 22.31 62.66 30.16 23.74 63.73
5 24 28.59 22.31 62.66 29.27 23.14 62.66 29.35 23.06 61.59 28.67 22.25 63.73
5 24 28.67 22.25 63.73 28.59 22.31 62.66 28.08 21.35 62.66 29.35 23.06 63.73
4 0 29.27 23.14 62.66 29.35 23.06 63.73 30.16 23.74 63.73 30.1 23.82 62.66
5 24 30.16 23.74 63.73 29.35 23.06 63.73 29.57 22.84 64.77 30.1 23.82 62.66
5 24 30.1 23.82 62.66 30.16 23.74 63.73 31.1 24.23 63.73 29.27 23.14 62.66
5 24 30.1 23.82 62.66 29.27 23.14 62.66 29.35 23.06 63.73 30.16 23.74 61.59
4 0 29.27 23.14 62.66 30.1 23.82 62.66 30.16 23.74 61.59 29.35 23.06 61.59
5 24 30.1 23.82 62.66 30.16 23.74 61.59 29.35 23.06 61.59 31.05 24.33 62.66
5 24 30.16 23.74 61.59 29.35 23.06 61.59 29.27 23.14 62.66 30.34 23.47 60.56
5 24 29.27 23.14 62.66 29.35 23.06 61.59 28.67 22.25 61.59 30.1 23.82 62.66
4 0 30.16 23.74 61.59 30.1 23.82 62.66 31.05 24.33 62.66 31.1 24.23 61.59
5 24 31.05 24.33 62.66 30.1 23.82 62.66 30.16 23.74 63.73 31.1 24.23 61.59
5 24 31.1 24.23 61.59 31.05 24.33 62.66 32.09 24.64 62.66 30.16 23.74 61.59
5 24 31.1 24.23 61.59 30.16 23.74 61.59 30.1 23.82 62.66 31.21 23.94 60.56
4 0 30.16 23.74 61.59 31.1 24.23 61.59 31.21 23.94 60.56 30.34 23.47 60.56
5 24 31.1 24.23 61.59 31.21 23.94 60.56 30.34 23.47 60.56 32.11 24.54 61.59
5 24 30.34 23.47 60.56 31.21 23.94 60.56 31.41 23.47 59.6 30.16 23.74 61.59
5 24 30.34 23.47 60.56 30.16 23.74 61.59 31.1 24.23 61.59 29.57 22.84 60.56
4 0 31.21 23.94 60.56 31.1 24.23 61.59 32.11 24.54 61.59 32.17 24.23 60.56
5 24 32.11 24.54 61.59 31.1 24.23 61.59 31.05 24.33 62.66 32.17 24.23 60.56
5 24 32.17 24.23 60.56 32.11 24.54 61.59 33.16 24.64 61.59 31.21 23.94 60.56
5 24 32.17 24.23 60.56 31.21 23.94 60.56 31.1 24.23 61.59 32.27 23.74 59.6
4 0 31.21 23.94 60.56 32.17 24.23 60.56 32.27 23.74 59.6 31.41 23.47 59.6
5 24 32.17 24.23 60.56 32.27 23.74 59.6 31.41 23.47 59.6 33.16 24.33 60.56
5 24 31.41 23.47 59.6 32.27 23.74 59.6 32.4 23.06 58.77 31.21 23.94 60.56
5 24 31.41 23.47 59.6 31.21 23.94 60.56 32.17 24.23 60.56 30.62 23.05 59.6
4 0 32.27 23.74 59.6 32.17 24.23 60.56 33.16 24.33 60.56 33.16 23.82 59.6
5 24 33.16 24.33 60.56 32.17 24.23 60.56 32.11 24.54 61.59 33.16 23.82 59.6
5 24 33.16 23.82 59.6 33.16 24.33 60.56 34.15 24.23 60.56 32.27 23.74 59.6
5 24 33.16 23.82 59.6 32.27 23.74 59.6 32.17 24.23 60.56 33.16 23.14 58.77
4 0 32.27 23.74 59.6 33.16 23.82 59.6 33.16 23.14 58.77 32.4 23.06 58.77
5 24 33.16 23.82 59.6 33.16 23.14 58.77 32.4 23.06 58.77 34.05 23.74 59.6
5 24 32.4 23.06 58.77 33.16 23.14 58.77 33.16 22.31 58.09 32.27 23.74 59.6
5 24 32.4 23.06 58.77 32.27 23.74 59.6 33.16 23.82 59.6 31.67 22.84 58.77
4 0 33.16 23.14 58.77 33.16 23.82 59.6 34.05 23.74 59.6 33.92 23.06 58.77
5 24 34.05 23.74 59.6 33.16 23.82 59.6 33.16 24.33 60.56 33.92 23.06 58.77
5 24 34.05 23.74 59.6 33.92 23.06 58.77 33.16 23.14 58.77 34.91 23.47 59.6
5 24 33.92 23.06 58.77 33.16 23.14 58.77 33.16 23.82 59.6 33.76 22.25 58.09
4 0 33.16 23.14 58.77 33.92 23.06 58.77 33.76 22.25 58.09 33.16 22.31 58.09
5 24 33.92 23.06 58.77 33.76 22.25 58.09 33.16 22.31 58.09 34.65 22.84 58.77
5 24 33.16 22.31 58.09 33.76 22.25 58.09 33.57 21.31 57.58 33.16 23.14 58.77
5 24 33.16 22.31 58.09 33.16 23.14 58.77 33.92 23.06 58.77 32.56 22.25 58.09
4 0 33.76 22.25 58.09 33.92 23.06 58.77 34.65 22.84 58.77 34.33 22.07 58.09
5 24 34.65 22.84 58.77 33.92 23.06 58.77 34.05 23.74 59.6 34.33 22.07 58.09
5 24 34.65 22.84 58.77 34.33 22.07 58.09 33.76 22.25 58.09 35.32 22.48 58.77
5 24 34.33 22.07 58.09 33.76 22.25 58.09 33.92 23.06 58.77 33.96 21.19 57.58
4 0 33.76 22.25 58.09 34.33 22.07 58.09 33.96 21.19 57.58 33.57 21.31 57.58
5 24 34.33 22.07 58.09 33.96 21.19 57.58 33.57 21.31 57.58 34.86 21.79 58.09
5 24 33.57 21.31 57.58 33.96 21.19 57.58 33.57 20.24 57.27 33.76 22.25 58.09
5 24 33.57 21.31 57.58 33.76 22.25 58.09 34.33 22.07 58.09 33.16 21.35 57.58
4 0 33.96 21.19 57.58 34.33 22.07 58.09 34.86 21.79 58.09 34.33 21 57.58
5 24 34.86 21.79 58.09 34.33 22.07 58.09 34.65 22.84 58.77 34.33 21 57.58
5 24 34.86 21.79 58.09 34.33 21 57.58 33.96 21.19 57.58 35.32 21.41 58.09
5 24 34.33 21 57.58 33.96 21.19 57.58 34.33 22.07 58.09 33.76 20.14 57.27
4 0 33.96 21.19 57.58 34.33 21 57.58 33.76 20.14 57.27 33.57 20.24 57.27
5 24 34.33 21 57.58 33.76 20.14 57.27 33.57 20.24 57.27 34.65 20.74 57.58
5 24 33.57 20.24 57.27 33.76 20.14 57.27 33.91 19.25 57.21 33.96 21.19 57.58
5 24 33.96 21.19 57.58 33.57 20.24 57.27 33.37 20.3 57.27 34.33 21 57.58
4 0 33.76 20.14 57.27 34.33 21 57.58 34.65 20.74 57.58 33.92 20.01 57.27
5 24 34.65 20.74 57.58 34.33 21 57.58 34.86 21.79 58.09 33.92 20.01 57.27
5 24 34.65 20.74 57.58 33.92 20.01 57.27 33.76 20.14 57.27 34.91 20.42 57.58
5 24 33.92 20.01 57.27 33.76 20.14 57.27 34.33 21 57.58 33.91 19.25 57.21
3 0 33.76 20.14 57.27 33.92 20.01 57.27 33.91 19.25 57.21
5 24 33.92 20.01 57.27 33.91 19.25 57.21 33.76 20.14 57.27 34.05 19.85 57.27
5 24 33.91 19.25 57.21 33.76 20.14 57.27 33.92 20.01 57.27 33.57 20.24 57.27
3 0 33.91 19.25 57.21 33.92 20.01 57.27 34.05 19.85 57.27
5 24 33.92 20.01 57.27 34.05 19.85 57.27 33.91 19.25 57.21 34.65 20.74 57.58
5 24 34.05 19.85 57.27 33.91 19.25 57.21 33.92 20.01 57.27 34.15 19.66 57.27
3 0 33.91 19.25 57.21 34.05 19.85 57.27 34.15 19.66 57.27
5 24 34.05 19.85 57.27 34.15 19.66 57.27 33.91 19.25 57.21 34.91 20.42 57.58
5 24 34.15 19.66 57.27 33.91 19.25 57.21 34.05 19.85 57.27 34.21 19.46 57.27
4 0 34.15 19.66 57.27 34.05 19.85 57.27 34.91 20.42 57.58 35.1 20.06 57.58
5 24 34.05 19.85 57.27 34.91 20.42 57.58 35.1 20.06 57.58 33.92 20.01 57.27
5 24 34.91 20.42 57.58 35.1 20.06 57.58 34.15 19.66 57.27 35.7 20.95 58.09
5 24 35.1 20.06 57.58 34.15 19.66 57.27 34.05 19.85 57.27 35.22 19.66 57.58
4 0 35.1 20.06 57.58 34.91 20.42 57.58 35.7 20.95 58.09 35.98 20.42 58.09
5 24 34.91 20.42 57.58 35.7 20.95 58.09 35.98 20.42 58.09 34.65 20.74 57.58
5 24 35.7 20.95 58.09 35.98 20.42 58.09 35.1 20.06 57.58 36.39 21.41 58.77
5 24 35.98 20.42 58.09 35.1 20.06 57.58 34.91 20.42 57.58 36.16 19.85 58.09
4 0 35.98 20.42 58.09 35.7 20.95 58.09 36.39 21.41 58.77 36.75 20.74 58.77
5 24 35.7 20.95 58.09 36.39 21.41 58.77 36.75 20.74 58.77 35.32 21.41 58.09
5 24 36.39 21.41 58.77 36.75 20.74 58.77 35.98 20.42 58.09 36.96 21.79 59.6
5 24 36.75 20.74 58.77 35.98 20.42 58.09 35.7 20.95 58.09 36.97 20.01 58.77
4 0 36.75 20.74 58.77 36.39 21.41 58.77 36.96 21.79 59.6 37.38 21 59.6
5 24 36.39 21.41 58.77 36.96 21.79 59.6 37.38 21 59.6 35.91 22 58.77
5 24 36.96 21.79 59.6 37.38 21 59.6 36.75 20.74 58.77 37.38 22.07 60.56
5 24 37.38 21 59.6 36.75 20.74 58.77 36.39 21.41 58.77 37.64 20.14 59.6
4 0 37.38 21 59.6 36.96 21.79 59.6 37.38 22.07 60.56 37.85 21.19 60.56
5 24 36.96 21.79 59.6 37.38 22.07 60.56 37.85 21.19 60.56 36.39 22.48 59.6
5 24 37.38 22.07 60.56 37.85 21.19 60.56 37.38 21 59.6 37.64 22.25 61.59
5 24 37.85 21.19 60.56 37.38 21 59.6 36.96 21.79 59.6 38.14 20.24 60.56
4 0 37.85 21.19 60.56 37.38 22.07 60.56 37.64 22.25 61.59 38.14 21.31 61.59
5 24 37.38 22.07 60.56 37.64 22.25 61.59 38.14 21.31 61.59 36.75 22.84 60.56
5 24 37.64 22.25 61.59 38.14 21.31 61.59 37.85 21.19 60.56 37.73 22.31 62.66
5 24 38.14 21.31 61.59 37.85 21.19 60.56 37.38 22.07 60.56 38.45 20.3 61.59
4 0 38.14 21.31 61.59 37.64 22.25 61.59 37.73 22.31 62.66 38.24 21.35 62.66
5 24 37.64 22.25 61.59 37.73 22.31 62.66 38.24 21.35 62.66 36.97 23.06 61.59
5 24 37.73 22.31 62.66 38.24 21.35 62.66 38.14 21.31 61.59 37.64 22.25 63.73
5 24 38.24 21.35 62.66 38.14 21.31 61.59 37.64 22.25 61.59 38.55 20.32 62.66
4 0 38.24 21.35 62.66 37.73 22.31 62.66 37.64 22.25 63.73 38.14 21.31 63.73
5 24 37.73 22.31 62.66 37.64 22.25 63.73 38.14 21.31 63.73 37.05 23.14 62.66
5 24 37.64 22.25 63.73 38.14 21.31 63.73 38.24 21.35 62.66 37.38 22.07 64.77
5 24 38.14 21.31 63.73 38.24 21.35 62.66 37.73 22.31 62.66 38.45 20.3 63.73
4 0 38.14 21.31 63.73 37.64 22.25 63.73 37.38 22.07 64.77 37.85 21.19 64.77
5 24 37.64 22.25 63.73 37.38 22.07 64.77 37.85 21.19 64.77 36.97 23.06 63.73
5 24 37.38 22.07 64.77 37.85 21.19 64.77 38.14 21.31 63.73 36.96 21.79 65.72
5 24 37.85 21.19 64.77 38.14 21.31 63.73 37.64 22.25 63.73 38.14 20.24 64.77
4 0 37.85 21.19 64.77 37.38 22.07 64.77 36.96 21.79 65.72 37.38 21 65.72
5 24 37.38 22.07 64.77 36.96 21.79 65.72 37.38 21 65.72 36.75 22.84 64.77
5 24 36.96 21.79 65.72 37.38 21 65.72 37.85 21.19 64.77 36.39 21.41 66.55
5 24 37.38 21 65.72 37.85 21.19 64.77 37.38 22.07 64.77 37.64 20.14 65.72
4 0 37.38 21 65.72 36.96 21.79 65.72 36.39 21.41 66.55 36.75 20.74 66.55
5 24 36.96 21.79 65.72 36.39 21.41 66.55 36.75 20.74 66.55 36.39 22.48 65.72
5 24 36.39 21.41 66.55 36.75 20.74 66.55 37.38 21 65.72 35.7 20.95 67.23
5 24 36.75 20.74 66.55 37.38 21 65.72 36.96 21.79 65.72 36.97 20.01 66.55
4 0 36.75 20.74 66.55 36.39 21.41 66.55 35.7 20.95 67.23 35.98 20.42 67.23
5 24 36.39 21.41 66.55 35.7 20.95 67.23 35.98 20.42 67.23 35.91 22 66.55
5 24 35.7 20.95 67.23 35.98 20.42 67.23 36.75 20.74 66.55 34.91 20.42 67.74
5 24 35.98 20.42 67.23 36.75 20.74 66.55 36.39 21.41 66.55 36.16 19.85 67.23
4 0 35.98 20.42 67.23 35.7 20.95 67.23 34.91 20.42 67.74 35.1 20.06 67.74
5 24 35.7 20.95 67.23 34.91 20.42 67.74 35.1 20.06 67.74 35.32 21.41 67.23
5 24 34.91 20.42 67.74 35.1 20.06 67.74 35.98 20.42 67.23 34.05 19.85 68.05
5 24 35.1 20.06 67.74 35.98 20.42 67.23 35.7 20.95 67.23 35.22 19.66 67.74
4 0 35.1 20.06 67.74 34.91 20.42 67.74 34.05 19.85 68.05 34.15 19.66 68.05
5 24 34.91 20.42 67.74 34.05 19.85 68.05 34.15 19.66 68.05 34.65 20.74 67.74
5 24 34.15 19.66 68.05 35.1 20.06 67.74 34.91 20.42 67.74 34.21 19.46 68.05
3 0 34.21 19.46 68.05 34.64 19.25 67.96 35.22 19.66 67.74
5 24 34.64 19.25 67.96 35.22 19.66 67.74 34.21 19.46 68.05 36.02 19.25 67.36
5 24 35.22 19.66 67.74 34.21 19.46 68.05 34.64 19.25 67.96 35.1 20.06 67.74
3 0 35.22 19.66 67.74 34.64 19.25 67.96 36.02 19.25 67.36
5 24 36.02 19.25 67.36 35.22 19.66 67.74 34.64 19.25 67.96 36.16 19.85 67.23
3 0 35.22 19.66 67.74 36.02 19.25 67.36 36.16 19.85 67.23
5 24 36.02 19.25 67.36 36.16 19.85 67.23 35.22 19.66 67.74 37.18 19.25 66.41
5 24 36.16 19.85 67.23 35.22 19.66 67.74 36.02 19.25 67.36 35.98 20.42 67.23
3 0 36.16 19.85 67.23 36.02 19.25 67.36 37.18 19.25 66.41
5 24 37.18 19.25 66.41 36.16 19.85 67.23 36.02 19.25 67.36 36.97 20.01 66.55
3 0 36.16 19.85 67.23 37.18 19.25 66.41 36.97 20.01 66.55
5 24 37.18 19.25 66.41 36.97 20.01 66.55 36.16 19.85 67.23 37.64 20.14 65.72
5 24 36.97 20.01 66.55 36.16 19.85 67.23 37.18 19.25 66.41 36.75 20.74 66.55
3 0 36.97 20.01 66.55 37.18 19.25 66.41 37.64 20.14 65.72
5 24 37.18 19.25 66.41 37.64 20.14 65.72 36.97 20.01 66.55 38.04 19.25 65.19
5 24 37.64 20.14 65.72 36.97 20.01 66.55 37.18 19.25 66.41 37.38 21 65.72
4 0 36.97 20.01 66.55 37.64 20.14 65.72 37.38 21 65.72 36.75 20.74 66.55
5 24 37.64 20.14 65.72 37.38 21 65.72 36.75 20.74 66.55 38.14 20.24 64.77
5 24 36.75 20.74 66.55 36.97 20.01 66.55 37.64 20.14 65.72 35.98 20.42 67.23
3 0 37.18 19.25 66.41 38.04 19.25 65.19 37.64 20.14 65.72
5 24 38.04 19.25 65.19 37.64 20.14 65.72 37.18 19.25 66.41 38.14 20.24 64.77
3 0 37.64 20.14 65.72 38.04 19.25 65.19 38.14 20.24 64.77
5 24 38.04 19.25 65.19 38.14 20.24 64.77 37.64 20.14 65.72 38.54 19.25 63.78
5 24 38.14 20.24 64.77 37.64 20.14 65.72 38.04 19.25 65.19 37.85 21.19 64.77
4 0 37.64 20.14 65.72 38.14 20.24 64.77 37.85 21.19 64.77 37.38 21 65.72
5 24 38.14 20.24 64.77 37.85 21.19 64.77 37.38 21 65.72 38.45 20.3 63.73
3 0 38.04 19.25 65.19 38.54 19.25 63.78 38.14 20.24 64.77
5 24 38.54 19.25 63.78 38.14 20.24 64.77 38.04 19.25 65.19 38.45 20.3 63.73
3 0 38.14 20.24 64.77 38.54 19.25 63.78 38.45 20.3 63.73
5 24 38.54 19.25 63.78 38.45 20.3 63.73 38.14 20.24 64.77 38.55 20.32 62.66
5 24 38.45 20.3 63.73 38.14 20.24 64.77 38.54 19.25 63.78 38.14 21.31 63.73
4 0 38.14 20.24 64.77 38.45 20.3 63.73 38.14 21.31 63.73 37.85 21.19 64.77
5 24 38.45 20.3 63.73 38.14 21.31 63.73 37.85 21.19 64.77 38.55 20.32 62.66
3 0 38.45 20.3 63.73 38.54 19.25 63.78 38.55 20.32 62.66
5 24 38.54 19.25 63.78 38.55 20.32 62.66 38.45 20.3 63.73 38.65 19.25 62.29
5 24 38.55 20.32 62.66 38.45 20.3 63.73 38.54 19.25 63.78 38.24 21.35 62.66
3 0 38.55 20.32 62.66 38.54 19.25 63.78 38.65 19.25 62.29
5 24 38.65 19.25 62.29 38.55 20.32 62.66 38.54 19.25 63.78 38.45 20.3 61.59
3 0 38.55 20.32 62.66 38.65 19.25 62.29 38.45 20.3 61.59
5 24 38.65 19.25 62.29 38.45 20.3 61.59 38.55 20.32 62.66 38.34 19.25 60.82
5 24 38.45 20.3 61.59 38.55 20.32 62.66 38.65 19.25 62.29 38.14 21.31 61.59
3 0 38.45 20.3 61.59 38.65 19.25 62.29 38.34 19.25 60.82
5 24 38.34 19.25 60.82 38.45 20.3 61.59 38.65 19.25 62.29 38.14 20.24 60.56
3 0 38.45 20.3 61.59 38.34 19.25 60.82 38.14 20.24 60.56
5 24 38.34 19.25 60.82 38.14 20.24 60.56 38.45 20.3 61.59 37.65 19.25 59.49
5 24 38.14 20.24 60.56 38.45 20.3 61.59 38.34 19.25 60.82 37.85 21.19 60.56
3 0 38.14 20.24 60.56 38.34 19.25 60.82 37.65 19.25 59.49
5 24 37.65 19.25 59.49 38.14 20.24 60.56 38.34 19.25 60.82 37.64 20.14 59.6
3 0 38.14 20.24 60.56 37.65 19.25 59.49 37.64 20.14 59.6
5 24 37.65 19.25 59.49 37.64 20.14 59.6 38.14 20.24 60.56 36.97 20.01 58.77
5 24 37.64 20.14 59.6 38.14 20.24 60.56 37.65 19.25 59.49 37.38 21 59.6
3 0 37.64 20.14 59.6 37.65 19.25 59.49 36.97 20.01 58.77
5 24 37.65 19.25 59.49 36.97 20.01 58.77 37.64 20.14 59.6 36.63 19.25 58.39
5 24 36.97 20.01 58.77 37.64 20.14 59.6 37.65 19.25 59.49 36.75 20.74 58.77
4 0 37.64 20.14 59.6 36.97 20.01 58.77 36.75 20.74 58.77 37.38 21 59.6
5 24 36.97 20.01 58.77 36.75 20.74 58.77 37.38 21 59.6 36.16 19.85 58.09
5 24 37.38 21 59.6 37.64 20.14 59.6 36.97 20.01 58.77 37.85 21.19 60.56
3 0 37.65 19.25 59.49 36.63 19.25 58.39 36.97 20.01 58.77
5 24 36.63 19.25 58.39 36.97 20.01 58.77 37.65 19.25 59.49 36.16 19.85 58.09
3 0 36.97 20.01 58.77 36.63 19.25 58.39 36.16 19.85 58.09
5 24 36.63 19.25 58.39 36.16 19.85 58.09 36.97 20.01 58.77 35.35 19.25 57.62
5 24 36.16 19.85 58.09 36.97 20.01 58.77 36.63 19.25 58.39 35.98 20.42 58.09
4 0 36.97 20.01 58.77 36.16 19.85 58.09 35.98 20.42 58.09 36.75 20.74 58.77
5 24 36.16 19.85 58.09 35.98 20.42 58.09 36.75 20.74 58.77 35.22 19.66 57.58
3 0 36.63 19.25 58.39 35.35 19.25 57.62 36.16 19.85 58.09
5 24 35.35 19.25 57.62 36.16 19.85 58.09 36.63 19.25 58.39 35.22 19.66 57.58
3 0 36.16 19.85 58.09 35.35 19.25 57.62 35.22 19.66 57.58
5 24 35.35 19.25 57.62 35.22 19.66 57.58 36.16 19.85 58.09 34.21 19.46 57.27
5 24 35.22 19.66 57.58 36.16 19.85 58.09 35.35 19.25 57.62 35.1 20.06 57.58
4 0 36.16 19.85 58.09 35.22 19.66 57.58 35.1 20.06 57.58 35.98 20.42 58.09
5 24 35.22 19.66 57.58 35.1 20.06 57.58 35.98 20.42 58.09 34.21 19.46 57.27
3 0 35.22 19.66 57.58 35.35 19.25 57.62 34.21 19.46 57.27
5 24 35.35 19.25 57.62 34.21 19.46 57.27 35.22 19.66 57.58 33.91 19.25 57.21
5 24 34.21 19.46 57.27 35.22 19.66 57.58 35.35 19.25 57.62 34.15 19.66 57.27
3 0 34.21 19.46 57.27 35.35 19.25 57.62 33.91 19.25 57.21
5 24 33.91 19.25 57.21 34.21 19.46 57.27 35.35 19.25 57.62 34.15 19.66 57.27
3 0 34.21 19.46 57.27 33.91 19.25 57.21 34.15 19.66 57.27
5 24 34.15 19.66 57.27 34.21 19.46 57.27 33.91 19.25 57.21 35.1 20.06 57.58
3 0 27.98 19.25 60.82 27.87 20.3 61.59 28.18 20.24 60.56
5 24 27.98 19.25 60.82 27.87 20.3 61.59 28.18 20.24 60.56 27.67 19.25 62.29
5 24 27.87 20.3 61.59 28.18 20.24 60.56 27.98 19.25 60.82 28.18 21.31 61.59
5 24 28.18 20.24 60.56 27.98 19.25 60.82 27.87 20.3 61.59 28.67 19.25 59.49
4 0 28.18 20.24 60.56 27.87 20.3 61.59 28.18 21.31 61.59 28.46 21.19 60.56
5 24 28.18 21.31 61.59 27.87 20.3 61.59 27.77 20.32 62.66 28.46 21.19 60.56
5 24 28.46 21.19 60.56 28.18 21.31 61.59 28.67 22.25 61.59 28.18 20.24 60.56
5 24 28.46 21.19 60.56 28.18 20.24 60.56 27.87 20.3 61.59 28.93 21 59.6
4 0 28.18 20.24 60.56 28.46 21.19 60.56 28.93 21 59.6 28.67 20.14 59.6
5 24 28.46 21.19 60.56 28.93 21 59.6 28.67 20.14 59.6 28.93 22.07 60.56
5 24 28.67 20.14 59.6 28.93 21 59.6 29.57 20.74 58.77 28.18 20.24 60.56
5 24 28.18 20.24 60.56 28.67 20.14 59.6 28.67 19.25 59.49 28.46 21.19 60.56
4 0 28.93 21 59.6 28.46 21.19 60.56 28.93 22.07 60.56 29.36 21.79 59.6
5 24 28.46 21.19 60.56 28.93 22.07 60.56 29.36 21.79 59.6 28.18 21.31 61.59
5 24 29.36 21.79 59.6 28.93 22.07 60.56 29.57 22.84 60.56 28.93 21 59.6
5 24 29.36 21.79 59.6 28.93 21 59.6 28.46 21.19 60.56 29.93 21.41 58.77
4 0 28.93 21 59.6 29.36 21.79 59.6 29.93 21.41 58.77 29.57 20.74 58.77
5 24 29.36 21.79 59.6 29.93 21.41 58.77 29.57 20.74 58.77 29.93 22.48 59.6
5 24 29.57 20.74 58.77 29.93 21.41 58.77 30.62 20.95 58.09 28.93 21 59.6
5 24 28.93 21 59.6 29.57 20.74 58.77 29.35 20.01 58.77 29.36 21.79 59.6
4 0 29.93 21.41 58.77 29.36 21.79 59.6 29.93 22.48 59.6 30.41 22 58.77
5 24 29.36 21.79 59.6 29.93 22.48 59.6 30.41 22 58.77 28.93 22.07 60.56
5 24 30.41 22 58.77 29.93 22.48 59.6 30.62 23.05 59.6 29.93 21.41 58.77
5 24 30.41 22 58.77 29.93 21.41 58.77 29.36 21.79 59.6 31 21.41 58.09
4 0 29.93 21.41 58.77 30.41 22 58.77 31 21.41 58.09 30.62 20.95 58.09
5 24 30.41 22 58.77 31 21.41 58.09 30.62 20.95 58.09 31 22.48 58.77
5 24 30.62 20.95 58.09 31 21.41 58.09 31.67 20.74 57.58 29.93 21.41 58.77
5 24 29.93 21.41 58.77 30.62 20.95 58.09 30.34 20.42 58.09 30.41 22 58.77
4 0 31 21.41 58.09 30.41 22 58.77 31 22.48 58.77 31.46 21.79 58.09
5 24 30.41 22 58.77 31 22.48 58.77 31.46 21.79 58.09 29.93 22.48 59.6
5 24 31.46 21.79 58.09 31 22.48 58.77 31.67 22.84 58.77 31 21.41 58.09
5 24 31.46 21.79 58.09 31 21.41 58.09 30.41 22 58.77 31.99 21 57.58
4 0 31 21.41 58.09 31.46 21.79 58.09 31.99 21 57.58 31.67 20.74 57.58
5 24 31.46 21.79 58.09 31.99 21 57.58 31.67 20.74 57.58 31.99 22.07 58.09
5 24 31.67 20.74 57.58 31.99 21 57.58 32.56 20.14 57.27 31 21.41 58.09
5 24 31 21.41 58.09 31.67 20.74 57.58 31.41 20.42 57.58 31.46 21.79 58.09
4 0 31.99 21 57.58 31.46 21.79 58.09 31.99 22.07 58.09 32.35 21.19 57.58
5 24 31.46 21.79 58.09 31.99 22.07 58.09 32.35 21.19 57.58 31 22.48 58.77
5 24 32.35 21.19 57.58 31.99 22.07 58.09 32.56 22.25 58.09 31.99 21 57.58
5 24 32.35 21.19 57.58 31.99 21 57.58 31.46 21.79 58.09 32.75 20.24 57.27
4 0 31.99 21 57.58 32.35 21.19 57.58 32.75 20.24 57.27 32.56 20.14 57.27
5 24 32.35 21.19 57.58 32.75 20.24 57.27 32.56 20.14 57.27 32.75 21.31 57.58
5 24 32.56 20.14 57.27 32.75 20.24 57.27 32.41 19.25 57.21 31.99 21 57.58
5 24 32.56 20.14 57.27 31.99 21 57.58 32.35 21.19 57.58 32.4 20.01 57.27
4 0 32.75 20.24 57.27 32.35 21.19 57.58 32.75 21.31 57.58 32.95 20.3 57.27
5 24 32.75 21.31 57.58 32.35 21.19 57.58 31.99 22.07 58.09 32.95 20.3 57.27
5 24 32.95 20.3 57.27 32.75 21.31 57.58 33.16 21.35 57.58 32.75 20.24 57.27
5 24 32.95 20.3 57.27 32.75 20.24 57.27 32.35 21.19 57.58 32.41 19.25 57.21
3 0 32.75 20.24 57.27 32.95 20.3 57.27 32.41 19.25 57.21
5 24 32.95 20.3 57.27 32.41 19.25 57.21 32.75 20.24 57.27 33.16 20.32 57.27
5 24 32.41 19.25 57.21 32.75 20.24 57.27 32.95 20.3 57.27 32.56 20.14 57.27
3 0 32.41 19.25 57.21 32.95 20.3 57.27 33.16 20.32 57.27
5 24 32.95 20.3 57.27 33.16 20.32 57.27 32.41 19.25 57.21 32.75 21.31 57.58
4 0 32.41 19.25 57.21 33.16 20.32 57.27 33.37 20.3 57.27 33.91 19.25 57.21
5 24 33.16 20.32 57.27 33.37 20.3 57.27 33.91 19.25 57.21 33.16 21.35 57.58
5 24 33.37 20.3 57.27 33.91 19.25 57.21 32.41 19.25 57.21 33.57 20.24 57.27
3 0 33.91 19.25 57.21 33.37 20.3 57.27 33.57 20.24 57.27
5 24 33.37 20.3 57.27 33.57 20.24 57.27 33.91 19.25 57.21 33.57 21.31 57.58
5 24 33.57 20.24 57.27 33.91 19.25 57.21 33.37 20.3 57.27 33.76 20.14 57.27
4 0 33.57 20.24 57.27 33.37 20.3 57.27 33.57 21.31 57.58 33.96 21.19 57.58
5 24 33.37 20.3 57.27 33.57 21.31 57.58 33.96 21.19 57.58 33.16 20.32 57.27
4 0 31 21.41 58.09 31.67 20.74 57.58 31.41 20.42 57.58 30.62 20.95 58.09
5 24 31.67 20.74 57.58 31.41 20.42 57.58 30.62 20.95 58.09 32.4 20.01 57.27
5 24 31.41 20.42 57.58 30.62 20.95 58.09 31 21.41 58.09 31.21 20.06 57.58
4 0 30.62 20.95 58.09 31.41 20.42 57.58 31.21 20.06 57.58 30.34 20.42 58.09
5 24 31.41 20.42 57.58 31.21 20.06 57.58 30.34 20.42 58.09 32.27 19.85 57.27
5 24 31.21 20.06 57.58 30.34 20.42 58.09 30.62 20.95 58.09 31.1 19.66 57.58
5 24 30.34 20.42 58.09 30.62 20.95 58.09 31.41 20.42 57.58 29.57 20.74 58.77
4 0 30.34 20.42 58.09 31.21 20.06 57.58 31.1 19.66 57.58 30.16 19.85 58.09
5 24 31.21 20.06 57.58 31.1 19.66 57.58 30.16 19.85 58.09 32.17 19.66 57.27
5 24 31.1 19.66 57.58 30.16 19.85 58.09 30.34 20.42 58.09 30.97 19.25 57.62
5 24 30.16 19.85 58.09 30.34 20.42 58.09 31.21 20.06 57.58 29.35 20.01 58.77
3 0 30.16 19.85 58.09 31.1 19.66 57.58 30.97 19.25 57.62
5 24 31.1 19.66 57.58 30.97 19.25 57.62 30.16 19.85 58.09 32.11 19.46 57.27
5 24 30.97 19.25 57.62 30.16 19.85 58.09 31.1 19.66 57.58 29.69 19.25 58.39
3 0 30.97 19.25 57.62 31.1 19.66 57.58 32.11 19.46 57.27
5 24 31.1 19.66 57.58 32.11 19.46 57.27 30.97 19.25 57.62 31.21 20.06 57.58
5 24 32.11 19.46 57.27 30.97 19.25 57.62 31.1 19.66 57.58 32.41 19.25 57.21
3 0 30.97 19.25 57.62 32.11 19.46 57.27 32.41 19.25 57.21
5 24 32.11 19.46 57.27 32.41 19.25 57.21 30.97 19.25 57.62 32.17 19.66 57.27
3 0 32.41 19.25 57.21 32.11 19.46 57.27 32.17 19.66 57.27
5 24 32.11 19.46 57.27 32.17 19.66 57.27 32.41 19.25 57.21 31.1 19.66 57.58
5 24 32.17 19.66 57.27 32.41 19.25 57.21 32.11 19.46 57.27 32.27 19.85 57.27
3 0 32.41 19.25 57.21 32.17 19.66 57.27 32.27 19.85 57.27
5 24 32.17 19.66 57.27 32.27 19.85 57.27 32.41 19.25 57.21 31.21 20.06 57.58
5 24 32.27 19.85 57.27 32.41 19.25 57.21 32.17 19.66 57.27 32.4 20.01 57.27
4 0 32.27 19.85 57.27 32.17 19.66 57.27 31.21 20.06 57.58 31.41 20.42 57.58
5 24 32.17 19.66 57.27 31.21 20.06 57.58 31.41 20.42 57.58 32.11 19.46 57.27
5 24 31.41 20.42 57.58 32.27 19.85 57.27 32.17 19.66 57.27 31.67 20.74 57.58
3 0 30.97 19.25 57.62 29.69 19.25 58.39 30.16 19.85 58.09
5 24 29.69 19.25 58.39 30.16 19.85 58.09 30.97 19.25 57.62 29.35 20.01 58.77
3 0 30.16 19.85 58.09 29.69 19.25 58.39 29.35 20.01 58.77
5 24 29.69 19.25 58.39 29.35 20.01 58.77 30.16 19.85 58.09 28.67 19.25 59.49
5 24 29.35 20.01 58.77 30.16 19.85 58.09 29.69 19.25 58.39 29.57 20.74 58.77
4 0 30.16 19.85 58.09 29.35 20.01 58.77 29.57 20.74 58.77 30.34 20.42 58.09
5 24 29.35 20.01 58.77 29.57 20.74 58.77 30.34 20.42 58.09 28.67 20.14 59.6
5 24 29.57 20.74 58.77 30.34 20.42 58.09 30.16 19.85 58.09 29.93 21.41 58.77
4 0 30.34 20.42 58.09 29.57 20.74 58.77 29.93 21.41 58.77 30.62 20.95 58.09
3 0 29.69 19.25 58.39 28.67 19.25 59.49 29.35 20.01 58.77
5 24 28.67 19.25 59.49 29.35 20.01 58.77 29.69 19.25 58.39 28.67 20.14 59.6
3 0 29.35 20.01 58.77 28.67 19.25 59.49 28.67 20.14 59.6
5 24 28.67 19.25 59.49 28.67 20.14 59.6 29.35 20.01 58.77 28.18 20.24 60.56
5 24 28.67 20.14 59.6 29.35 20.01 58.77 28.67 19.25 59.49 28.93 21 59.6
4 0 29.35 20.01 58.77 28.67 20.14 59.6 28.93 21 59.6 29.57 20.74 58.77
3 0 28.67 20.14 59.6 28.67 19.25 59.49 28.18 20.24 60.56
5 24 28.67 19.25 59.49 28.18 20.24 60.56 28.67 20.14 59.6 27.98 19.25 60.82
3 0 28.18 20.24 60.56 28.67 19.25 59.49 27.98 19.25 60.82
3 0 27.98 19.25 60.82 27.67 19.25 62.29 27.87 20.3 61.59
5 24 27.67 19.25 62.29 27.87 20.3 61.59 27.98 19.25 60.82 27.77 20.32 62.66
3 0 27.87 20.3 61.59 27.67 19.25 62.29 27.77 20.32 62.66
5 24 27.67 19.25 62.29 27.77 20.32 62.66 27.87 20.3 61.59 27.77 19.25 63.78
5 24 27.77 20.32 62.66 27.87 20.3 61.59 27.67 19.25 62.29 28.08 21.35 62.66
4 0 27.87 20.3 61.59 27.77 20.32 62.66 28.08 21.35 62.66 28.18 21.31 61.59
5 24 27.77 20.32 62.66 28.08 21.35 62.66 28.18 21.31 61.59 27.87 20.3 63.73
5 24 28.08 21.35 62.66 28.18 21.31 61.59 27.87 20.3 61.59 28.59 22.31 62.66
4 0 28.18 21.31 61.59 28.08 21.35 62.66 28.59 22.31 62.66 28.67 22.25 61.59
5 24 28.08 21.35 62.66 28.59 22.31 62.66 28.67 22.25 61.59 28.18 21.31 63.73
5 24 28.59 22.31 62.66 28.67 22.25 61.59 28.18 21.31 61.59 29.27 23.14 62.66
5 24 28.67 22.25 61.59 28.18 21.31 61.59 28.08 21.35 62.66 28.93 22.07 60.56
4 0 28.67 22.25 61.59 28.59 22.31 62.66 29.27 23.14 62.66 29.35 23.06 61.59
5 24 29.35 23.06 61.59 28.67 22.25 61.59 28.59 22.31 62.66 29.57 22.84 60.56
3 0 27.67 19.25 62.29 27.77 19.25 63.78 27.77 20.32 62.66
5 24 27.77 19.25 63.78 27.77 20.32 62.66 27.67 19.25 62.29 27.87 20.3 63.73
3 0 27.77 20.32 62.66 27.77 19.25 63.78 27.87 20.3 63.73
5 24 27.77 19.25 63.78 27.87 20.3 63.73 27.77 20.32 62.66 28.18 20.24 64.77
5 24 27.87 20.3 63.73 27.77 20.32 62.66 27.77 19.25 63.78 28.18 21.31 63.73
4 0 27.77 20.32 62.66 27.87 20.3 63.73 28.18 21.31 63.73 28.08 21.35 62.66
5 24 27.87 20.3 63.73 28.18 21.31 63.73 28.08 21.35 62.66 28.18 20.24 64.77
5 24 28.18 21.31 63.73 28.08 21.35 62.66 27.77 20.32 62.66 28.67 22.25 63.73
4 0 28.08 21.35 62.66 28.18 21.31 63.73 28.67 22.25 63.73 28.59 22.31 62.66
3 0 27.87 20.3 63.73 27.77 19.25 63.78 28.18 20.24 64.77
5 24 27.77 19.25 63.78 28.18 20.24 64.77 27.87 20.3 63.73 28.28 19.25 65.19
5 24 28.18 20.24 64.77 27.87 20.3 63.73 27.77 19.25 63.78 28.46 21.19 64.77
3 0 28.18 20.24 64.77 27.77 19.25 63.78 28.28 19.25 65.19
5 24 28.28 19.25 65.19 28.18 20.24 64.77 27.77 19.25 63.78 28.67 20.14 65.72
3 0 28.18 20.24 64.77 28.28 19.25 65.19 28.67 20.14 65.72
5 24 28.28 19.25 65.19 28.67 20.14 65.72 28.18 20.24 64.77 29.14 19.25 66.41
3 0 28.67 20.14 65.72 28.28 19.25 65.19 29.14 19.25 66.41
3 0 32.75 20.24 57.27 32.41 19.25 57.21 32.56 20.14 57.27
5 24 32.41 19.25 57.21 32.56 20.14 57.27 32.75 20.24 57.27 32.4 20.01 57.27
3 0 32.56 20.14 57.27 32.41 19.25 57.21 32.4 20.01 57.27
5 24 32.41 19.25 57.21 32.4 20.01 57.27 32.56 20.14 57.27 32.27 19.85 57.27
5 24 32.4 20.01 57.27 32.56 20.14 57.27 32.41 19.25 57.21 31.67 20.74 57.58
4 0 32.56 20.14 57.27 32.4 20.01 57.27 31.67 20.74 57.58 31.99 21 57.58
5 24 32.4 20.01 57.27 31.67 20.74 57.58 31.99 21 57.58 32.27 19.85 57.27
4 0 31.67 20.74 57.58 32.4 20.01 57.27 32.27 19.85 57.27 31.41 20.42 57.58
5 24 32.27 19.85 57.27 32.4 20.01 57.27 32.41 19.25 57.21 31.41 20.42 57.58
4 0 34.15 19.66 57.27 35.1 20.06 57.58 35.22 19.66 57.58 34.21 19.46 57.27
4 0 37.38 21 59.6 37.85 21.19 60.56 38.14 20.24 60.56 37.64 20.14 59.6
5 24 37.85 21.19 60.56 38.14 20.24 60.56 37.64 20.14 59.6 38.14 21.31 61.59
4 0 37.85 21.19 60.56 38.14 21.31 61.59 38.45 20.3 61.59 38.14 20.24 60.56
5 24 38.14 21.31 61.59 38.45 20.3 61.59 38.14 20.24 60.56 38.24 21.35 62.66
4 0 38.14 21.31 61.59 38.24 21.35 62.66 38.55 20.32 62.66 38.45 20.3 61.59
5 24 38.24 21.35 62.66 38.55 20.32 62.66 38.45 20.3 61.59 38.14 21.31 63.73
4 0 38.24 21.35 62.66 38.14 21.31 63.73 38.45 20.3 63.73 38.55 20.32 62.66
4 0 36.75 20.74 66.55 35.98 20.42 67.23 36.16 19.85 67.23 36.97 20.01 66.55
5 24 35.98 20.42 67.23 36.16 19.85 67.23 36.97 20.01 66.55 35.1 20.06 67.74
4 0 35.98 20.42 67.23 35.1 20.06 67.74 35.22 19.66 67.74 36.16 19.85 67.23
5 24 35.1 20.06 67.74 35.22 19.66 67.74 36.16 19.85 67.23 34.15 19.66 68.05
4 0 35.1 20.06 67.74 34.15 19.66 68.05 34.21 19.46 68.05 35.22 19.66 67.74
4 0 31.1 19.66 67.74 32.11 19.46 68.05 32.17 19.66 68.05 31.21 20.06 67.74
5 24 32.17 19.66 68.05 31.21 20.06 67.74 31.1 19.66 67.74 32.27 19.85 68.05
5 24 31.21 20.06 67.74 31.1 19.66 67.74 32.11 19.46 68.05 30.34 20.42 67.23
4 0 31.21 20.06 67.74 32.17 19.66 68.05 32.27 19.85 68.05 31.41 20.42 67.74
5 24 32.27 19.85 68.05 31.41 20.42 67.74 31.21 20.06 67.74 32.4 20.01 68.05
5 24 31.41 20.42 67.74 31.21 20.06 67.74 32.17 19.66 68.05 30.62 20.95 67.23
4 0 31.41 20.42 67.74 32.27 19.85 68.05 32.4 20.01 68.05 31.67 20.74 67.74
5 24 32.4 20.01 68.05 31.67 20.74 67.74 31.41 20.42 67.74 32.56 20.14 68.05
5 24 31.67 20.74 67.74 31.41 20.42 67.74 32.27 19.85 68.05 31 21.41 67.23
4 0 31.67 20.74 67.74 32.4 20.01 68.05 32.56 20.14 68.05 31.99 21 67.74
5 24 32.56 20.14 68.05 31.99 21 67.74 31.67 20.74 67.74 32.75 20.24 68.05
5 24 31.99 21 67.74 31.67 20.74 67.74 32.4 20.01 68.05 31.46 21.79 67.23
4 0 31.99 21 67.74 32.56 20.14 68.05 32.75 20.24 68.05 32.35 21.19 67.74
5 24 32.75 20.24 68.05 32.35 21.19 67.74 31.99 21 67.74 32.95 20.3 68.05
5 24 32.35 21.19 67.74 31.99 21 67.74 32.56 20.14 68.05 31.99 22.07 67.23
4 0 32.35 21.19 67.74 32.75 20.24 68.05 32.95 20.3 68.05 32.75 21.31 67.74
5 24 32.95 20.3 68.05 32.75 21.31 67.74 32.35 21.19 67.74 33.16 20.32 68.05
5 24 32.75 21.31 67.74 32.35 21.19 67.74 32.75 20.24 68.05 32.56 22.25 67.23
4 0 32.75 21.31 67.74 32.95 20.3 68.05 33.16 20.32 68.05 33.16 21.35 67.74
5 24 33.16 20.32 68.05 33.16 21.35 67.74 32.75 21.31 67.74 33.37 20.3 68.05
5 24 33.16 21.35 67.74 32.75 21.31 67.74 32.95 20.3 68.05 33.16 22.31 67.23
4 0 33.16 21.35 67.74 33.16 20.32 68.05 33.37 20.3 68.05 33.57 21.31 67.74
5 24 33.37 20.3 68.05 33.57 21.31 67.74 33.16 21.35 67.74 33.57 20.24 68.05
5 24 33.57 21.31 67.74 33.16 21.35 67.74 33.16 20.32 68.05 33.76 22.25 67.23
4 0 33.57 21.31 67.74 33.37 20.3 68.05 33.57 20.24 68.05 33.96 21.19 67.74
5 24 33.57 20.24 68.05 33.96 21.19 67.74 33.57 21.31 67.74 33.76 20.14 68.05
5 24 33.96 21.19 67.74 33.57 21.31 67.74 33.37 20.3 68.05 34.33 22.07 67.23
4 0 33.96 21.19 67.74 33.57 20.24 68.05 33.76 20.14 68.05 34.33 21 67.74
5 24 33.76 20.14 68.05 34.33 21 67.74 33.96 21.19 67.74 33.92 20.01 68.05
5 24 34.33 21 67.74 33.96 21.19 67.74 33.57 20.24 68.05 34.86 21.79 67.23
4 0 34.33 21 67.74 33.76 20.14 68.05 33.92 20.01 68.05 34.65 20.74 67.74
5 24 33.92 20.01 68.05 34.65 20.74 67.74 34.33 21 67.74 34.05 19.85 68.05
5 24 34.65 20.74 67.74 34.33 21 67.74 33.76 20.14 68.05 35.32 21.41 67.23
4 0 34.65 20.74 67.74 33.92 20.01 68.05 34.05 19.85 68.05 34.91 20.42 67.74
5 24 34.91 20.42 67.74 34.65 20.74 67.74 33.92 20.01 68.05 35.7 20.95 67.23
4 0 30.16 19.85 67.23 31.1 19.66 67.74 31.21 20.06 67.74 30.34 20.42 67.23
5 24 31.21 20.06 67.74 30.34 20.42 67.23 30.16 19.85 67.23 31.41 20.42 67.74
5 24 30.34 20.42 67.23 30.16 19.85 67.23 31.1 19.66 67.74 29.57 20.74 66.55
4 0 30.34 20.42 67.23 31.21 20.06 67.74 31.41 20.42 67.74 30.62 20.95 67.23
5 24 31.41 20.42 67.74 30.62 20.95 67.23 30.34 20.42 67.23 31.67 20.74 67.74
5 24 30.62 20.95 67.23 30.34 20.42 67.23 31.21 20.06 67.74 29.93 21.41 66.55
4 0 30.62 20.95 67.23 31.41 20.42 67.74 31.67 20.74 67.74 31 21.41 67.23
5 24 31.67 20.74 67.74 31 21.41 67.23 30.62 20.95 67.23 31.99 21 67.74
5 24 31 21.41 67.23 30.62 20.95 67.23 31.41 20.42 67.74 30.41 22 66.55
4 0 31 21.41 67.23 31.67 20.74 67.74 31.99 21 67.74 31.46 21.79 67.23
5 24 31.99 21 67.74 31.46 21.79 67.23 31 21.41 67.23 32.35 21.19 67.74
5 24 31.46 21.79 67.23 31 21.41 67.23 31.67 20.74 67.74 31 22.48 66.55
4 0 31.46 21.79 67.23 31.99 21 67.74 32.35 21.19 67.74 31.99 22.07 67.23
5 24 32.35 21.19 67.74 31.99 22.07 67.23 31.46 21.79 67.23 32.75 21.31 67.74
5 24 31.99 22.07 67.23 31.46 21.79 67.23 31.99 21 67.74 31.67 22.84 66.55
4 0 31.99 22.07 67.23 32.35 21.19 67.74 32.75 21.31 67.74 32.56 22.25 67.23
5 24 32.75 21.31 67.74 32.56 22.25 67.23 31.99 22.07 67.23 33.16 21.35 67.74
5 24 32.56 22.25 67.23 31.99 22.07 67.23 32.35 21.19 67.74 32.4 23.06 66.55
4 0 32.56 22.25 67.23 32.75 21.31 67.74 33.16 21.35 67.74 33.16 22.31 67.23
5 24 33.16 21.35 67.74 33.16 22.31 67.23 32.56 22.25 67.23 33.57 21.31 67.74
5 24 33.16 22.31 67.23 32.56 22.25 67.23 32.75 21.31 67.74 33.16 23.14 66.55
4 0 33.16 22.31 67.23 33.16 21.35 67.74 33.57 21.31 67.74 33.76 22.25 67.23
5 24 33.57 21.31 67.74 33.76 22.25 67.23 33.16 22.31 67.23 33.96 21.19 67.74
5 24 33.76 22.25 67.23 33.16 22.31 67.23 33.16 21.35 67.74 33.92 23.06 66.55
4 0 33.76 22.25 67.23 33.57 21.31 67.74 33.96 21.19 67.74 34.33 22.07 67.23
5 24 33.96 21.19 67.74 34.33 22.07 67.23 33.76 22.25 67.23 34.33 21 67.74
5 24 34.33 22.07 67.23 33.76 22.25 67.23 33.57 21.31 67.74 34.65 22.84 66.55
4 0 34.33 22.07 67.23 33.96 21.19 67.74 34.33 21 67.74 34.86 21.79 67.23
5 24 34.33 21 67.74 34.86 21.79 67.23 34.33 22.07 67.23 34.65 20.74 67.74
5 24 34.86 21.79 67.23 34.33 22.07 67.23 33.96 21.19 67.74 35.32 22.48 66.55
4 0 34.86 21.79 67.23 34.33 21 67.74 34.65 20.74 67.74 35.32 21.41 67.23
5 24 34.65 20.74 67.74 35.32 21.41 67.23 34.86 21.79 67.23 34.91 20.42 67.74
5 24 35.32 21.41 67.23 34.86 21.79 67.23 34.33 21 67.74 35.91 22 66.55
4 0 35.32 21.41 67.23 34.65 20.74 67.74 34.91 20.42 67.74 35.7 20.95 67.23
5 24 35.7 20.95 67.23 35.32 21.41 67.23 34.65 20.74 67.74 36.39 21.41 66.55
4 0 29.35 20.01 66.55 30.16 19.85 67.23 30.34 20.42 67.23 29.57 20.74 66.55
5 24 30.34 20.42 67.23 29.57 20.74 66.55 29.35 20.01 66.55 30.62 20.95 67.23
4 0 29.57 20.74 66.55 30.34 20.42 67.23 30.62 20.95 67.23 29.93 21.41 66.55
5 24 30.62 20.95 67.23 29.93 21.41 66.55 29.57 20.74 66.55 31 21.41 67.23
5 24 29.93 21.41 66.55 29.57 20.74 66.55 30.34 20.42 67.23 29.36 21.79 65.72
4 0 29.93 21.41 66.55 30.62 20.95 67.23 31 21.41 67.23 30.41 22 66.55
5 24 31 21.41 67.23 30.41 22 66.55 29.93 21.41 66.55 31.46 21.79 67.23
5 24 30.41 22 66.55 29.93 21.41 66.55 30.62 20.95 67.23 29.93 22.48 65.72
4 0 30.41 22 66.55 31 21.41 67.23 31.46 21.79 67.23 31 22.48 66.55
5 24 31.46 21.79 67.23 31 22.48 66.55 30.41 22 66.55 31.99 22.07 67.23
5 24 31 22.48 66.55 30.41 22 66.55 31 21.41 67.23 30.62 23.05 65.72
4 0 31 22.48 66.55 31.46 21.79 67.23 31.99 22.07 67.23 31.67 22.84 66.55
5 24 31.99 22.07 67.23 31.67 22.84 66.55 31 22.48 66.55 32.56 22.25 67.23
5 24 31.67 22.84 66.55 31 22.48 66.55 31.46 21.79 67.23 31.41 23.47 65.72
4 0 31.67 22.84 66.55 31.99 22.07 67.23 32.56 22.25 67.23 32.4 23.06 66.55
5 24 32.56 22.25 67.23 32.4 23.06 66.55 31.67 22.84 66.55 33.16 22.31 67.23
5 24 32.4 23.06 66.55 31.67 22.84 66.55 31.99 22.07 67.23 32.27 23.74 65.72
4 0 32.4 23.06 66.55 32.56 22.25 67.23 33.16 22.31 67.23 33.16 23.14 66.55
5 24 33.16 22.31 67.23 33.16 23.14 66.55 32.4 23.06 66.55 33.76 22.25 67.23
5 24 33.16 23.14 66.55 32.4 23.06 66.55 32.56 22.25 67.23 33.16 23.82 65.72
4 0 33.16 23.14 66.55 33.16 22.31 67.23 33.76 22.25 67.23 33.92 23.06 66.55
5 24 33.76 22.25 67.23 33.92 23.06 66.55 33.16 23.14 66.55 34.33 22.07 67.23
5 24 33.92 23.06 66.55 33.16 23.14 66.55 33.16 22.31 67.23 34.05 23.74 65.72
4 0 33.92 23.06 66.55 33.76 22.25 67.23 34.33 22.07 67.23 34.65 22.84 66.55
5 24 34.33 22.07 67.23 34.65 22.84 66.55 33.92 23.06 66.55 34.86 21.79 67.23
5 24 34.65 22.84 66.55 33.92 23.06 66.55 33.76 22.25 67.23 34.91 23.47 65.72
4 0 34.65 22.84 66.55 34.33 22.07 67.23 34.86 21.79 67.23 35.32 22.48 66.55
5 24 34.86 21.79 67.23 35.32 22.48 66.55 34.65 22.84 66.55 35.32 21.41 67.23
5 24 35.32 22.48 66.55 34.65 22.84 66.55 34.33 22.07 67.23 35.7 23.05 65.72
4 0 35.32 22.48 66.55 34.86 21.79 67.23 35.32 21.41 67.23 35.91 22 66.55
5 24 35.32 21.41 67.23 35.91 22 66.55 35.32 22.48 66.55 35.7 20.95 67.23
5 24 35.91 22 66.55 35.32 22.48 66.55 34.86 21.79 67.23 36.39 22.48 65.72
4 0 35.91 22 66.55 35.32 21.41 67.23 35.7 20.95 67.23 36.39 21.41 66.55
5 24 36.39 21.41 66.55 35.91 22 66.55 35.32 21.41 67.23 36.96 21.79 65.72
4 0 28.18 20.24 64.77 28.46 21.19 64.77 28.18 21.31 63.73 27.87 20.3 63.73
4 0 31.21 20.06 57.58 32.17 19.66 57.27 32.11 19.46 57.27 31.1 19.66 57.58
4 0 36.39 21.41 66.55 36.96 21.79 65.72 36.39 22.48 65.72 35.91 22 66.55
5 24 36.96 21.79 65.72 36.39 22.48 65.72 35.91 22 66.55 37.38 22.07 64.77
5 24 36.39 22.48 65.72 35.91 22 66.55 36.39 21.41 66.55 35.7 23.05 65.72
4 0 35.91 22 66.55 36.39 22.48 65.72 35.7 23.05 65.72 35.32 22.48 66.55
5 24 36.39 22.48 65.72 35.7 23.05 65.72 35.32 22.48 66.55 36.75 22.84 64.77
5 24 35.7 23.05 65.72 35.32 22.48 66.55 35.91 22 66.55 34.91 23.47 65.72
4 0 35.32 22.48 66.55 35.7 23.05 65.72 34.91 23.47 65.72 34.65 22.84 66.55
5 24 35.7 23.05 65.72 34.91 23.47 65.72 34.65 22.84 66.55 35.98 23.47 64.77
5 24 34.91 23.47 65.72 34.65 22.84 66.55 35.32 22.48 66.55 34.05 23.74 65.72
4 0 34.65 22.84 66.55 34.91 23.47 65.72 34.05 23.74 65.72 33.92 23.06 66.55
5 24 34.91 23.47 65.72 34.05 23.74 65.72 33.92 23.06 66.55 35.1 23.94 64.77
5 24 34.05 23.74 65.72 33.92 23.06 66.55 34.65 22.84 66.55 33.16 23.82 65.72
4 0 33.92 23.06 66.55 34.05 23.74 65.72 33.16 23.82 65.72 33.16 23.14 66.55
5 24 34.05 23.74 65.72 33.16 23.82 65.72 33.16 23.14 66.55 34.15 24.23 64.77
5 24 33.16 23.82 65.72 33.16 23.14 66.55 33.92 23.06 66.55 32.27 23.74 65.72
4 0 33.16 23.14 66.55 33.16 23.82 65.72 32.27 23.74 65.72 32.4 23.06 66.55
5 24 33.16 23.82 65.72 32.27 23.74 65.72 32.4 23.06 66.55 33.16 24.33 64.77
5 24 32.27 23.74 65.72 32.4 23.06 66.55 33.16 23.14 66.55 31.41 23.47 65.72
4 0 32.4 23.06 66.55 32.27 23.74 65.72 31.41 23.47 65.72 31.67 22.84 66.55
5 24 32.27 23.74 65.72 31.41 23.47 65.72 31.67 22.84 66.55 32.17 24.23 64.77
5 24 31.41 23.47 65.72 31.67 22.84 66.55 32.4 23.06 66.55 30.62 23.05 65.72
4 0 31.67 22.84 66.55 31.41 23.47 65.72 30.62 23.05 65.72 31 22.48 66.55
5 24 31.41 23.47 65.72 30.62 23.05 65.72 31 22.48 66.55 31.21 23.94 64.77
5 24 30.62 23.05 65.72 31 22.48 66.55 31.67 22.84 66.55 29.93 22.48 65.72
4 0 31 22.48 66.55 30.62 23.05 65.72 29.93 22.48 65.72 30.41 22 66.55
5 24 30.62 23.05 65.72 29.93 22.48 65.72 30.41 22 66.55 30.34 23.47 64.77
5 24 29.93 22.48 65.72 30.41 22 66.55 31 22.48 66.55 29.36 21.79 65.72
4 0 30.41 22 66.55 29.93 22.48 65.72 29.36 21.79 65.72 29.93 21.41 66.55
5 24 29.93 22.48 65.72 29.36 21.79 65.72 29.93 21.41 66.55 29.57 22.84 64.77
5 24 29.36 21.79 65.72 29.93 21.41 66.55 30.41 22 66.55 28.93 21 65.72
4 0 29.93 21.41 66.55 29.36 21.79 65.72 28.93 21 65.72 29.57 20.74 66.55
4 0 36.96 21.79 65.72 37.38 22.07 64.77 36.75 22.84 64.77 36.39 22.48 65.72
5 24 37.38 22.07 64.77 36.75 22.84 64.77 36.39 22.48 65.72 37.64 22.25 63.73
5 24 36.75 22.84 64.77 36.39 22.48 65.72 36.96 21.79 65.72 35.98 23.47 64.77
4 0 36.39 22.48 65.72 36.75 22.84 64.77 35.98 23.47 64.77 35.7 23.05 65.72
5 24 36.75 22.84 64.77 35.98 23.47 64.77 35.7 23.05 65.72 36.97 23.06 63.73
5 24 35.98 23.47 64.77 35.7 23.05 65.72 36.39 22.48 65.72 35.1 23.94 64.77
4 0 35.7 23.05 65.72 35.98 23.47 64.77 35.1 23.94 64.77 34.91 23.47 65.72
5 24 35.98 23.47 64.77 35.1 23.94 64.77 34.91 23.47 65.72 36.16 23.74 63.73
5 24 35.1 23.94 64.77 34.91 23.47 65.72 35.7 23.05 65.72 34.15 24.23 64.77
4 0 34.91 23.47 65.72 35.1 23.94 64.77 34.15 24.23 64.77 34.05 23.74 65.72
5 24 35.1 23.94 64.77 34.15 24.23 64.77 34.05 23.74 65.72 35.22 24.23 63.73
5 24 34.15 24.23 64.77 34.05 23.74 65.72 34.91 23.47 65.72 33.16 24.33 64.77
4 0 34.05 23.74 65.72 34.15 24.23 64.77 33.16 24.33 64.77 33.16 23.82 65.72
5 24 34.15 24.23 64.77 33.16 24.33 64.77 33.16 23.82 65.72 34.21 24.54 63.73
5 24 33.16 24.33 64.77 33.16 23.82 65.72 34.05 23.74 65.72 32.17 24.23 64.77
4 0 33.16 23.82 65.72 33.16 24.33 64.77 32.17 24.23 64.77 32.27 23.74 65.72
5 24 33.16 24.33 64.77 32.17 24.23 64.77 32.27 23.74 65.72 33.16 24.64 63.73
5 24 32.17 24.23 64.77 32.27 23.74 65.72 33.16 23.82 65.72 31.21 23.94 64.77
4 0 32.27 23.74 65.72 32.17 24.23 64.77 31.21 23.94 64.77 31.41 23.47 65.72
5 24 32.17 24.23 64.77 31.21 23.94 64.77 31.41 23.47 65.72 32.11 24.54 63.73
5 24 31.21 23.94 64.77 31.41 23.47 65.72 32.27 23.74 65.72 30.34 23.47 64.77
4 0 31.41 23.47 65.72 31.21 23.94 64.77 30.34 23.47 64.77 30.62 23.05 65.72
5 24 31.21 23.94 64.77 30.34 23.47 64.77 30.62 23.05 65.72 31.1 24.23 63.73
5 24 30.34 23.47 64.77 30.62 23.05 65.72 31.41 23.47 65.72 29.57 22.84 64.77
4 0 30.62 23.05 65.72 30.34 23.47 64.77 29.57 22.84 64.77 29.93 22.48 65.72
5 24 30.34 23.47 64.77 29.57 22.84 64.77 29.93 22.48 65.72 30.16 23.74 63.73
5 24 29.57 22.84 64.77 29.93 22.48 65.72 30.62 23.05 65.72 28.93 22.07 64.77
4 0 29.93 22.48 65.72 29.57 22.84 64.77 28.93 22.07 64.77 29.36 21.79 65.72
4 0 37.38 22.07 64.77 37.64 22.25 63.73 36.97 23.06 63.73 36.75 22.84 64.77
5 24 37.64 22.25 63.73 36.97 23.06 63.73 36.75 22.84 64.77 37.73 22.31 62.66
5 24 36.97 23.06 63.73 36.75 22.84 64.77 37.38 22.07 64.77 36.16 23.74 63.73
4 0 36.75 22.84 64.77 36.97 23.06 63.73 36.16 23.74 63.73 35.98 23.47 64.77
5 24 36.97 23.06 63.73 36.16 23.74 63.73 35.98 23.47 64.77 37.05 23.14 62.66
5 24 36.16 23.74 63.73 35.98 23.47 64.77 36.75 22.84 64.77 35.22 24.23 63.73
4 0 35.98 23.47 64.77 36.16 23.74 63.73 35.22 24.23 63.73 35.1 23.94 64.77
5 24 36.16 23.74 63.73 35.22 24.23 63.73 35.1 23.94 64.77 36.22 23.82 62.66
5 24 35.22 24.23 63.73 35.1 23.94 64.77 35.98 23.47 64.77 34.21 24.54 63.73
4 0 35.1 23.94 64.77 35.22 24.23 63.73 34.21 24.54 63.73 34.15 24.23 64.77
5 24 35.22 24.23 63.73 34.21 24.54 63.73 34.15 24.23 64.77 35.26 24.33 62.66
5 24 34.21 24.54 63.73 34.15 24.23 64.77 35.1 23.94 64.77 33.16 24.64 63.73
4 0 34.15 24.23 64.77 34.21 24.54 63.73 33.16 24.64 63.73 33.16 24.33 64.77
5 24 34.21 24.54 63.73 33.16 24.64 63.73 33.16 24.33 64.77 34.23 24.64 62.66
5 24 33.16 24.64 63.73 33.16 24.33 64.77 34.15 24.23 64.77 32.11 24.54 63.73
4 0 33.16 24.33 64.77 33.16 24.64 63.73 32.11 24.54 63.73 32.17 24.23 64.77
5 24 33.16 24.64 63.73 32.11 24.54 63.73 32.17 24.23 64.77 33.16 24.75 62.66
5 24 32.11 24.54 63.73 32.17 24.23 64.77 33.16 24.33 64.77 31.1 24.23 63.73
4 0 32.17 24.23 64.77 32.11 24.54 63.73 31.1 24.23 63.73 31.21 23.94 64.77
5 24 32.11 24.54 63.73 31.1 24.23 63.73 31.21 23.94 64.77 32.09 24.64 62.66
5 24 31.1 24.23 63.73 31.21 23.94 64.77 32.17 24.23 64.77 30.16 23.74 63.73
4 0 31.21 23.94 64.77 31.1 24.23 63.73 30.16 23.74 63.73 30.34 23.47 64.77
5 24 31.1 24.23 63.73 30.16 23.74 63.73 30.34 23.47 64.77 31.05 24.33 62.66
5 24 30.16 23.74 63.73 30.34 23.47 64.77 31.21 23.94 64.77 29.35 23.06 63.73
4 0 30.34 23.47 64.77 30.16 23.74 63.73 29.35 23.06 63.73 29.57 22.84 64.77
4 0 37.64 22.25 63.73 37.73 22.31 62.66 37.05 23.14 62.66 36.97 23.06 63.73
5 24 37.73 22.31 62.66 37.05 23.14 62.66 36.97 23.06 63.73 37.64 22.25 61.59
5 24 37.05 23.14 62.66 36.97 23.06 63.73 37.64 22.25 63.73 36.22 23.82 62.66
4 0 36.97 23.06 63.73 37.05 23.14 62.66 36.22 23.82 62.66 36.16 23.74 63.73
5 24 37.05 23.14 62.66 36.22 23.82 62.66 36.16 23.74 63.73 36.97 23.06 61.59
5 24 36.22 23.82 62.66 36.16 23.74 63.73 36.97 23.06 63.73 35.26 24.33 62.66
4 0 36.16 23.74 63.73 36.22 23.82 62.66 35.26 24.33 62.66 35.22 24.23 63.73
5 24 36.22 23.82 62.66 35.26 24.33 62.66 35.22 24.23 63.73 36.16 23.74 61.59
5 24 35.26 24.33 62.66 35.22 24.23 63.73 36.16 23.74 63.73 34.23 24.64 62.66
4 0 35.22 24.23 63.73 35.26 24.33 62.66 34.23 24.64 62.66 34.21 24.54 63.73
5 24 35.26 24.33 62.66 34.23 24.64 62.66 34.21 24.54 63.73 35.22 24.23 61.59
5 24 34.23 24.64 62.66 34.21 24.54 63.73 35.22 24.23 63.73 33.16 24.75 62.66
4 0 34.21 24.54 63.73 34.23 24.64 62.66 33.16 24.75 62.66 33.16 24.64 63.73
5 24 34.23 24.64 62.66 33.16 24.75 62.66 33.16 24.64 63.73 34.21 24.54 61.59
5 24 33.16 24.75 62.66 33.16 24.64 63.73 34.21 24.54 63.73 32.09 24.64 62.66
4 0 33.16 24.64 63.73 33.16 24.75 62.66 32.09 24.64 62.66 32.11 24.54 63.73
5 24 33.16 24.75 62.66 32.09 24.64 62.66 32.11 24.54 63.73 33.16 24.64 61.59
5 24 32.09 24.64 62.66 32.11 24.54 63.73 33.16 24.64 63.73 31.05 24.33 62.66
4 0 32.11 24.54 63.73 32.09 24.64 62.66 31.05 24.33 62.66 31.1 24.23 63.73
5 24 32.09 24.64 62.66 31.05 24.33 62.66 31.1 24.23 63.73 32.11 24.54 61.59
5 24 31.05 24.33 62.66 31.1 24.23 63.73 32.11 24.54 63.73 30.1 23.82 62.66
4 0 31.1 24.23 63.73 31.05 24.33 62.66 30.1 23.82 62.66 30.16 23.74 63.73
4 0 37.73 22.31 62.66 37.64 22.25 61.59 36.97 23.06 61.59 37.05 23.14 62.66
5 24 37.64 22.25 61.59 36.97 23.06 61.59 37.05 23.14 62.66 37.38 22.07 60.56
5 24 36.97 23.06 61.59 37.05 23.14 62.66 37.73 22.31 62.66 36.16 23.74 61.59
4 0 37.05 23.14 62.66 36.97 23.06 61.59 36.16 23.74 61.59 36.22 23.82 62.66
5 24 36.97 23.06 61.59 36.16 23.74 61.59 36.22 23.82 62.66 36.75 22.84 60.56
5 24 36.16 23.74 61.59 36.22 23.82 62.66 37.05 23.14 62.66 35.22 24.23 61.59
4 0 36.22 23.82 62.66 36.16 23.74 61.59 35.22 24.23 61.59 35.26 24.33 62.66
5 24 36.16 23.74 61.59 35.22 24.23 61.59 35.26 24.33 62.66 35.98 23.47 60.56
5 24 35.22 24.23 61.59 35.26 24.33 62.66 36.22 23.82 62.66 34.21 24.54 61.59
4 0 35.26 24.33 62.66 35.22 24.23 61.59 34.21 24.54 61.59 34.23 24.64 62.66
5 24 35.22 24.23 61.59 34.21 24.54 61.59 34.23 24.64 62.66 35.1 23.94 60.56
5 24 34.21 24.54 61.59 34.23 24.64 62.66 35.26 24.33 62.66 33.16 24.64 61.59
4 0 34.23 24.64 62.66 34.21 24.54 61.59 33.16 24.64 61.59 33.16 24.75 62.66
5 24 34.21 24.54 61.59 33.16 24.64 61.59 33.16 24.75 62.66 34.15 24.23 60.56
5 24 33.16 24.64 61.59 33.16 24.75 62.66 34.23 24.64 62.66 32.11 24.54 61.59
4 0 33.16 24.75 62.66 33.16 24.64 61.59 32.11 24.54 61.59 32.09 24.64 62.66
5 24 33.16 24.64 61.59 32.11 24.54 61.59 32.09 24.64 62.66 33.16 24.33 60.56
5 24 32.11 24.54 61.59 32.09 24.64 62.66 33.16 24.75 62.66 31.1 24.23 61.59
4 0 32.09 24.64 62.66 32.11 24.54 61.59 31.1 24.23 61.59 31.05 24.33 62.66
4 0 37.64 22.25 61.59 37.38 22.07 60.56 36.75 22.84 60.56 36.97 23.06 61.59
5 24 37.38 22.07 60.56 36.75 22.84 60.56 36.97 23.06 61.59 36.96 21.79 59.6
5 24 36.75 22.84 60.56 36.97 23.06 61.59 37.64 22.25 61.59 35.98 23.47 60.56
4 0 36.97 23.06 61.59 36.75 22.84 60.56 35.98 23.47 60.56 36.16 23.74 61.59
5 24 36.75 22.84 60.56 35.98 23.47 60.56 36.16 23.74 61.59 36.39 22.48 59.6
5 24 35.98 23.47 60.56 36.16 23.74 61.59 36.97 23.06 61.59 35.1 23.94 60.56
4 0 36.16 23.74 61.59 35.98 23.47 60.56 35.1 23.94 60.56 35.22 24.23 61.59
5 24 35.98 23.47 60.56 35.1 23.94 60.56 35.22 24.23 61.59 35.7 23.05 59.6
5 24 35.1 23.94 60.56 35.22 24.23 61.59 36.16 23.74 61.59 34.15 24.23 60.56
4 0 35.22 24.23 61.59 35.1 23.94 60.56 34.15 24.23 60.56 34.21 24.54 61.59
5 24 35.1 23.94 60.56 34.15 24.23 60.56 34.21 24.54 61.59 34.91 23.47 59.6
5 24 34.15 24.23 60.56 34.21 24.54 61.59 35.22 24.23 61.59 33.16 24.33 60.56
4 0 34.21 24.54 61.59 34.15 24.23 60.56 33.16 24.33 60.56 33.16 24.64 61.59
5 24 34.15 24.23 60.56 33.16 24.33 60.56 33.16 24.64 61.59 34.05 23.74 59.6
5 24 33.16 24.33 60.56 33.16 24.64 61.59 34.21 24.54 61.59 32.17 24.23 60.56
4 0 33.16 24.64 61.59 33.16 24.33 60.56 32.17 24.23 60.56 32.11 24.54 61.59
4 0 37.38 22.07 60.56 36.96 21.79 59.6 36.39 22.48 59.6 36.75 22.84 60.56
5 24 36.96 21.79 59.6 36.39 22.48 59.6 36.75 22.84 60.56 36.39 21.41 58.77
5 24 36.39 22.48 59.6 36.75 22.84 60.56 37.38 22.07 60.56 35.7 23.05 59.6
4 0 36.75 22.84 60.56 36.39 22.48 59.6 35.7 23.05 59.6 35.98 23.47 60.56
5 24 36.39 22.48 59.6 35.7 23.05 59.6 35.98 23.47 60.56 35.91 22 58.77
5 24 35.7 23.05 59.6 35.98 23.47 60.56 36.75 22.84 60.56 34.91 23.47 59.6
4 0 35.98 23.47 60.56 35.7 23.05 59.6 34.91 23.47 59.6 35.1 23.94 60.56
5 24 35.7 23.05 59.6 34.91 23.47 59.6 35.1 23.94 60.56 35.32 22.48 58.77
5 24 34.91 23.47 59.6 35.1 23.94 60.56 35.98 23.47 60.56 34.05 23.74 59.6
4 0 35.1 23.94 60.56 34.91 23.47 59.6 34.05 23.74 59.6 34.15 24.23 60.56
5 24 34.91 23.47 59.6 34.05 23.74 59.6 34.15 24.23 60.56 34.65 22.84 58.77
5 24 34.05 23.74 59.6 34.15 24.23 60.56 35.1 23.94 60.56 33.16 23.82 59.6
4 0 34.15 24.23 60.56 34.05 23.74 59.6 33.16 23.82 59.6 33.16 24.33 60.56
4 0 33.92 23.06 58.77 34.05 23.74 59.6 34.91 23.47 59.6 34.65 22.84 58.77
5 24 34.65 22.84 58.77 34.91 23.47 59.6 35.7 23.05 59.6 33.92 23.06 58.77
4 0 34.33 22.07 58.09 34.65 22.84 58.77 35.32 22.48 58.77 34.86 21.79 58.09
5 24 34.65 22.84 58.77 35.32 22.48 58.77 34.86 21.79 58.09 34.91 23.47 59.6
5 24 34.86 21.79 58.09 35.32 22.48 58.77 35.91 22 58.77 34.33 22.07 58.09
4 0 34.33 21 57.58 34.86 21.79 58.09 35.32 21.41 58.09 34.65 20.74 57.58
5 24 34.86 21.79 58.09 35.32 21.41 58.09 34.65 20.74 57.58 35.32 22.48 58.77
5 24 34.65 20.74 57.58 35.32 21.41 58.09 35.7 20.95 58.09 34.33 21 57.58
4 0 33.92 20.01 57.27 34.65 20.74 57.58 34.91 20.42 57.58 34.05 19.85 57.27
5 24 34.65 20.74 57.58 34.91 20.42 57.58 34.05 19.85 57.27 35.32 21.41 58.09
4 0 33.76 22.25 58.09 33.57 21.31 57.58 33.16 21.35 57.58 33.16 22.31 58.09
5 24 33.57 21.31 57.58 33.16 21.35 57.58 33.16 22.31 58.09 33.37 20.3 57.27
5 24 33.16 21.35 57.58 33.16 22.31 58.09 33.76 22.25 58.09 32.75 21.31 57.58
4 0 33.16 22.31 58.09 33.16 21.35 57.58 32.75 21.31 57.58 32.56 22.25 58.09
5 24 33.16 21.35 57.58 32.75 21.31 57.58 32.56 22.25 58.09 33.16 20.32 57.27
5 24 32.75 21.31 57.58 32.56 22.25 58.09 33.16 22.31 58.09 32.35 21.19 57.58
5 24 32.56 22.25 58.09 33.16 22.31 58.09 33.16 21.35 57.58 32.4 23.06 58.77
4 0 32.56 22.25 58.09 32.75 21.31 57.58 32.35 21.19 57.58 31.99 22.07 58.09
5 24 31.99 22.07 58.09 32.56 22.25 58.09 32.75 21.31 57.58 31.67 22.84 58.77
4 0 33.57 21.31 57.58 33.37 20.3 57.27 33.16 20.32 57.27 33.16 21.35 57.58
5 24 33.16 20.32 57.27 33.16 21.35 57.58 33.57 21.31 57.58 32.95 20.3 57.27
4 0 33.16 21.35 57.58 33.16 20.32 57.27 32.95 20.3 57.27 32.75 21.31 57.58
4 0 33.16 23.14 58.77 33.16 22.31 58.09 32.56 22.25 58.09 32.4 23.06 58.77
5 24 32.56 22.25 58.09 32.4 23.06 58.77 33.16 23.14 58.77 31.99 22.07 58.09
4 0 32.27 23.74 59.6 32.4 23.06 58.77 31.67 22.84 58.77 31.41 23.47 59.6
5 24 31.67 22.84 58.77 32.4 23.06 58.77 32.56 22.25 58.09 31.41 23.47 59.6
5 24 31.67 22.84 58.77 31.41 23.47 59.6 32.27 23.74 59.6 31 22.48 58.77
4 0 31.21 23.94 60.56 31.41 23.47 59.6 30.62 23.05 59.6 30.34 23.47 60.56
5 24 30.62 23.05 59.6 31.41 23.47 59.6 31.67 22.84 58.77 30.34 23.47 60.56
5 24 30.62 23.05 59.6 30.34 23.47 60.56 31.21 23.94 60.56 29.93 22.48 59.6
4 0 30.16 23.74 61.59 30.34 23.47 60.56 29.57 22.84 60.56 29.35 23.06 61.59
5 24 29.57 22.84 60.56 30.34 23.47 60.56 30.62 23.05 59.6 29.35 23.06 61.59
5 24 29.57 22.84 60.56 29.35 23.06 61.59 30.16 23.74 61.59 28.93 22.07 60.56
4 0 34.91 20.42 57.58 34.65 20.74 57.58 35.32 21.41 58.09 35.7 20.95 58.09
5 24 35.32 21.41 58.09 35.7 20.95 58.09 34.91 20.42 57.58 35.91 22 58.77
4 0 35.7 20.95 58.09 35.32 21.41 58.09 35.91 22 58.77 36.39 21.41 58.77
5 24 35.32 21.41 58.09 35.91 22 58.77 36.39 21.41 58.77 34.86 21.79 58.09
5 24 35.91 22 58.77 36.39 21.41 58.77 35.7 20.95 58.09 36.39 22.48 59.6
4 0 36.39 21.41 58.77 35.91 22 58.77 36.39 22.48 59.6 36.96 21.79 59.6
5 24 35.91 22 58.77 36.39 22.48 59.6 36.96 21.79 59.6 35.32 22.48 58.77
4 0 35.32 21.41 58.09 34.86 21.79 58.09 35.32 22.48 58.77 35.91 22 58.77
5 24 35.32 22.48 58.77 35.91 22 58.77 35.32 21.41 58.09 35.7 23.05 59.6
4 0 35.91 22 58.77 35.32 22.48 58.77 35.7 23.05 59.6 36.39 22.48 59.6
5 24 35.32 22.48 58.77 35.7 23.05 59.6 36.39 22.48 59.6 34.65 22.84 58.77
4 0 35.32 22.48 58.77 34.65 22.84 58.77 34.91 23.47 59.6 35.7 23.05 59.6
3 0 33.91 19.25 57.21 33.57 20.24 57.27 33.76 20.14 57.27
4 0 32.4 23.06 58.77 32.56 22.25 58.09 31.99 22.07 58.09 31.67 22.84 58.77
5 24 31.99 22.07 58.09 31.67 22.84 58.77 32.4 23.06 58.77 31.46 21.79 58.09
4 0 31.41 23.47 59.6 31.67 22.84 58.77 31 22.48 58.77 30.62 23.05 59.6
5 24 31 22.48 58.77 31.67 22.84 58.77 31.99 22.07 58.09 30.62 23.05 59.6
5 24 31 22.48 58.77 30.62 23.05 59.6 31.41 23.47 59.6 30.41 22 58.77
4 0 30.34 23.47 60.56 30.62 23.05 59.6 29.93 22.48 59.6 29.57 22.84 60.56
5 24 29.93 22.48 59.6 30.62 23.05 59.6 31 22.48 58.77 29.57 22.84 60.56
5 24 29.93 22.48 59.6 29.57 22.84 60.56 30.34 23.47 60.56 29.36 21.79 59.6
4 0 29.35 23.06 61.59 29.57 22.84 60.56 28.93 22.07 60.56 28.67 22.25 61.59
5 24 28.93 22.07 60.56 29.57 22.84 60.56 29.93 22.48 59.6 28.67 22.25 61.59
5 24 28.93 22.07 60.56 28.67 22.25 61.59 29.35 23.06 61.59 28.46 21.19 60.56
4 0 31.67 22.84 58.77 31.99 22.07 58.09 31.46 21.79 58.09 31 22.48 58.77
4 0 30.62 23.05 59.6 31 22.48 58.77 30.41 22 58.77 29.93 22.48 59.6
4 0 29.57 22.84 60.56 29.93 22.48 59.6 29.36 21.79 59.6 28.93 22.07 60.56
4 0 28.67 22.25 61.59 28.93 22.07 60.56 28.46 21.19 60.56 28.18 21.31 61.59
3 0 32.41 19.25 57.21 32.27 19.85 57.27 32.4 20.01 57.27
