0 Bitbeam screw M3 nut
0 Name: bb-sc-M3n.dat
0 Author: Tomas Feltl (e-Mole.cz)
0 !LDRAW_ORG Unofficial_Part
0 !LICENSE Redistributable under CCAL version 2.0 : see CAreadme.txt

0 ROTATION CENTER 0 0 0 1 "Custom" 
0 ROTATION CONFIG 0 0
0 BFC CERTIFY CCW

0 // Created with stl2dat conversion tool
0 BFC CERTIFY INVERTNEXT
1 9 0 0 0 -3.75 0 0 0 0 3.75 0 6.25 0 4-4cyli.dat
1 9 0 0 0 -3.75 0 0 0 0 3.75 0 1 0 4-4edge.dat
1 9 0 0 6.25 -3.75 0 0 0 0 3.75 0 1 0 4-4edge.dat

3 9 -3.467 1.44 0 -3.747 0 0 -7.937 0 0
3 9 -7.937 0 0 -3.747 0 0 -3.467 -1.44 0
4 9 -7.937 0 0 -3.467 -1.44 0 -2.647 -2.65 0 -3.967 -6.87 0
2 24 -7.937 0 0 -3.967 -6.87 0
3 9 -3.967 -6.87 0 -2.647 -2.65 0 -1.437 -3.46 0
3 9 -1.437 -3.46 0 0.003 -3.75 0 -3.967 -6.87 0
4 9 -3.967 -6.87 0 0.003 -3.75 0 1.433 -3.46 0 3.973 -6.87 0
2 24 -3.967 -6.87 0 3.973 -6.87 0
3 9 3.973 -6.87 0 1.433 -3.46 0 2.653 -2.65 0
3 9 3.973 -6.87 0 2.653 -2.65 0 3.463 -1.44 0
4 9 3.973 -6.87 0 3.463 -1.44 0 3.753 0 0 7.943 0 0
2 24 3.973 -6.87 0 7.943 0 0
3 9 7.943 0 0 3.753 0 0 3.463 1.44 0
4 9 7.943 0 0 3.463 1.44 0 2.653 2.65 0 3.973 6.87 0
2 24 7.943 0 0 3.973 6.87 0
3 9 3.973 6.87 0 2.653 2.65 0 1.433 3.46 0
3 9 1.433 3.46 0 0.003 3.75 0 3.973 6.87 0
4 9 3.973 6.87 0 0.003 3.75 0 -1.437 3.46 0 -3.967 6.87 0
2 24 3.973 6.87 0 -3.967 6.87 0
3 9 -3.967 6.87 0 -1.437 3.46 0 -2.647 2.65 0
4 9 -3.967 6.87 0 -2.647 2.65 0 -3.467 1.44 0 -7.937 0 0
2 24 -3.967 6.87 0 -7.937 0 0

3 9 -3.467 -1.44 6.25 -3.747 0 6.25 -7.937 0 6.25
3 9 -7.937 0 6.25 -3.747 0 6.25 -3.467 1.44 6.25
4 9 -7.937 0 6.25 -3.467 1.44 6.25 -2.647 2.65 6.25 -3.967 6.87 6.25
2 24 -7.937 0 6.25 -3.967 6.87 6.25
3 9 -3.967 6.87 6.25 -2.647 2.65 6.25 -1.437 3.46 6.25
3 9 -1.437 3.46 6.25 0.003 3.75 6.25 -3.967 6.87 6.25
4 9 -3.967 6.87 6.25 0.003 3.75 6.25 1.433 3.46 6.25 3.973 6.87 6.25
2 24 -3.967 6.87 6.25 3.973 6.87 6.25
3 9 3.973 6.87 6.25 1.433 3.46 6.25 2.653 2.65 6.25
3 9 3.973 6.87 6.25 2.653 2.65 6.25 3.463 1.44 6.25
4 9 3.973 6.87 6.25 3.463 1.44 6.25 3.753 0 6.25 7.943 0 6.25
2 24 3.973 6.87 6.25 7.943 0 6.25
3 9 7.943 0 6.25 3.753 0 6.25 3.463 -1.44 6.25
4 9 7.943 0 6.25 3.463 -1.44 6.25 2.653 -2.65 6.25 3.973 -6.87 6.25
2 24 7.943 0 6.25 3.973 -6.87 6.25
3 9 3.973 -6.87 6.25 2.653 -2.65 6.25 1.433 -3.46 6.25
3 9 1.433 -3.46 6.25 0.003 -3.75 6.25 3.973 -6.87 6.25
4 9 3.973 -6.87 6.25 0.003 -3.75 6.25 -1.437 -3.46 6.25 -3.967 -6.87 6.25
2 24 3.973 -6.87 6.25 -3.967 -6.87 6.25
3 9 -3.967 -6.87 6.25 -1.437 -3.46 6.25 -2.647 -2.65 6.25
4 9 -3.967 -6.87 6.25 -2.647 -2.65 6.25 -3.467 -1.44 6.25 -7.937 0 6.25
2 24 -3.967 -6.87 6.25 -7.937 0 6.25

4 9 7.943 0 6.25 3.973 -6.87 6.25 3.973 -6.87 0 7.943 0 0
2 24 3.973 -6.87 6.25 3.973 -6.87 0
2 24 7.943 0 0 7.943 0 6.25
4 9 3.973 -6.87 6.25 -3.967 -6.87 6.25 -3.967 -6.87 0 3.973 -6.87 0
2 24 -3.967 -6.87 6.25 -3.967 -6.87 0
4 9 -3.967 -6.87 6.25 -7.937 0 6.25 -7.937 0 0 -3.967 -6.87 0
2 24 -7.937 0 6.25 -7.937 0 0
4 9 -3.967 6.87 6.25 3.973 6.87 6.25 3.973 6.87 0 -3.967 6.87 0
2 24 3.973 6.87 6.25 3.973 6.87 0
2 24 -3.967 6.87 0 -3.967 6.87 6.25
4 9 3.973 6.87 6.25 7.943 0 6.25 7.943 0 0 3.973 6.87 0
4 9 -7.937 0 6.25 -3.967 6.87 6.25 -3.967 6.87 0 -7.937 0 0
0
