0 BB Bitbeam Sensor Mic
0 Name: bb-sen-mic.dat
0 Author: Tomas Feltl (e-Mole.cz)
0 !LDRAW_ORG Unofficial_Part
0 !LICENSE Redistributable under CCAL version 2.0 : see CAreadme.txt

0 BFC CERTIFY CCW

0 // Created with stl2dat conversion tool

4 16 42.47 -21.66 71 39.17 -21.89 71 35.94 -21.21 71 45.58 -20.56 71
2 24 42.47 -21.66 71 39.17 -21.89 71
2 24 39.17 -21.89 71 35.94 -21.21 71
2 24 45.58 -20.56 71 42.47 -21.66 71
3 16 45.58 -20.56 71 35.94 -21.21 71 33.01 -19.7 71
2 24 35.94 -21.21 71 33.01 -19.7 71
4 16 45.58 -20.56 71 33.01 -19.7 71 30.59 -17.44 71 48.28 -18.65 71
2 24 33.01 -19.7 71 30.59 -17.44 71
2 24 48.28 -18.65 71 45.58 -20.56 71
4 16 48.28 -18.65 71 30.59 -17.44 71 28.88 -14.62 71 50.36 -16.09 71
2 24 30.59 -17.44 71 28.88 -14.62 71
2 24 50.36 -16.09 71 48.28 -18.65 71
4 16 50.36 -16.09 71 28.88 -14.62 71 27.99 -11.44 71 51.68 -13.06 71
2 24 28.88 -14.62 71 27.99 -11.44 71
2 24 51.68 -13.06 71 50.36 -16.09 71
4 16 51.68 -13.06 71 27.99 -11.44 71 27.99 -8.14 71 52.13 -9.79 71
2 24 27.99 -11.44 71 27.99 -8.14 71
2 24 52.13 -9.79 71 51.68 -13.06 71
4 16 52.13 -9.79 71 27.99 -8.14 71 28.88 -4.96 71 51.68 -6.52 71
2 24 27.99 -8.14 71 28.88 -4.96 71
2 24 51.68 -6.52 71 52.13 -9.79 71
4 16 51.68 -6.52 71 28.88 -4.96 71 30.59 -2.14 71 50.36 -3.49 71
2 24 28.88 -4.96 71 30.59 -2.14 71
2 24 50.36 -3.49 71 51.68 -6.52 71
4 16 50.36 -3.49 71 30.59 -2.14 71 33.01 0.12 71 48.28 -0.93 71
2 24 30.59 -2.14 71 33.01 0.12 71
2 24 48.28 -0.93 71 50.36 -3.49 71
4 16 48.28 -0.93 71 33.01 0.12 71 35.94 1.63 71 45.58 0.98 71
2 24 33.01 0.12 71 35.94 1.63 71
2 24 45.58 0.98 71 48.28 -0.93 71
4 16 45.58 0.98 71 35.94 1.63 71 39.17 2.31 71 42.47 2.08 71
2 24 35.94 1.63 71 39.17 2.31 71
2 24 39.17 2.31 71 42.47 2.08 71
2 24 42.47 2.08 71 45.58 0.98 71

4 16 37.53 -21.66 88.5 40.83 -21.89 88.5 44.06 -21.21 88.5 34.42 -20.56 88.5
2 24 37.53 -21.66 88.5 40.83 -21.89 88.5
2 24 40.83 -21.89 88.5 44.06 -21.21 88.5
2 24 34.42 -20.56 88.5 37.53 -21.66 88.5
3 16 34.42 -20.56 88.5 44.06 -21.21 88.5 46.99 -19.7 88.5
2 24 44.06 -21.21 88.5 46.99 -19.7 88.5
4 16 34.42 -20.56 88.5 46.99 -19.7 88.5 49.41 -17.44 88.5 31.72 -18.65 88.5
2 24 46.99 -19.7 88.5 49.41 -17.44 88.5
2 24 31.72 -18.65 88.5 34.42 -20.56 88.5
4 16 31.72 -18.65 88.5 49.41 -17.44 88.5 51.12 -14.62 88.5 29.64 -16.09 88.5
2 24 49.41 -17.44 88.5 51.12 -14.62 88.5
2 24 29.64 -16.09 88.5 31.72 -18.65 88.5
4 16 29.64 -16.09 88.5 51.12 -14.62 88.5 52.01 -11.44 88.5 28.32 -13.06 88.5
2 24 51.12 -14.62 88.5 52.01 -11.44 88.5
2 24 28.32 -13.06 88.5 29.64 -16.09 88.5
4 16 28.32 -13.06 88.5 52.01 -11.44 88.5 52.01 -8.14 88.5 27.88 -9.79 88.5
2 24 52.01 -11.44 88.5 52.01 -8.14 88.5
2 24 27.88 -9.79 88.5 28.32 -13.06 88.5
4 16 27.88 -9.79 88.5 52.01 -8.14 88.5 51.12 -4.96 88.5 28.32 -6.52 88.5
2 24 52.01 -8.14 88.5 51.12 -4.96 88.5
2 24 28.32 -6.52 88.5 27.88 -9.79 88.5
4 16 28.32 -6.52 88.5 51.12 -4.96 88.5 49.41 -2.14 88.5 29.64 -3.49 88.5
2 24 51.12 -4.96 88.5 49.41 -2.14 88.5
2 24 29.64 -3.49 88.5 28.32 -6.52 88.5
4 16 29.64 -3.49 88.5 49.41 -2.14 88.5 46.99 0.12 88.5 31.72 -0.93 88.5
2 24 49.41 -2.14 88.5 46.99 0.12 88.5
2 24 31.72 -0.93 88.5 29.64 -3.49 88.5
4 16 31.72 -0.93 88.5 46.99 0.12 88.5 44.06 1.63 88.5 34.42 0.98 88.5
2 24 46.99 0.12 88.5 44.06 1.63 88.5
2 24 34.42 0.98 88.5 31.72 -0.93 88.5
4 16 34.42 0.98 88.5 44.06 1.63 88.5 40.83 2.31 88.5 37.53 2.08 88.5
2 24 44.06 1.63 88.5 40.83 2.31 88.5
2 24 40.83 2.31 88.5 37.53 2.08 88.5
2 24 37.53 2.08 88.5 34.42 0.98 88.5

3 16 51.68 -6.52 71 52.01 -8.14 88.5 52.13 -9.79 71
5 24 51.68 -6.52 71 52.01 -8.14 88.5 52.13 -9.79 71 51.12 -4.96 88.5
5 24 52.01 -8.14 88.5 52.13 -9.79 71 51.68 -6.52 71 52.01 -11.44 88.5
3 16 52.13 -9.79 71 52.01 -8.14 88.5 52.01 -11.44 88.5
5 24 52.01 -11.44 88.5 52.13 -9.79 71 52.01 -8.14 88.5 51.68 -13.06 71
3 16 52.13 -9.79 71 52.01 -11.44 88.5 51.68 -13.06 71
5 24 52.01 -11.44 88.5 51.68 -13.06 71 52.13 -9.79 71 51.12 -14.62 88.5
3 16 51.68 -13.06 71 52.01 -11.44 88.5 51.12 -14.62 88.5
5 24 51.12 -14.62 88.5 51.68 -13.06 71 52.01 -11.44 88.5 50.36 -16.09 71
3 16 51.68 -13.06 71 51.12 -14.62 88.5 50.36 -16.09 71
5 24 51.12 -14.62 88.5 50.36 -16.09 71 51.68 -13.06 71 49.41 -17.44 88.5
3 16 50.36 -16.09 71 51.12 -14.62 88.5 49.41 -17.44 88.5
5 24 49.41 -17.44 88.5 50.36 -16.09 71 51.12 -14.62 88.5 48.28 -18.65 71
3 16 50.36 -16.09 71 49.41 -17.44 88.5 48.28 -18.65 71
5 24 49.41 -17.44 88.5 48.28 -18.65 71 50.36 -16.09 71 46.99 -19.7 88.5
3 16 48.28 -18.65 71 49.41 -17.44 88.5 46.99 -19.7 88.5
5 24 46.99 -19.7 88.5 48.28 -18.65 71 49.41 -17.44 88.5 45.58 -20.56 71
3 16 48.28 -18.65 71 46.99 -19.7 88.5 45.58 -20.56 71
5 24 46.99 -19.7 88.5 45.58 -20.56 71 48.28 -18.65 71 44.06 -21.21 88.5
3 16 45.58 -20.56 71 46.99 -19.7 88.5 44.06 -21.21 88.5
5 24 44.06 -21.21 88.5 45.58 -20.56 71 46.99 -19.7 88.5 42.47 -21.66 71
3 16 45.58 -20.56 71 44.06 -21.21 88.5 42.47 -21.66 71
5 24 44.06 -21.21 88.5 42.47 -21.66 71 45.58 -20.56 71 40.83 -21.89 88.5
3 16 42.47 -21.66 71 44.06 -21.21 88.5 40.83 -21.89 88.5
5 24 40.83 -21.89 88.5 42.47 -21.66 71 44.06 -21.21 88.5 39.17 -21.89 71
3 16 42.47 -21.66 71 40.83 -21.89 88.5 39.17 -21.89 71
5 24 40.83 -21.89 88.5 39.17 -21.89 71 42.47 -21.66 71 37.53 -21.66 88.5
3 16 39.17 -21.89 71 40.83 -21.89 88.5 37.53 -21.66 88.5
5 24 37.53 -21.66 88.5 39.17 -21.89 71 40.83 -21.89 88.5 35.94 -21.21 71
3 16 39.17 -21.89 71 37.53 -21.66 88.5 35.94 -21.21 71
5 24 37.53 -21.66 88.5 35.94 -21.21 71 39.17 -21.89 71 34.42 -20.56 88.5
3 16 35.94 -21.21 71 37.53 -21.66 88.5 34.42 -20.56 88.5
5 24 34.42 -20.56 88.5 35.94 -21.21 71 37.53 -21.66 88.5 33.01 -19.7 71
3 16 35.94 -21.21 71 34.42 -20.56 88.5 33.01 -19.7 71
5 24 34.42 -20.56 88.5 33.01 -19.7 71 35.94 -21.21 71 31.72 -18.65 88.5
3 16 33.01 -19.7 71 34.42 -20.56 88.5 31.72 -18.65 88.5
5 24 31.72 -18.65 88.5 33.01 -19.7 71 34.42 -20.56 88.5 30.59 -17.44 71
3 16 33.01 -19.7 71 31.72 -18.65 88.5 30.59 -17.44 71
5 24 31.72 -18.65 88.5 30.59 -17.44 71 33.01 -19.7 71 29.64 -16.09 88.5
3 16 30.59 -17.44 71 31.72 -18.65 88.5 29.64 -16.09 88.5
5 24 29.64 -16.09 88.5 30.59 -17.44 71 31.72 -18.65 88.5 28.88 -14.62 71
3 16 30.59 -17.44 71 29.64 -16.09 88.5 28.88 -14.62 71
5 24 29.64 -16.09 88.5 28.88 -14.62 71 30.59 -17.44 71 28.32 -13.06 88.5
3 16 28.88 -14.62 71 29.64 -16.09 88.5 28.32 -13.06 88.5
5 24 28.32 -13.06 88.5 28.88 -14.62 71 29.64 -16.09 88.5 27.99 -11.44 71
3 16 28.88 -14.62 71 28.32 -13.06 88.5 27.99 -11.44 71
5 24 28.32 -13.06 88.5 27.99 -11.44 71 28.88 -14.62 71 27.88 -9.79 88.5
3 16 27.99 -11.44 71 28.32 -13.06 88.5 27.88 -9.79 88.5
5 24 27.88 -9.79 88.5 27.99 -11.44 71 28.32 -13.06 88.5 27.99 -8.14 71
3 16 27.99 -11.44 71 27.88 -9.79 88.5 27.99 -8.14 71
5 24 27.88 -9.79 88.5 27.99 -8.14 71 27.99 -11.44 71 28.32 -6.52 88.5
3 16 27.99 -8.14 71 27.88 -9.79 88.5 28.32 -6.52 88.5
5 24 28.32 -6.52 88.5 27.99 -8.14 71 27.88 -9.79 88.5 28.88 -4.96 71
3 16 27.99 -8.14 71 28.32 -6.52 88.5 28.88 -4.96 71
5 24 28.32 -6.52 88.5 28.88 -4.96 71 27.99 -8.14 71 29.64 -3.49 88.5
3 16 28.88 -4.96 71 28.32 -6.52 88.5 29.64 -3.49 88.5
5 24 29.64 -3.49 88.5 28.88 -4.96 71 28.32 -6.52 88.5 30.59 -2.14 71
3 16 28.88 -4.96 71 29.64 -3.49 88.5 30.59 -2.14 71
5 24 29.64 -3.49 88.5 30.59 -2.14 71 28.88 -4.96 71 31.72 -0.93 88.5
3 16 30.59 -2.14 71 29.64 -3.49 88.5 31.72 -0.93 88.5
5 24 31.72 -0.93 88.5 30.59 -2.14 71 29.64 -3.49 88.5 33.01 0.12 71
3 16 30.59 -2.14 71 31.72 -0.93 88.5 33.01 0.12 71
5 24 31.72 -0.93 88.5 33.01 0.12 71 30.59 -2.14 71 34.42 0.98 88.5
3 16 33.01 0.12 71 31.72 -0.93 88.5 34.42 0.98 88.5
5 24 34.42 0.98 88.5 33.01 0.12 71 31.72 -0.93 88.5 35.94 1.63 71
3 16 33.01 0.12 71 34.42 0.98 88.5 35.94 1.63 71
5 24 34.42 0.98 88.5 35.94 1.63 71 33.01 0.12 71 37.53 2.08 88.5
3 16 35.94 1.63 71 34.42 0.98 88.5 37.53 2.08 88.5
5 24 37.53 2.08 88.5 35.94 1.63 71 34.42 0.98 88.5 39.17 2.31 71
3 16 35.94 1.63 71 37.53 2.08 88.5 39.17 2.31 71
5 24 37.53 2.08 88.5 39.17 2.31 71 35.94 1.63 71 40.83 2.31 88.5
3 16 39.17 2.31 71 37.53 2.08 88.5 40.83 2.31 88.5
5 24 40.83 2.31 88.5 39.17 2.31 71 37.53 2.08 88.5 42.47 2.08 71
3 16 39.17 2.31 71 40.83 2.31 88.5 42.47 2.08 71
5 24 40.83 2.31 88.5 42.47 2.08 71 39.17 2.31 71 44.06 1.63 88.5
3 16 42.47 2.08 71 40.83 2.31 88.5 44.06 1.63 88.5
5 24 44.06 1.63 88.5 42.47 2.08 71 40.83 2.31 88.5 45.58 0.98 71
3 16 42.47 2.08 71 44.06 1.63 88.5 45.58 0.98 71
5 24 44.06 1.63 88.5 45.58 0.98 71 42.47 2.08 71 46.99 0.12 88.5
3 16 45.58 0.98 71 44.06 1.63 88.5 46.99 0.12 88.5
5 24 46.99 0.12 88.5 45.58 0.98 71 44.06 1.63 88.5 48.28 -0.93 71
3 16 45.58 0.98 71 46.99 0.12 88.5 48.28 -0.93 71
5 24 46.99 0.12 88.5 48.28 -0.93 71 45.58 0.98 71 49.41 -2.14 88.5
3 16 48.28 -0.93 71 46.99 0.12 88.5 49.41 -2.14 88.5
5 24 49.41 -2.14 88.5 48.28 -0.93 71 46.99 0.12 88.5 50.36 -3.49 71
3 16 48.28 -0.93 71 49.41 -2.14 88.5 50.36 -3.49 71
5 24 49.41 -2.14 88.5 50.36 -3.49 71 48.28 -0.93 71 51.12 -4.96 88.5
3 16 50.36 -3.49 71 49.41 -2.14 88.5 51.12 -4.96 88.5
5 24 51.12 -4.96 88.5 50.36 -3.49 71 49.41 -2.14 88.5 51.68 -6.52 71
3 16 50.36 -3.49 71 51.12 -4.96 88.5 51.68 -6.52 71
5 24 51.12 -4.96 88.5 51.68 -6.52 71 50.36 -3.49 71 52.01 -8.14 88.5
3 16 51.68 -6.52 71 51.12 -4.96 88.5 52.01 -8.14 88.5
