0 Bitbeam Servo Small mount v2
0 Name: bb-srv-small-m.dat
0 Author: Tomas Feltl (e-Mole.cz)
0 !LDRAW_ORG Unofficial_Part
0 !LICENSE Redistributable under CCAL version 2.0 : see CAreadme.txt

0 BFC CERTIFY CCW

0 // Created with stl2dat conversion tool
0 BFC INVERTNEXT
1 16 -21.324 -40 -19.2 -3.25 0 0 0 0 3.25 0 11.8 0 4-4cyli.dat
1 16 -21.324 -40 -19.2 -3.25 0 0 0 0 3.25 0 1 0 4-4edge.dat
1 16 -21.324 -40 -7.45 -3.25 0 0 0 0 3.25 0 1 0 4-4edge.dat
0 BFC INVERTNEXT
1 16 -21.324 -30 -19.2 -3.25 0 0 0 0 3.25 0 11.8 0 4-4cyli.dat
1 16 -21.324 -30 -19.2 -3.25 0 0 0 0 3.25 0 1 0 4-4edge.dat
1 16 -21.324 -30 -7.45 -3.25 0 0 0 0 3.25 0 1 0 4-4edge.dat
0 BFC INVERTNEXT
1 16 48.426 -40 -19.2 -3.25 0 0 0 0 3.25 0 11.8 0 4-4cyli.dat
1 16 48.426 -40 -19.2 -3.25 0 0 0 0 3.25 0 1 0 4-4edge.dat
1 16 48.426 -40 -7.45 -3.25 0 0 0 0 3.25 0 1 0 4-4edge.dat
0 BFC INVERTNEXT
1 16 48.426 -30 -19.2 -3.25 0 0 0 0 3.25 0 11.8 0 4-4cyli.dat
1 16 48.426 -30 -19.2 -3.25 0 0 0 0 3.25 0 1 0 4-4edge.dat
1 16 48.426 -30 -7.45 -3.25 0 0 0 0 3.25 0 1 0 4-4edge.dat
0 BFC INVERTNEXT
1 16 60 0 0.8 -6.11 0 1.31 -1.31 0 -6.11 0 -20 0 4-4cyli.dat
1 16 60 0 0.8 -6.11 0 1.31 -1.31 0 -6.11 0 -1 0 4-4edge.dat
1 16 60 0 -19.2 -6.11 0 1.31 -1.31 0 -6.11 0 -1 0 4-4edge.dat
0 BFC INVERTNEXT
1 16 -20 0 0.8 -6.25 0 0 0 0 -6.25 0 -20 0 4-4cyli.dat
1 16 -20 0 0.8 -6.25 0 0 0 0 -6.25 0 -1 0 4-4edge.dat
1 16 -20 0 -19.2 -6.25 0 0 0 0 -6.25 0 -1 0 4-4edge.dat
0 BFC INVERTNEXT
1 16 0 0 0.8 -6.25 0 0 0 0 -6.25 0 -20 0 4-4cyli.dat
1 16 0 0 0.8 -6.25 0 0 0 0 -6.25 0 -1 0 4-4edge.dat
1 16 0 0 -19.2 -6.25 0 0 0 0 -6.25 0 -1 0 4-4edge.dat
0 BFC INVERTNEXT
1 16 20 0 0.8 -6.25 0 0 0 0 -6.25 0 -20 0 4-4cyli.dat
1 16 20 0 0.8 -6.25 0 0 0 0 -6.25 0 -1 0 4-4edge.dat
1 16 20 0 -19.2 -6.25 0 0 0 0 -6.25 0 -1 0 4-4edge.dat
0 BFC INVERTNEXT
1 16 40 0 0.8 -6.25 0 0 0 0 -6.25 0 -20 0 4-4cyli.dat
1 16 40 0 0.8 -6.25 0 0 0 0 -6.25 0 -1 0 4-4edge.dat
1 16 40 0 -19.2 -6.25 0 0 0 0 -6.25 0 -1 0 4-4edge.dat

3 16 -17.61 -5.77 0.8 -15.95 -10 0.8 -15.58 -4.42 0.8
4 16 -15.58 -4.42 0.8 -15.95 -10 0.8 -2.39 -5.77 0.8 -4.42 -4.42 0.8
4 16 -15.58 -4.42 0.8 -4.42 -4.42 0.8 -5.77 -2.39 0.8 -14.23 -2.39 0.8
4 16 -14.23 -2.39 0.8 -5.77 -2.39 0.8 -6.25 0 0.8 -13.75 0 0.8
4 16 -13.75 0 0.8 -6.25 0 0.8 -5.77 2.39 0.8 -14.23 2.39 0.8
4 16 -14.23 2.39 0.8 -5.77 2.39 0.8 -4.42 4.42 0.8 -15.58 4.42 0.8
4 16 -15.58 4.42 0.8 -4.42 4.42 0.8 -2.39 5.77 0.8 -17.61 5.77 0.8
4 16 -17.61 5.77 0.8 -2.39 5.77 0.8 0 6.25 0.8 -20 6.25 0.8
3 16 -20 6.25 0.8 0 6.25 0.8 -50 10 0.8
3 16 -50 10 0.8 0 6.25 0.8 20 6.25 0.8
3 16 -50 10 0.8 20 6.25 0.8 70 10 0.8
2 24 70 10 0.8 -50 10 0.8
3 16 70 10 0.8 20 6.25 0.8 40 6.25 0.8
4 16 70 10 0.8 40 6.25 0.8 42.39 5.77 0.8 58.69 6.11 0.8
3 16 58.69 6.11 0.8 42.39 5.77 0.8 56.45 5.14 0.8
4 16 56.45 5.14 0.8 42.39 5.77 0.8 44.42 4.42 0.8 54.75 3.39 0.8
4 16 54.75 3.39 0.8 44.42 4.42 0.8 45.77 2.39 0.8 53.85 1.13 0.8
4 16 53.85 1.13 0.8 45.77 2.39 0.8 46.25 0 0.8 53.89 -1.31 0.8
4 16 53.89 -1.31 0.8 46.25 0 0.8 45.77 -2.39 0.8 54.86 -3.55 0.8
4 16 54.86 -3.55 0.8 45.77 -2.39 0.8 44.42 -4.42 0.8 56.61 -5.25 0.8
4 16 56.61 -5.25 0.8 44.42 -4.42 0.8 42.39 -5.77 0.8 58.87 -6.15 0.8
4 16 58.87 -6.15 0.8 42.39 -5.77 0.8 40 -6.25 0.8 70 -10 0.8
3 16 70 -10 0.8 40 -6.25 0.8 20 -6.25 0.8
3 16 70 -10 0.8 20 -6.25 0.8 -15.95 -10 0.8
2 24 70 -10 0.8 -15.95 -10 0.8
3 16 -15.95 -10 0.8 20 -6.25 0.8 0 -6.25 0.8
3 16 -15.95 -10 0.8 0 -6.25 0.8 -2.39 -5.77 0.8
3 16 65.14 3.55 0.8 66.11 1.31 0.8 70 10 0.8
4 16 70 10 0.8 66.11 1.31 0.8 66.15 -1.13 0.8 70 -10 0.8
2 24 70 10 0.8 70 -10 0.8
3 16 70 -10 0.8 66.15 -1.13 0.8 65.25 -3.39 0.8
3 16 70 -10 0.8 65.25 -3.39 0.8 63.55 -5.14 0.8
3 16 -45.14 -3.55 0.8 -46.11 -1.31 0.8 -50 -10 0.8
2 24 -46.11 -1.31 0.8 -45.14 -3.55 0.8
4 16 -50 -10 0.8 -46.11 -1.31 0.8 -46.15 1.13 0.8 -50 10 0.8
2 24 -46.15 1.13 0.8 -46.11 -1.31 0.8
2 24 -50 10 0.8 -50 -10 0.8
3 16 -50 10 0.8 -46.15 1.13 0.8 -45.25 3.39 0.8
2 24 -45.25 3.39 0.8 -46.15 1.13 0.8
3 16 -50 10 0.8 -45.25 3.39 0.8 -43.55 5.14 0.8
2 24 -43.55 5.14 0.8 -45.25 3.39 0.8
3 16 -20 -6.25 0.8 -22.39 -5.77 0.8 -15.95 -10 0.8
4 16 -15.95 -10 0.8 -22.39 -5.77 0.8 -36.45 -5.14 0.8 -38.69 -6.11 0.8
2 24 -38.69 -6.11 0.8 -36.45 -5.14 0.8
4 16 -15.95 -10 0.8 -38.69 -6.11 0.8 -41.13 -6.15 0.8 -50 -10 0.8
2 24 -41.13 -6.15 0.8 -38.69 -6.11 0.8
2 24 -15.95 -10 0.8 -50 -10 0.8
3 16 -50 -10 0.8 -41.13 -6.15 0.8 -43.39 -5.25 0.8
2 24 -43.39 -5.25 0.8 -41.13 -6.15 0.8
4 16 -36.45 -5.14 0.8 -22.39 -5.77 0.8 -24.42 -4.42 0.8 -34.75 -3.39 0.8
2 24 -36.45 -5.14 0.8 -34.75 -3.39 0.8
4 16 -34.75 -3.39 0.8 -24.42 -4.42 0.8 -25.77 -2.39 0.8 -33.85 -1.13 0.8
2 24 -34.75 -3.39 0.8 -33.85 -1.13 0.8
4 16 -33.85 -1.13 0.8 -25.77 -2.39 0.8 -26.25 0 0.8 -33.89 1.31 0.8
2 24 -33.85 -1.13 0.8 -33.89 1.31 0.8
4 16 -33.89 1.31 0.8 -26.25 0 0.8 -25.77 2.39 0.8 -34.86 3.55 0.8
2 24 -33.89 1.31 0.8 -34.86 3.55 0.8
4 16 -34.86 3.55 0.8 -25.77 2.39 0.8 -24.42 4.42 0.8 -36.61 5.25 0.8
2 24 -34.86 3.55 0.8 -36.61 5.25 0.8
4 16 -36.61 5.25 0.8 -24.42 4.42 0.8 -22.39 5.77 0.8 -38.87 6.15 0.8
2 24 -36.61 5.25 0.8 -38.87 6.15 0.8
4 16 -38.87 6.15 0.8 -22.39 5.77 0.8 -20 6.25 0.8 -50 10 0.8
3 16 -43.39 -5.25 0.8 -45.14 -3.55 0.8 -50 -10 0.8
2 24 -45.14 -3.55 0.8 -43.39 -5.25 0.8
3 16 -43.55 5.14 0.8 -41.31 6.11 0.8 -50 10 0.8
2 24 -41.31 6.11 0.8 -43.55 5.14 0.8
3 16 -50 10 0.8 -41.31 6.11 0.8 -38.87 6.15 0.8
2 24 -38.87 6.15 0.8 -41.31 6.11 0.8
3 16 63.55 -5.14 0.8 61.31 -6.11 0.8 70 -10 0.8
3 16 70 -10 0.8 61.31 -6.11 0.8 58.87 -6.15 0.8
3 16 58.69 6.11 0.8 61.13 6.15 0.8 70 10 0.8
3 16 70 10 0.8 61.13 6.15 0.8 63.39 5.25 0.8
3 16 70 10 0.8 63.39 5.25 0.8 65.14 3.55 0.8
4 16 40 6.25 0.8 20 6.25 0.8 22.39 5.77 0.8 37.61 5.77 0.8
4 16 37.61 5.77 0.8 22.39 5.77 0.8 24.42 4.42 0.8 35.58 4.42 0.8
4 16 35.58 4.42 0.8 24.42 4.42 0.8 25.77 2.39 0.8 34.23 2.39 0.8
4 16 34.23 2.39 0.8 25.77 2.39 0.8 26.25 0 0.8 33.75 0 0.8
4 16 33.75 0 0.8 26.25 0 0.8 25.77 -2.39 0.8 34.23 -2.39 0.8
4 16 34.23 -2.39 0.8 25.77 -2.39 0.8 24.42 -4.42 0.8 35.58 -4.42 0.8
4 16 35.58 -4.42 0.8 24.42 -4.42 0.8 22.39 -5.77 0.8 37.61 -5.77 0.8
4 16 37.61 -5.77 0.8 22.39 -5.77 0.8 20 -6.25 0.8 40 -6.25 0.8
4 16 20 6.25 0.8 0 6.25 0.8 2.39 5.77 0.8 17.61 5.77 0.8
4 16 17.61 5.77 0.8 2.39 5.77 0.8 4.42 4.42 0.8 15.58 4.42 0.8
4 16 15.58 4.42 0.8 4.42 4.42 0.8 5.77 2.39 0.8 14.23 2.39 0.8
4 16 14.23 2.39 0.8 5.77 2.39 0.8 6.25 0 0.8 13.75 0 0.8
4 16 13.75 0 0.8 6.25 0 0.8 5.77 -2.39 0.8 14.23 -2.39 0.8
4 16 14.23 -2.39 0.8 5.77 -2.39 0.8 4.42 -4.42 0.8 15.58 -4.42 0.8
4 16 15.58 -4.42 0.8 4.42 -4.42 0.8 2.39 -5.77 0.8 17.61 -5.77 0.8
4 16 17.61 -5.77 0.8 2.39 -5.77 0.8 0 -6.25 0.8 20 -6.25 0.8
3 16 -17.61 -5.77 0.8 -20 -6.25 0.8 -15.95 -10 0.8

3 16 -22.39 -5.77 -19.2 -20 -6.25 -19.2 -15.95 -14.68 -19.2
3 16 -15.95 -14.68 -19.2 -20 -6.25 -19.2 -17.61 -5.77 -19.2
4 16 -15.95 -14.68 -19.2 -17.61 -5.77 -19.2 -15.58 -4.42 -19.2 -11.27 -10 -19.2
2 24 -15.95 -14.68 -19.2 -11.27 -10 -19.2
3 16 -11.27 -10 -19.2 -15.58 -4.42 -19.2 -14.23 -2.39 -19.2
4 16 -18.32 -38.76 -19.2 -18.32 -31.24 -19.2 -15.95 -40.5 -19.2 -18.07 -40 -19.2
3 16 -15.95 -40.5 -19.2 -18.32 -31.24 -19.2 -18.07 -30 -19.2
3 16 -15.95 -40.5 -19.2 -18.07 -30 -19.2 -15.95 -14.68 -19.2
2 24 -15.95 -40.5 -19.2 -15.95 -14.68 -19.2
3 16 -15.95 -14.68 -19.2 -18.07 -30 -19.2 -18.32 -28.76 -19.2
3 16 -15.95 -14.68 -19.2 -18.32 -28.76 -19.2 -19.03 -27.7 -19.2
3 16 -21.32 -43.25 -19.2 -20.08 -43 -19.2 -15.95 -55.04 -19.2
3 16 -15.95 -55.04 -19.2 -20.08 -43 -19.2 -19.03 -42.3 -19.2
4 16 -15.95 -55.04 -19.2 -19.03 -42.3 -19.2 -18.32 -41.24 -19.2 -15.95 -40.5 -19.2
2 24 -15.95 -55.04 -19.2 -15.95 -40.5 -19.2
3 16 -15.95 -40.5 -19.2 -18.32 -41.24 -19.2 -18.07 -40 -19.2
3 16 -21.32 -43.25 -19.2 -15.95 -55.04 -19.2 -22.57 -43 -19.2
4 16 -22.57 -43 -19.2 -15.95 -55.04 -19.2 -36.45 -55.04 -19.2 -23.62 -42.3 -19.2
2 24 -36.45 -55.04 -19.2 -15.95 -55.04 -19.2
3 16 -23.62 -42.3 -19.2 -36.45 -55.04 -19.2 -24.33 -41.24 -19.2
3 16 -23.62 -27.7 -19.2 -24.33 -28.76 -19.2 -36.45 -14.68 -19.2
3 16 -36.45 -14.68 -19.2 -24.33 -28.76 -19.2 -24.57 -30 -19.2
4 16 -36.45 -14.68 -19.2 -24.57 -30 -19.2 -24.33 -31.24 -19.2 -36.45 -55.04 -19.2
2 24 -36.45 -14.68 -19.2 -36.45 -55.04 -19.2
4 16 -36.45 -55.04 -19.2 -24.33 -31.24 -19.2 -24.33 -38.76 -19.2 -24.57 -40 -19.2
4 16 -24.33 -38.76 -19.2 -24.33 -31.24 -19.2 -23.62 -32.3 -19.2 -23.62 -37.7 -19.2
3 16 -43.55 -5.14 -19.2 -41.31 -6.11 -19.2 -41.12 -10 -19.2
2 24 -43.55 -5.14 -19.2 -41.31 -6.11 -19.2
3 16 -41.12 -10 -19.2 -41.31 -6.11 -19.2 -38.87 -6.15 -19.2
2 24 -41.31 -6.11 -19.2 -38.87 -6.15 -19.2
4 16 -41.12 -10 -19.2 -38.87 -6.15 -19.2 -36.61 -5.25 -19.2 -36.45 -14.68 -19.2
2 24 -38.87 -6.15 -19.2 -36.61 -5.25 -19.2
2 24 -41.12 -10 -19.2 -36.45 -14.68 -19.2
3 16 -36.45 -14.68 -19.2 -36.61 -5.25 -19.2 -34.86 -3.55 -19.2
2 24 -36.61 -5.25 -19.2 -34.86 -3.55 -19.2
4 16 -41.12 -10 -19.2 -50 -10 -19.2 -45.25 -3.39 -19.2 -43.55 -5.14 -19.2
2 24 -50 -10 -19.2 -41.12 -10 -19.2
2 24 -45.25 -3.39 -19.2 -43.55 -5.14 -19.2
3 16 -45.25 -3.39 -19.2 -50 -10 -19.2 -46.15 -1.13 -19.2
2 24 -46.15 -1.13 -19.2 -45.25 -3.39 -19.2
4 16 -46.15 -1.13 -19.2 -50 -10 -19.2 -50 10 -19.2 -46.11 1.31 -19.2
2 24 -50 -10 -19.2 -50 10 -19.2
2 24 -46.11 1.31 -19.2 -46.15 -1.13 -19.2
3 16 -46.11 1.31 -19.2 -50 10 -19.2 -45.14 3.55 -19.2
2 24 -45.14 3.55 -19.2 -46.11 1.31 -19.2
3 16 37.61 -5.77 -19.2 38.38 -10 -19.2 35.58 -4.42 -19.2
4 16 35.58 -4.42 -19.2 38.38 -10 -19.2 22.39 -5.77 -19.2 24.42 -4.42 -19.2
4 16 35.58 -4.42 -19.2 24.42 -4.42 -19.2 25.77 -2.39 -19.2 34.23 -2.39 -19.2
4 16 34.23 -2.39 -19.2 25.77 -2.39 -19.2 26.25 0 -19.2 33.75 0 -19.2
4 16 33.75 0 -19.2 26.25 0 -19.2 25.77 2.39 -19.2 34.23 2.39 -19.2
4 16 34.23 2.39 -19.2 25.77 2.39 -19.2 24.42 4.42 -19.2 35.58 4.42 -19.2
4 16 35.58 4.42 -19.2 24.42 4.42 -19.2 22.39 5.77 -19.2 37.61 5.77 -19.2
4 16 37.61 5.77 -19.2 22.39 5.77 -19.2 20 6.25 -19.2 40 6.25 -19.2
3 16 40 6.25 -19.2 20 6.25 -19.2 70 10 -19.2
3 16 70 10 -19.2 20 6.25 -19.2 0 6.25 -19.2
3 16 70 10 -19.2 0 6.25 -19.2 -50 10 -19.2
2 24 -50 10 -19.2 70 10 -19.2
3 16 -50 10 -19.2 0 6.25 -19.2 -20 6.25 -19.2
4 16 -50 10 -19.2 -20 6.25 -19.2 -22.39 5.77 -19.2 -38.69 6.11 -19.2
3 16 -38.69 6.11 -19.2 -22.39 5.77 -19.2 -36.45 5.14 -19.2
2 24 -36.45 5.14 -19.2 -38.69 6.11 -19.2
4 16 -36.45 5.14 -19.2 -22.39 5.77 -19.2 -24.42 4.42 -19.2 -34.75 3.39 -19.2
2 24 -34.75 3.39 -19.2 -36.45 5.14 -19.2
4 16 -34.75 3.39 -19.2 -24.42 4.42 -19.2 -25.77 2.39 -19.2 -33.85 1.13 -19.2
2 24 -33.85 1.13 -19.2 -34.75 3.39 -19.2
4 16 -33.85 1.13 -19.2 -25.77 2.39 -19.2 -26.25 0 -19.2 -33.89 -1.31 -19.2
2 24 -33.89 -1.31 -19.2 -33.85 1.13 -19.2
4 16 -33.89 -1.31 -19.2 -26.25 0 -19.2 -25.77 -2.39 -19.2 -34.86 -3.55 -19.2
2 24 -34.86 -3.55 -19.2 -33.89 -1.31 -19.2
4 16 -34.86 -3.55 -19.2 -25.77 -2.39 -19.2 -24.42 -4.42 -19.2 -36.45 -14.68 -19.2
4 16 -36.45 -14.68 -19.2 -24.42 -4.42 -19.2 -22.39 -5.77 -19.2 -15.95 -14.68 -19.2
3 16 61.31 -6.11 -19.2 63.55 -5.14 -19.2 68.23 -10 -19.2
3 16 68.23 -10 -19.2 63.55 -5.14 -19.2 65.25 -3.39 -19.2
4 16 68.23 -10 -19.2 65.25 -3.39 -19.2 66.15 -1.13 -19.2 70 -10 -19.2
2 24 68.23 -10 -19.2 70 -10 -19.2
4 16 70 -10 -19.2 66.15 -1.13 -19.2 66.11 1.31 -19.2 70 10 -19.2
2 24 70 -10 -19.2 70 10 -19.2
3 16 70 10 -19.2 66.11 1.31 -19.2 65.14 3.55 -19.2
4 16 68.23 -10 -19.2 63.55 -14.68 -19.2 58.87 -6.15 -19.2 61.31 -6.11 -19.2
2 24 63.55 -14.68 -19.2 68.23 -10 -19.2
4 16 51.43 -38.76 -19.2 51.43 -31.24 -19.2 63.55 -55.04 -19.2 51.68 -40 -19.2
3 16 63.55 -55.04 -19.2 51.43 -31.24 -19.2 51.68 -30 -19.2
4 16 63.55 -55.04 -19.2 51.68 -30 -19.2 51.43 -28.76 -19.2 63.55 -14.68 -19.2
2 24 63.55 -55.04 -19.2 63.55 -14.68 -19.2
3 16 63.55 -14.68 -19.2 51.43 -28.76 -19.2 50.72 -27.7 -19.2
3 16 47.18 -43 -19.2 48.43 -43.25 -19.2 43.05 -55.04 -19.2
3 16 43.05 -55.04 -19.2 48.43 -43.25 -19.2 49.67 -43 -19.2
4 16 43.05 -55.04 -19.2 49.67 -43 -19.2 50.72 -42.3 -19.2 63.55 -55.04 -19.2
2 24 43.05 -55.04 -19.2 63.55 -55.04 -19.2
3 16 63.55 -55.04 -19.2 50.72 -42.3 -19.2 51.43 -41.24 -19.2
3 16 46.13 -27.7 -19.2 45.42 -28.76 -19.2 43.05 -14.68 -19.2
3 16 43.05 -14.68 -19.2 45.42 -28.76 -19.2 45.18 -30 -19.2
3 16 43.05 -14.68 -19.2 45.18 -30 -19.2 43.05 -55.04 -19.2
2 24 43.05 -14.68 -19.2 43.05 -55.04 -19.2
3 16 43.05 -55.04 -19.2 45.18 -30 -19.2 45.18 -40 -19.2
3 16 43.05 -55.04 -19.2 45.18 -40 -19.2 45.42 -41.24 -19.2
3 16 37.61 -5.77 -19.2 40 -6.25 -19.2 38.38 -10 -19.2
3 16 38.38 -10 -19.2 40 -6.25 -19.2 42.39 -5.77 -19.2
4 16 38.38 -10 -19.2 42.39 -5.77 -19.2 44.42 -4.42 -19.2 43.05 -14.68 -19.2
2 24 38.38 -10 -19.2 43.05 -14.68 -19.2
4 16 43.05 -14.68 -19.2 44.42 -4.42 -19.2 54.86 -3.55 -19.2 56.61 -5.25 -19.2
3 16 -2.39 -5.77 -19.2 0 -6.25 -19.2 -11.27 -10 -19.2
4 16 -11.27 -10 -19.2 0 -6.25 -19.2 20 -6.25 -19.2 38.38 -10 -19.2
2 24 -11.27 -10 -19.2 38.38 -10 -19.2
3 16 38.38 -10 -19.2 20 -6.25 -19.2 22.39 -5.77 -19.2
3 16 65.14 3.55 -19.2 63.39 5.25 -19.2 70 10 -19.2
3 16 70 10 -19.2 63.39 5.25 -19.2 61.13 6.15 -19.2
3 16 70 10 -19.2 61.13 6.15 -19.2 58.69 6.11 -19.2
4 16 54.86 -3.55 -19.2 44.42 -4.42 -19.2 45.77 -2.39 -19.2 53.89 -1.31 -19.2
4 16 53.89 -1.31 -19.2 45.77 -2.39 -19.2 46.25 0 -19.2 53.85 1.13 -19.2
4 16 53.85 1.13 -19.2 46.25 0 -19.2 45.77 2.39 -19.2 54.75 3.39 -19.2
4 16 54.75 3.39 -19.2 45.77 2.39 -19.2 44.42 4.42 -19.2 56.45 5.14 -19.2
4 16 56.45 5.14 -19.2 44.42 4.42 -19.2 42.39 5.77 -19.2 58.69 6.11 -19.2
4 16 58.69 6.11 -19.2 42.39 5.77 -19.2 40 6.25 -19.2 70 10 -19.2
4 16 43.05 -14.68 -19.2 56.61 -5.25 -19.2 58.87 -6.15 -19.2 63.55 -14.68 -19.2
4 16 20 -6.25 -19.2 0 -6.25 -19.2 2.39 -5.77 -19.2 17.61 -5.77 -19.2
4 16 17.61 -5.77 -19.2 2.39 -5.77 -19.2 4.42 -4.42 -19.2 15.58 -4.42 -19.2
4 16 15.58 -4.42 -19.2 4.42 -4.42 -19.2 5.77 -2.39 -19.2 14.23 -2.39 -19.2
4 16 14.23 -2.39 -19.2 5.77 -2.39 -19.2 6.25 0 -19.2 13.75 0 -19.2
4 16 13.75 0 -19.2 6.25 0 -19.2 5.77 2.39 -19.2 14.23 2.39 -19.2
4 16 14.23 2.39 -19.2 5.77 2.39 -19.2 4.42 4.42 -19.2 15.58 4.42 -19.2
4 16 15.58 4.42 -19.2 4.42 4.42 -19.2 2.39 5.77 -19.2 17.61 5.77 -19.2
4 16 17.61 5.77 -19.2 2.39 5.77 -19.2 0 6.25 -19.2 20 6.25 -19.2
4 16 -4.42 -4.42 -19.2 -11.27 -10 -19.2 -14.23 -2.39 -19.2 -5.77 -2.39 -19.2
4 16 -5.77 -2.39 -19.2 -14.23 -2.39 -19.2 -13.75 0 -19.2 -6.25 0 -19.2
4 16 -6.25 0 -19.2 -13.75 0 -19.2 -14.23 2.39 -19.2 -5.77 2.39 -19.2
4 16 -5.77 2.39 -19.2 -14.23 2.39 -19.2 -15.58 4.42 -19.2 -4.42 4.42 -19.2
4 16 -4.42 4.42 -19.2 -15.58 4.42 -19.2 -17.61 5.77 -19.2 -2.39 5.77 -19.2
4 16 -2.39 5.77 -19.2 -17.61 5.77 -19.2 -20 6.25 -19.2 0 6.25 -19.2
3 16 -4.42 -4.42 -19.2 -2.39 -5.77 -19.2 -11.27 -10 -19.2
4 16 45.18 -40 -19.2 45.18 -30 -19.2 45.42 -31.24 -19.2 45.42 -38.76 -19.2
4 16 45.42 -38.76 -19.2 45.42 -31.24 -19.2 46.13 -32.3 -19.2 46.13 -37.7 -19.2
4 16 46.13 -37.7 -19.2 46.13 -32.3 -19.2 47.18 -33 -19.2 47.18 -37 -19.2
4 16 47.18 -37 -19.2 47.18 -33 -19.2 48.43 -33.25 -19.2 48.43 -36.75 -19.2
4 16 48.43 -36.75 -19.2 48.43 -33.25 -19.2 49.67 -33 -19.2 49.67 -37 -19.2
4 16 49.67 -37 -19.2 49.67 -33 -19.2 50.72 -32.3 -19.2 50.72 -37.7 -19.2
4 16 50.72 -37.7 -19.2 50.72 -32.3 -19.2 51.43 -31.24 -19.2 51.43 -38.76 -19.2
3 16 50.72 -27.7 -19.2 49.67 -27 -19.2 63.55 -14.68 -19.2
4 16 63.55 -14.68 -19.2 49.67 -27 -19.2 48.43 -26.75 -19.2 43.05 -14.68 -19.2
3 16 43.05 -14.68 -19.2 48.43 -26.75 -19.2 47.18 -27 -19.2
3 16 43.05 -14.68 -19.2 47.18 -27 -19.2 46.13 -27.7 -19.2
3 16 45.42 -41.24 -19.2 46.13 -42.3 -19.2 43.05 -55.04 -19.2
3 16 43.05 -55.04 -19.2 46.13 -42.3 -19.2 47.18 -43 -19.2
3 16 51.43 -41.24 -19.2 51.68 -40 -19.2 63.55 -55.04 -19.2
4 16 -23.62 -37.7 -19.2 -23.62 -32.3 -19.2 -22.57 -33 -19.2 -22.57 -37 -19.2
4 16 -22.57 -37 -19.2 -22.57 -33 -19.2 -21.32 -33.25 -19.2 -21.32 -36.75 -19.2
4 16 -21.32 -36.75 -19.2 -21.32 -33.25 -19.2 -20.08 -33 -19.2 -20.08 -37 -19.2
4 16 -20.08 -37 -19.2 -20.08 -33 -19.2 -19.03 -32.3 -19.2 -19.03 -37.7 -19.2
4 16 -19.03 -37.7 -19.2 -19.03 -32.3 -19.2 -18.32 -31.24 -19.2 -18.32 -38.76 -19.2
3 16 -19.03 -27.7 -19.2 -20.08 -27 -19.2 -15.95 -14.68 -19.2
3 16 -15.95 -14.68 -19.2 -20.08 -27 -19.2 -21.32 -26.75 -19.2
3 16 -15.95 -14.68 -19.2 -21.32 -26.75 -19.2 -22.57 -27 -19.2
4 16 -15.95 -14.68 -19.2 -22.57 -27 -19.2 -23.62 -27.7 -19.2 -36.45 -14.68 -19.2
3 16 -36.45 -55.04 -19.2 -24.57 -40 -19.2 -24.33 -41.24 -19.2
3 16 -38.69 6.11 -19.2 -41.13 6.15 -19.2 -50 10 -19.2
2 24 -38.69 6.11 -19.2 -41.13 6.15 -19.2
3 16 -50 10 -19.2 -41.13 6.15 -19.2 -43.39 5.25 -19.2
2 24 -41.13 6.15 -19.2 -43.39 5.25 -19.2
3 16 -50 10 -19.2 -43.39 5.25 -19.2 -45.14 3.55 -19.2
2 24 -43.39 5.25 -19.2 -45.14 3.55 -19.2

3 16 -24.33 -28.76 -7.45 -23.62 -27.7 -7.45 -36.45 -14.68 -7.45
3 16 -36.45 -14.68 -7.45 -23.62 -27.7 -7.45 -22.57 -27 -7.45
4 16 -36.45 -14.68 -7.45 -22.57 -27 -7.45 -21.32 -26.75 -7.45 -15.95 -14.68 -7.45
2 24 -36.45 -14.68 -7.45 -15.95 -14.68 -7.45
3 16 -15.95 -14.68 -7.45 -21.32 -26.75 -7.45 -20.08 -27 -7.45
3 16 -24.33 -28.76 -7.45 -36.45 -14.68 -7.45 -24.57 -30 -7.45
4 16 -24.57 -30 -7.45 -36.45 -14.68 -7.45 -36.45 -54.83 -7.45 -24.33 -31.24 -7.45
2 24 -36.45 -54.83 -7.45 -36.45 -14.68 -7.45
4 16 -24.33 -31.24 -7.45 -36.45 -54.83 -7.45 -24.57 -40 -7.45 -24.33 -38.76 -7.45
4 16 -24.33 -31.24 -7.45 -24.33 -38.76 -7.45 -23.62 -37.7 -7.45 -23.62 -32.3 -7.45
4 16 -23.62 -32.3 -7.45 -23.62 -37.7 -7.45 -22.57 -37 -7.45 -22.57 -33 -7.45
4 16 -22.57 -33 -7.45 -22.57 -37 -7.45 -21.32 -36.75 -7.45 -21.32 -33.25 -7.45
3 16 -21.32 -33.25 -7.45 -21.32 -36.75 -7.45 -20.08 -37 -7.45
3 16 -20.08 -43 -7.45 -21.32 -43.25 -7.45 -15.95 -54.83 -7.45
3 16 -15.95 -54.83 -7.45 -21.32 -43.25 -7.45 -22.57 -43 -7.45
4 16 -15.95 -54.83 -7.45 -22.57 -43 -7.45 -23.62 -42.3 -7.45 -36.45 -54.83 -7.45
2 24 -36.45 -54.83 -7.45 -15.95 -54.83 -7.45
3 16 -36.45 -54.83 -7.45 -23.62 -42.3 -7.45 -24.33 -41.24 -7.45
3 16 -19.03 -27.7 -7.45 -18.32 -28.76 -7.45 -15.95 -14.68 -7.45
3 16 -15.95 -14.68 -7.45 -18.32 -28.76 -7.45 -18.07 -30 -7.45
3 16 -15.95 -14.68 -7.45 -18.07 -30 -7.45 -15.95 -54.83 -7.45
2 24 -15.95 -14.68 -7.45 -15.95 -54.83 -7.45
3 16 -15.95 -54.83 -7.45 -18.07 -30 -7.45 -18.07 -40 -7.45
3 16 -15.95 -54.83 -7.45 -18.07 -40 -7.45 -18.32 -41.24 -7.45
3 16 -20.08 -27 -7.45 -19.03 -27.7 -7.45 -15.95 -14.68 -7.45
4 16 -18.07 -30 -7.45 -18.32 -31.24 -7.45 -18.32 -38.76 -7.45 -18.07 -40 -7.45
3 16 -18.32 -31.24 -7.45 -19.03 -32.3 -7.45 -18.32 -38.76 -7.45
4 16 -18.32 -38.76 -7.45 -19.03 -32.3 -7.45 -20.08 -33 -7.45 -19.03 -37.7 -7.45
4 16 -19.03 -37.7 -7.45 -20.08 -33 -7.45 -21.32 -33.25 -7.45 -20.08 -37 -7.45
3 16 -24.33 -41.24 -7.45 -24.57 -40 -7.45 -36.45 -54.83 -7.45
3 16 -18.32 -41.24 -7.45 -19.03 -42.3 -7.45 -15.95 -54.83 -7.45
3 16 -15.95 -54.83 -7.45 -19.03 -42.3 -7.45 -20.08 -43 -7.45

3 16 45.42 -28.76 -7.45 43.05 -14.68 -7.45 45.18 -30 -7.45
3 16 45.18 -30 -7.45 43.05 -14.68 -7.45 43.05 -54.83 -7.45
2 24 43.05 -54.83 -7.45 43.05 -14.68 -7.45
3 16 45.18 -30 -7.45 43.05 -54.83 -7.45 45.18 -40 -7.45
3 16 45.18 -40 -7.45 43.05 -54.83 -7.45 45.42 -41.24 -7.45
3 16 45.42 -28.76 -7.45 46.13 -27.7 -7.45 43.05 -14.68 -7.45
3 16 43.05 -14.68 -7.45 46.13 -27.7 -7.45 47.18 -27 -7.45
3 16 43.05 -14.68 -7.45 47.18 -27 -7.45 48.43 -26.75 -7.45
3 16 48.43 -26.75 -7.45 49.67 -27 -7.45 43.05 -14.68 -7.45
4 16 43.05 -14.68 -7.45 49.67 -27 -7.45 50.72 -27.7 -7.45 63.55 -14.68 -7.45
2 24 43.05 -14.68 -7.45 63.55 -14.68 -7.45
3 16 63.55 -14.68 -7.45 50.72 -27.7 -7.45 51.43 -28.76 -7.45
3 16 63.55 -14.68 -7.45 51.43 -28.76 -7.45 51.68 -30 -7.45
4 16 63.55 -14.68 -7.45 51.68 -30 -7.45 51.43 -31.24 -7.45 63.55 -54.83 -7.45
2 24 63.55 -14.68 -7.45 63.55 -54.83 -7.45
4 16 63.55 -54.83 -7.45 51.43 -31.24 -7.45 51.43 -38.76 -7.45 51.68 -40 -7.45
4 16 51.43 -38.76 -7.45 51.43 -31.24 -7.45 50.72 -32.3 -7.45 50.72 -37.7 -7.45
4 16 50.72 -37.7 -7.45 50.72 -32.3 -7.45 49.67 -33 -7.45 49.67 -37 -7.45
4 16 49.67 -37 -7.45 49.67 -33 -7.45 48.43 -33.25 -7.45 48.43 -36.75 -7.45
4 16 48.43 -36.75 -7.45 48.43 -33.25 -7.45 47.18 -33 -7.45 47.18 -37 -7.45
4 16 47.18 -37 -7.45 47.18 -33 -7.45 46.13 -32.3 -7.45 46.13 -37.7 -7.45
4 16 46.13 -37.7 -7.45 46.13 -32.3 -7.45 45.42 -31.24 -7.45 45.42 -38.76 -7.45
4 16 45.42 -38.76 -7.45 45.42 -31.24 -7.45 45.18 -30 -7.45 45.18 -40 -7.45
3 16 63.55 -54.83 -7.45 51.68 -40 -7.45 51.43 -41.24 -7.45
3 16 63.55 -54.83 -7.45 51.43 -41.24 -7.45 50.72 -42.3 -7.45
3 16 50.72 -42.3 -7.45 49.67 -43 -7.45 63.55 -54.83 -7.45
4 16 63.55 -54.83 -7.45 49.67 -43 -7.45 48.43 -43.25 -7.45 43.05 -54.83 -7.45
2 24 43.05 -54.83 -7.45 63.55 -54.83 -7.45
3 16 43.05 -54.83 -7.45 48.43 -43.25 -7.45 47.18 -43 -7.45
3 16 43.05 -54.83 -7.45 47.18 -43 -7.45 46.13 -42.3 -7.45
3 16 46.13 -42.3 -7.45 45.42 -41.24 -7.45 43.05 -54.83 -7.45

3 16 -11.27 -10 -19.2 38.38 -10 -19.2 -11.27 -10 -2.78
2 24 -11.27 -10 -19.2 -11.27 -10 -2.78
4 16 -11.27 -10 -2.78 38.38 -10 -19.2 38.38 -10 -2.78 -15.95 -10 0.8
2 24 38.38 -10 -2.78 38.38 -10 -19.2
3 16 -15.95 -10 0.8 38.38 -10 -2.78 70 -10 0.8
3 16 38.38 -10 -2.78 68.23 -10 -2.78 70 -10 0.8
2 24 38.38 -10 -2.78 68.23 -10 -2.78
4 16 70 -10 0.8 68.23 -10 -2.78 68.23 -10 -19.2 70 -10 -19.2
2 24 68.23 -10 -19.2 68.23 -10 -2.78
2 24 70 -10 -19.2 70 -10 0.8
4 16 -11.27 -10 -2.78 -15.95 -10 0.8 -50 -10 0.8 -41.12 -10 -2.78
2 24 -41.12 -10 -2.78 -11.27 -10 -2.78
4 16 -41.12 -10 -2.78 -50 -10 0.8 -50 -10 -19.2 -41.12 -10 -19.2
2 24 -50 -10 0.8 -50 -10 -19.2
2 24 -41.12 -10 -19.2 -41.12 -10 -2.78

3 16 -15.95 -14.68 -19.2 -15.95 -14.68 -7.45 -15.95 -40.5 -19.2
2 24 -15.95 -14.68 -7.45 -15.95 -14.68 -19.2
4 16 -15.95 -40.5 -19.2 -15.95 -14.68 -7.45 -15.95 -54.83 -7.45 -15.95 -55.04 -19.2
2 24 -15.95 -54.83 -7.45 -15.95 -55.04 -19.2

4 16 38.38 -10 -2.78 38.38 -10 -19.2 43.05 -14.68 -19.2 43.05 -14.68 -7.45
2 24 43.05 -14.68 -19.2 43.05 -14.68 -7.45
2 24 43.05 -14.68 -7.45 38.38 -10 -2.78
4 16 -11.27 -10 -2.78 -15.95 -14.68 -7.45 -15.95 -14.68 -19.2 -11.27 -10 -19.2
2 24 -11.27 -10 -2.78 -15.95 -14.68 -7.45
4 16 68.23 -10 -2.78 63.55 -14.68 -7.45 63.55 -14.68 -19.2 68.23 -10 -19.2
2 24 68.23 -10 -2.78 63.55 -14.68 -7.45
2 24 63.55 -14.68 -7.45 63.55 -14.68 -19.2
4 16 63.55 -14.68 -7.45 63.55 -54.83 -7.45 63.55 -55.04 -19.2 63.55 -14.68 -19.2
2 24 63.55 -54.83 -7.45 63.55 -55.04 -19.2
4 16 -41.12 -10 -2.78 -41.12 -10 -19.2 -36.45 -14.68 -19.2 -36.45 -14.68 -7.45
2 24 -36.45 -14.68 -19.2 -36.45 -14.68 -7.45
2 24 -36.45 -14.68 -7.45 -41.12 -10 -2.78
4 16 68.23 -10 -2.78 38.38 -10 -2.78 43.05 -14.68 -7.45 63.55 -14.68 -7.45
4 16 43.05 -14.68 -7.45 43.05 -14.68 -19.2 43.05 -55.04 -19.2 43.05 -54.83 -7.45
2 24 43.05 -55.04 -19.2 43.05 -54.83 -7.45
4 16 -11.27 -10 -2.78 -41.12 -10 -2.78 -36.45 -14.68 -7.45 -15.95 -14.68 -7.45
4 16 -36.45 -14.68 -7.45 -36.45 -14.68 -19.2 -36.45 -55.04 -19.2 -36.45 -54.83 -7.45
2 24 -36.45 -55.04 -19.2 -36.45 -54.83 -7.45
4 16 43.05 -54.83 -7.45 43.05 -55.04 -19.2 63.55 -55.04 -19.2 63.55 -54.83 -7.45
4 16 -15.95 -55.04 -19.2 -15.95 -54.83 -7.45 -36.45 -54.83 -7.45 -36.45 -55.04 -19.2
4 16 70 -10 -19.2 70 10 -19.2 70 10 0.8 70 -10 0.8
2 24 70 10 -19.2 70 10 0.8
3 16 -34.75 3.39 -19.2 -34.86 3.55 0.8 -36.45 5.14 -19.2
5 24 -34.75 3.39 -19.2 -34.86 3.55 0.8 -36.45 5.14 -19.2 -33.89 1.31 0.8
5 24 -34.86 3.55 0.8 -36.45 5.14 -19.2 -34.75 3.39 -19.2 -36.61 5.25 0.8
3 16 -36.45 5.14 -19.2 -34.86 3.55 0.8 -36.61 5.25 0.8
5 24 -36.61 5.25 0.8 -36.45 5.14 -19.2 -34.86 3.55 0.8 -38.69 6.11 -19.2
3 16 -36.45 5.14 -19.2 -36.61 5.25 0.8 -38.69 6.11 -19.2
5 24 -36.61 5.25 0.8 -38.69 6.11 -19.2 -36.45 5.14 -19.2 -38.87 6.15 0.8
3 16 -38.69 6.11 -19.2 -36.61 5.25 0.8 -38.87 6.15 0.8
5 24 -38.87 6.15 0.8 -38.69 6.11 -19.2 -36.61 5.25 0.8 -41.13 6.15 -19.2
3 16 -38.69 6.11 -19.2 -38.87 6.15 0.8 -41.13 6.15 -19.2
5 24 -38.87 6.15 0.8 -41.13 6.15 -19.2 -38.69 6.11 -19.2 -41.31 6.11 0.8
3 16 -41.13 6.15 -19.2 -38.87 6.15 0.8 -41.31 6.11 0.8
5 24 -41.31 6.11 0.8 -41.13 6.15 -19.2 -38.87 6.15 0.8 -43.39 5.25 -19.2
3 16 -41.13 6.15 -19.2 -41.31 6.11 0.8 -43.39 5.25 -19.2
5 24 -41.31 6.11 0.8 -43.39 5.25 -19.2 -41.13 6.15 -19.2 -43.55 5.14 0.8
3 16 -43.39 5.25 -19.2 -41.31 6.11 0.8 -43.55 5.14 0.8
5 24 -43.55 5.14 0.8 -43.39 5.25 -19.2 -41.31 6.11 0.8 -45.14 3.55 -19.2
3 16 -43.39 5.25 -19.2 -43.55 5.14 0.8 -45.14 3.55 -19.2
5 24 -43.55 5.14 0.8 -45.14 3.55 -19.2 -43.39 5.25 -19.2 -45.25 3.39 0.8
3 16 -45.14 3.55 -19.2 -43.55 5.14 0.8 -45.25 3.39 0.8
5 24 -45.25 3.39 0.8 -45.14 3.55 -19.2 -43.55 5.14 0.8 -46.11 1.31 -19.2
3 16 -45.14 3.55 -19.2 -45.25 3.39 0.8 -46.11 1.31 -19.2
5 24 -45.25 3.39 0.8 -46.11 1.31 -19.2 -45.14 3.55 -19.2 -46.15 1.13 0.8
3 16 -46.11 1.31 -19.2 -45.25 3.39 0.8 -46.15 1.13 0.8
5 24 -46.15 1.13 0.8 -46.11 1.31 -19.2 -45.25 3.39 0.8 -46.15 -1.13 -19.2
3 16 -46.11 1.31 -19.2 -46.15 1.13 0.8 -46.15 -1.13 -19.2
5 24 -46.15 1.13 0.8 -46.15 -1.13 -19.2 -46.11 1.31 -19.2 -46.11 -1.31 0.8
3 16 -46.15 -1.13 -19.2 -46.15 1.13 0.8 -46.11 -1.31 0.8
5 24 -46.11 -1.31 0.8 -46.15 -1.13 -19.2 -46.15 1.13 0.8 -45.25 -3.39 -19.2
3 16 -46.15 -1.13 -19.2 -46.11 -1.31 0.8 -45.25 -3.39 -19.2
5 24 -46.11 -1.31 0.8 -45.25 -3.39 -19.2 -46.15 -1.13 -19.2 -45.14 -3.55 0.8
3 16 -45.25 -3.39 -19.2 -46.11 -1.31 0.8 -45.14 -3.55 0.8
5 24 -45.14 -3.55 0.8 -45.25 -3.39 -19.2 -46.11 -1.31 0.8 -43.55 -5.14 -19.2
3 16 -45.25 -3.39 -19.2 -45.14 -3.55 0.8 -43.55 -5.14 -19.2
5 24 -45.14 -3.55 0.8 -43.55 -5.14 -19.2 -45.25 -3.39 -19.2 -43.39 -5.25 0.8
3 16 -43.55 -5.14 -19.2 -45.14 -3.55 0.8 -43.39 -5.25 0.8
5 24 -43.39 -5.25 0.8 -43.55 -5.14 -19.2 -45.14 -3.55 0.8 -41.31 -6.11 -19.2
3 16 -43.55 -5.14 -19.2 -43.39 -5.25 0.8 -41.31 -6.11 -19.2
5 24 -43.39 -5.25 0.8 -41.31 -6.11 -19.2 -43.55 -5.14 -19.2 -41.13 -6.15 0.8
3 16 -41.31 -6.11 -19.2 -43.39 -5.25 0.8 -41.13 -6.15 0.8
5 24 -41.13 -6.15 0.8 -41.31 -6.11 -19.2 -43.39 -5.25 0.8 -38.87 -6.15 -19.2
3 16 -41.31 -6.11 -19.2 -41.13 -6.15 0.8 -38.87 -6.15 -19.2
5 24 -41.13 -6.15 0.8 -38.87 -6.15 -19.2 -41.31 -6.11 -19.2 -38.69 -6.11 0.8
3 16 -38.87 -6.15 -19.2 -41.13 -6.15 0.8 -38.69 -6.11 0.8
5 24 -38.69 -6.11 0.8 -38.87 -6.15 -19.2 -41.13 -6.15 0.8 -36.61 -5.25 -19.2
3 16 -38.87 -6.15 -19.2 -38.69 -6.11 0.8 -36.61 -5.25 -19.2
5 24 -38.69 -6.11 0.8 -36.61 -5.25 -19.2 -38.87 -6.15 -19.2 -36.45 -5.14 0.8
3 16 -36.61 -5.25 -19.2 -38.69 -6.11 0.8 -36.45 -5.14 0.8
5 24 -36.45 -5.14 0.8 -36.61 -5.25 -19.2 -38.69 -6.11 0.8 -34.86 -3.55 -19.2
3 16 -36.61 -5.25 -19.2 -36.45 -5.14 0.8 -34.86 -3.55 -19.2
5 24 -36.45 -5.14 0.8 -34.86 -3.55 -19.2 -36.61 -5.25 -19.2 -34.75 -3.39 0.8
3 16 -34.86 -3.55 -19.2 -36.45 -5.14 0.8 -34.75 -3.39 0.8
5 24 -34.75 -3.39 0.8 -34.86 -3.55 -19.2 -36.45 -5.14 0.8 -33.89 -1.31 -19.2
3 16 -34.86 -3.55 -19.2 -34.75 -3.39 0.8 -33.89 -1.31 -19.2
5 24 -34.75 -3.39 0.8 -33.89 -1.31 -19.2 -34.86 -3.55 -19.2 -33.85 -1.13 0.8
3 16 -33.89 -1.31 -19.2 -34.75 -3.39 0.8 -33.85 -1.13 0.8
5 24 -33.85 -1.13 0.8 -33.89 -1.31 -19.2 -34.75 -3.39 0.8 -33.85 1.13 -19.2
3 16 -33.89 -1.31 -19.2 -33.85 -1.13 0.8 -33.85 1.13 -19.2
5 24 -33.85 -1.13 0.8 -33.85 1.13 -19.2 -33.89 -1.31 -19.2 -33.89 1.31 0.8
3 16 -33.85 1.13 -19.2 -33.85 -1.13 0.8 -33.89 1.31 0.8
5 24 -33.89 1.31 0.8 -33.85 1.13 -19.2 -33.85 -1.13 0.8 -34.75 3.39 -19.2
3 16 -33.85 1.13 -19.2 -33.89 1.31 0.8 -34.75 3.39 -19.2
5 24 -33.89 1.31 0.8 -34.75 3.39 -19.2 -33.85 1.13 -19.2 -34.86 3.55 0.8
3 16 -34.75 3.39 -19.2 -33.89 1.31 0.8 -34.86 3.55 0.8
4 16 -50 10 -19.2 -50 -10 -19.2 -50 -10 0.8 -50 10 0.8
2 24 -50 10 0.8 -50 10 -19.2
4 16 70 10 -19.2 -50 10 -19.2 -50 10 0.8 70 10 0.8
2 24 -20 -6.25 -19.2 -17.61 -5.77 -19.2
