0 Bitbeam Servo SG90
0 Name: bb-srv-SG90.dat
0 Author: Philippe Hurbain [Philo]
0 !LDRAW_ORG Unofficial_Part
0 !LICENSE Redistributable under CCAL version 2.0 : see CAreadme.txt
0 BFC CERTIFY CCW
0 !HISTORY 2008-08-08 [Philo] Creation
1 16 0 7 0 28 0 0 0 35 0 0 0 15 box5-4a.dat
1 16 0 4 0 28 0 0 0 -15 0 0 0 15 box5-4a.dat
1 16 0 4 0 37 0 0 0 3 0 0 0 15 box4o8a.dat
1 16 28 4 11 5 0 0 0 0 -5 0 4 0 tri3u.dat
1 16 28 4 -15 5 0 0 0 0 -5 0 4 0 tri3u.dat
1 16 -28 4 -11 -5 0 0 0 0 -5 0 -4 0 tri3u.dat
1 16 -28 4 15 -5 0 0 0 0 -5 0 -4 0 tri3u.dat
1 16 32.5 4 0 -2.5 0 0 0 -1 0 0 0 2.5 4-4edge.dat
1 16 32.5 7 0 -2.5 0 0 0 -1 0 0 0 2.5 4-4ndis.dat
1 16 32.5 4 0 2.5 0 0 0 1 0 0 0 2.5 4-4ndis.dat
0 BFC CERTIFY INVERTNEXT
1 16 32.5 4 0 -2.5 0 0 0 3 0 0 0 2.5 4-4cyli.dat
1 16 32.5 7 0 -2.5 0 0 0 -1 0 0 0 2.5 4-4edge.dat
4 16 28 4 11 28 4 -11 30 4 -2.5 30 4 2.5
4 16 30 4 2.5 35 4 2.5 33 4 11 28 4 11
4 16 28 4 -11 33 4 -11 35 4 -2.5 30 4 -2.5
4 16 35 4 2.5 35 4 -2.5 37 4 -15 37 4 15
4 16 35 4 2.5 37 4 15 33 4 15 33 4 11
4 16 33 4 -11 33 4 -15 37 4 -15 35 4 -2.5
4 16 30 7 2.5 30 7 -2.5 28 7 -15 28 7 15
4 16 28 7 15 37 7 15 35 7 2.5 30 7 2.5
4 16 30 7 -2.5 35 7 -2.5 37 7 -15 28 7 -15
4 16 37 7 15 37 7 -15 35 7 -2.5 35 7 2.5
2 24 37 4 -15 37 4 15
2 24 37 7 -15 37 7 15
2 24 28 7 -15 28 7 15
2 24 37 7 -15 28 7 -15
2 24 37 4 -15 33 4 -15
2 24 37 7 15 28 7 15
2 24 37 4 15 33 4 15
1 16 -32.5 4 0 2.5 0 0 0 -1 0 0 0 -2.5 4-4edge.dat
1 16 -32.5 7 0 2.5 0 0 0 -1 0 0 0 -2.5 4-4ndis.dat
1 16 -32.5 4 0 -2.5 0 0 0 1 0 0 0 -2.5 4-4ndis.dat
0 BFC CERTIFY INVERTNEXT
1 16 -32.5 4 0 2.5 0 0 0 3 0 0 0 -2.5 4-4cyli.dat
1 16 -32.5 7 0 2.5 0 0 0 -1 0 0 0 -2.5 4-4edge.dat
4 16 -28 4 -11 -28 4 11 -30 4 2.5 -30 4 -2.5
4 16 -30 4 -2.5 -35 4 -2.5 -33 4 -11 -28 4 -11
4 16 -28 4 11 -33 4 11 -35 4 2.5 -30 4 2.5
4 16 -35 4 -2.5 -35 4 2.5 -37 4 15 -37 4 -15
4 16 -35 4 -2.5 -37 4 -15 -33 4 -15 -33 4 -11
4 16 -33 4 11 -33 4 15 -37 4 15 -35 4 2.5
4 16 -30 7 -2.5 -30 7 2.5 -28 7 15 -28 7 -15
4 16 -28 7 -15 -37 7 -15 -35 7 -2.5 -30 7 -2.5
4 16 -30 7 2.5 -35 7 2.5 -37 7 15 -28 7 15
4 16 -37 7 -15 -37 7 15 -35 7 2.5 -35 7 -2.5
2 24 -37 4 15 -37 4 -15
2 24 -37 7 15 -37 7 -15
2 24 -28 7 15 -28 7 -15
2 24 -37 7 15 -28 7 15
2 24 -37 4 15 -33 4 15
2 24 -37 7 -15 -28 7 -15
2 24 -37 4 -15 -33 4 -15
1 16 -14 -11 0 14 0 0 0 -4 0 0 0 -14 rod.dat
1 16 -14 -15 0 8 0 0 0 -2 0 0 0 -8 rod.dat
1 15 -14 -17 0 6 0 0 0 -2 0 0 0 -6 4-4edge.dat
1 15 -14 -25 0 6 0 0 0 -2 0 0 0 -6 4-4edge.dat
1 15 -14 -25 0 3 0 0 0 -2 0 0 0 -3 4-4edge.dat
1 15 -14 -25 0 3 0 0 0 2 0 0 0 3 4-4ring1.dat
1 15 -14 -17 0 3 0 0 0 -2 0 0 0 -3 4-4edge.dat
1 15 -14 -17 0 6 0 0 0 -8 0 0 0 -6 4-4cyli.dat
0 BFC CERTIFY INVERTNEXT
1 15 -14 -17 0 3 0 0 0 -8 0 0 0 -3 4-4cyli.dat
0 // Cable stub
1 4 -34 34 0 0 6 0 2 0 0 0 0 -2 rod.dat
1 14 -34 34 4 0 6 0 2 0 0 0 0 -2 rod.dat
1 0 -34 34 -4 0 6 0 2 0 0 0 0 -2 rod.dat
0
