0 BB Bitbeam Sensor Light - PCB v2
0 Name: bb-sen-v2-pcb.dat
0 Author: Tomas Feltl (e-Mole.cz)
0 !LDRAW_ORG Unofficial_Part
0 !LICENSE Redistributable under CCAL version 2.0 : see CAreadme.txt

0 BFC CERTIFY CCW

0 // Created with stl2dat conversion tool

4 16 21.87 -0.6 -7 21.87 -0.6 71.75 21.87 1 71.75 21.87 1 -7
2 24 21.87 -0.6 -7 21.87 -0.6 71.75
2 24 21.87 -0.6 71.75 21.87 1 71.75
2 24 21.87 1 71.75 21.87 1 -7
2 24 21.87 1 -7 21.87 -0.6 -7
4 16 58.12 -0.6 -7 21.87 -0.6 -7 21.87 1 -7 58.12 1 -7
2 24 58.12 -0.6 -7 21.87 -0.6 -7
2 24 21.87 1 -7 58.12 1 -7
2 24 58.12 1 -7 58.12 -0.6 -7
4 16 21.87 -0.6 71.75 58.12 -0.6 71.75 58.12 1 71.75 21.87 1 71.75
2 24 21.87 -0.6 71.75 58.12 -0.6 71.75
2 24 58.12 -0.6 71.75 58.12 1 71.75
2 24 58.12 1 71.75 21.87 1 71.75
4 16 58.12 -0.6 71.75 58.12 -0.6 -7 58.12 1 -7 58.12 1 71.75
2 24 58.12 -0.6 71.75 58.12 -0.6 -7
2 24 58.12 1 -7 58.12 1 71.75
4 16 21.87 -0.6 -7 58.12 -0.6 -7 58.12 -0.6 71.75 21.87 -0.6 71.75
4 16 58.12 1 -7 21.87 1 -7 21.87 1 71.75 58.12 1 71.75
4 16 27.25 -0.6 -0.22 52.75 -0.6 -0.22 52.75 -0.6 -6.6 27.25 -0.6 -6.6
2 24 27.25 -0.6 -0.22 52.75 -0.6 -0.22
2 24 52.75 -0.6 -0.22 52.75 -0.6 -6.6
2 24 52.75 -0.6 -6.6 27.25 -0.6 -6.6
2 24 27.25 -0.6 -6.6 27.25 -0.6 -0.22
4 16 27.25 -6.97 -6.6 27.25 -6.98 -0.23 27.25 -0.6 -0.22 27.25 -0.6 -6.6
2 24 27.25 -6.97 -6.6 27.25 -6.98 -0.23
2 24 27.25 -6.98 -0.23 27.25 -0.6 -0.22
2 24 27.25 -0.6 -6.6 27.25 -6.97 -6.6
4 16 27.25 -6.98 -0.23 52.75 -6.98 -0.23 52.75 -0.6 -0.22 27.25 -0.6 -0.22
2 24 27.25 -6.98 -0.23 52.75 -6.98 -0.23
2 24 52.75 -6.98 -0.23 52.75 -0.6 -0.22
4 16 52.75 -6.98 -0.23 52.75 -6.97 -6.6 52.75 -0.6 -6.6 52.75 -0.6 -0.22
2 24 52.75 -6.98 -0.23 52.75 -6.97 -6.6
2 24 52.75 -6.97 -6.6 52.75 -0.6 -6.6
4 16 52.75 -6.97 -6.6 27.25 -6.97 -6.6 27.25 -0.6 -6.6 52.75 -0.6 -6.6
2 24 52.75 -6.97 -6.6 27.25 -6.97 -6.6
4 16 27.25 -6.97 -6.6 52.75 -6.97 -6.6 52.75 -6.98 -0.23 27.25 -6.98 -0.23
