0 BB Bitbeam Stepper 28BYJ part 4
0 Name: bb-stp_28byj-4.dat
0 Author: Tomas Feltl (e-Mole.cz)
0 !LDRAW_ORG Unofficial_Part
0 !LICENSE Redistributable under CCAL version 2.0 : see CAreadme.txt

0 BFC CERTIFY CCW

0 // Created with stl2dat conversion tool

4 16 34.53 72.25 -14.52 34.79 72.25 -24.04 32.47 72.25 -33.29 31.71 72.25 -5.41
2 24 34.53 72.25 -14.52 34.79 72.25 -24.04
2 24 34.79 72.25 -24.04 32.47 72.25 -33.29
2 24 31.71 72.25 -5.41 34.53 72.25 -14.52
3 16 31.71 72.25 -5.41 32.47 72.25 -33.29 27.74 72.25 -41.57
2 24 32.47 72.25 -33.29 27.74 72.25 -41.57
4 16 31.71 72.25 -5.41 27.74 72.25 -41.57 20.96 72.25 -48.26 26.54 72.25 2.59
2 24 27.74 72.25 -41.57 20.96 72.25 -48.26
2 24 26.54 72.25 2.59 31.71 72.25 -5.41
4 16 26.54 72.25 2.59 20.96 72.25 -48.26 12.62 72.25 -52.87 19.4 72.25 8.91
2 24 20.96 72.25 -48.26 12.62 72.25 -52.87
2 24 19.4 72.25 8.91 26.54 72.25 2.59
4 16 19.4 72.25 8.91 12.62 72.25 -52.87 3.34 72.25 -55.07 10.82 72.25 13.06
2 24 12.62 72.25 -52.87 3.34 72.25 -55.07
2 24 10.82 72.25 13.06 19.4 72.25 8.91
4 16 10.82 72.25 13.06 3.34 72.25 -55.07 -6.18 72.25 -54.68 1.43 72.25 14.74
2 24 3.34 72.25 -55.07 -6.18 72.25 -54.68
2 24 1.43 72.25 14.74 10.82 72.25 13.06
4 16 1.43 72.25 14.74 -6.18 72.25 -54.68 -15.25 72.25 -51.73 -8.05 72.25 13.83
2 24 -6.18 72.25 -54.68 -15.25 72.25 -51.73
2 24 -8.05 72.25 13.83 1.43 72.25 14.74
4 16 -8.05 72.25 13.83 -15.25 72.25 -51.73 -23.18 72.25 -46.45 -16.95 72.25 10.4
2 24 -15.25 72.25 -51.73 -23.18 72.25 -46.45
2 24 -16.95 72.25 10.4 -8.05 72.25 13.83
4 16 -16.95 72.25 10.4 -23.18 72.25 -46.45 -29.4 72.25 -39.22 -24.58 72.25 4.69
2 24 -23.18 72.25 -46.45 -29.4 72.25 -39.22
2 24 -24.58 72.25 4.69 -16.95 72.25 10.4
4 16 -24.58 72.25 4.69 -29.4 72.25 -39.22 -33.43 72.25 -30.59 -30.39 72.25 -2.87
2 24 -29.4 72.25 -39.22 -33.43 72.25 -30.59
2 24 -30.39 72.25 -2.87 -24.58 72.25 4.69
4 16 -30.39 72.25 -2.87 -33.43 72.25 -30.59 -34.99 72.25 -21.18 -33.95 72.25 -11.71
2 24 -33.43 72.25 -30.59 -34.99 72.25 -21.18
2 24 -34.99 72.25 -21.18 -33.95 72.25 -11.71
2 24 -33.95 72.25 -11.71 -30.39 72.25 -2.87

3 16 34.94 25.75 -22.34 34.21 25.75 -12.84 33.07 25.75 -31.69
2 24 34.94 25.75 -22.34 34.21 25.75 -12.84
2 24 33.07 25.75 -31.69 34.94 25.75 -22.34
4 16 33.07 25.75 -31.69 34.21 25.75 -12.84 30.95 25.75 -3.88 28.75 25.75 -40.19
2 24 34.21 25.75 -12.84 30.95 25.75 -3.88
2 24 28.75 25.75 -40.19 33.07 25.75 -31.69
4 16 28.75 25.75 -40.19 30.95 25.75 -3.88 25.39 25.75 3.86 22.3 25.75 -47.2
2 24 30.95 25.75 -3.88 25.39 25.75 3.86
2 24 22.3 25.75 -47.2 28.75 25.75 -40.19
4 16 22.3 25.75 -47.2 25.39 25.75 3.86 17.95 25.75 9.82 14.19 25.75 -52.22
2 24 25.39 25.75 3.86 17.95 25.75 9.82
2 24 14.19 25.75 -52.22 22.3 25.75 -47.2
4 16 14.19 25.75 -52.22 17.95 25.75 9.82 9.18 25.75 13.55 5.04 25.75 -54.86
2 24 17.95 25.75 9.82 9.18 25.75 13.55
2 24 5.04 25.75 -54.86 14.19 25.75 -52.22
4 16 5.04 25.75 -54.86 9.18 25.75 13.55 -0.27 25.75 14.77 -4.49 25.75 -54.94
2 24 9.18 25.75 13.55 -0.27 25.75 14.77
2 24 -4.49 25.75 -54.94 5.04 25.75 -54.86
4 16 -4.49 25.75 -54.94 -0.27 25.75 14.77 -9.71 25.75 13.4 -13.69 25.75 -52.44
2 24 -0.27 25.75 14.77 -9.71 25.75 13.4
2 24 -13.69 25.75 -52.44 -4.49 25.75 -54.94
4 16 -13.69 25.75 -52.44 -9.71 25.75 13.4 -18.42 25.75 9.53 -21.88 25.75 -47.55
2 24 -9.71 25.75 13.4 -18.42 25.75 9.53
2 24 -21.88 25.75 -47.55 -13.69 25.75 -52.44
4 16 -21.88 25.75 -47.55 -18.42 25.75 9.53 -25.77 25.75 3.46 -28.44 25.75 -40.63
2 24 -18.42 25.75 9.53 -25.77 25.75 3.46
2 24 -28.44 25.75 -40.63 -21.88 25.75 -47.55
4 16 -28.44 25.75 -40.63 -25.77 25.75 3.46 -31.2 25.75 -4.37 -32.89 25.75 -32.21
2 24 -25.77 25.75 3.46 -31.2 25.75 -4.37
2 24 -32.89 25.75 -32.21 -28.44 25.75 -40.63
4 16 -32.89 25.75 -32.21 -31.2 25.75 -4.37 -34.32 25.75 -13.38 -34.9 25.75 -22.89
2 24 -31.2 25.75 -4.37 -34.32 25.75 -13.38
2 24 -34.32 25.75 -13.38 -34.9 25.75 -22.89
2 24 -34.9 25.75 -22.89 -32.89 25.75 -32.21

3 16 -28.44 25.75 -40.63 -23.18 72.25 -46.45 -21.88 25.75 -47.55
5 24 -28.44 25.75 -40.63 -23.18 72.25 -46.45 -21.88 25.75 -47.55 -29.4 72.25 -39.22
5 24 -23.18 72.25 -46.45 -21.88 25.75 -47.55 -28.44 25.75 -40.63 -15.25 72.25 -51.73
3 16 -21.88 25.75 -47.55 -23.18 72.25 -46.45 -15.25 72.25 -51.73
5 24 -15.25 72.25 -51.73 -21.88 25.75 -47.55 -23.18 72.25 -46.45 -13.69 25.75 -52.44
3 16 -21.88 25.75 -47.55 -15.25 72.25 -51.73 -13.69 25.75 -52.44
5 24 -15.25 72.25 -51.73 -13.69 25.75 -52.44 -21.88 25.75 -47.55 -6.18 72.25 -54.68
3 16 -13.69 25.75 -52.44 -15.25 72.25 -51.73 -6.18 72.25 -54.68
5 24 -6.18 72.25 -54.68 -13.69 25.75 -52.44 -15.25 72.25 -51.73 -4.49 25.75 -54.94
3 16 -13.69 25.75 -52.44 -6.18 72.25 -54.68 -4.49 25.75 -54.94
5 24 -6.18 72.25 -54.68 -4.49 25.75 -54.94 -13.69 25.75 -52.44 3.34 72.25 -55.07
3 16 -4.49 25.75 -54.94 -6.18 72.25 -54.68 3.34 72.25 -55.07
5 24 3.34 72.25 -55.07 -4.49 25.75 -54.94 -6.18 72.25 -54.68 5.04 25.75 -54.86
3 16 -4.49 25.75 -54.94 3.34 72.25 -55.07 5.04 25.75 -54.86
5 24 3.34 72.25 -55.07 5.04 25.75 -54.86 -4.49 25.75 -54.94 12.62 72.25 -52.87
3 16 5.04 25.75 -54.86 3.34 72.25 -55.07 12.62 72.25 -52.87
5 24 12.62 72.25 -52.87 5.04 25.75 -54.86 3.34 72.25 -55.07 14.19 25.75 -52.22
3 16 5.04 25.75 -54.86 12.62 72.25 -52.87 14.19 25.75 -52.22
5 24 12.62 72.25 -52.87 14.19 25.75 -52.22 5.04 25.75 -54.86 20.96 72.25 -48.26
3 16 14.19 25.75 -52.22 12.62 72.25 -52.87 20.96 72.25 -48.26
5 24 20.96 72.25 -48.26 14.19 25.75 -52.22 12.62 72.25 -52.87 22.3 25.75 -47.2
3 16 14.19 25.75 -52.22 20.96 72.25 -48.26 22.3 25.75 -47.2
5 24 20.96 72.25 -48.26 22.3 25.75 -47.2 14.19 25.75 -52.22 27.74 72.25 -41.57
3 16 22.3 25.75 -47.2 20.96 72.25 -48.26 27.74 72.25 -41.57
5 24 27.74 72.25 -41.57 22.3 25.75 -47.2 20.96 72.25 -48.26 28.75 25.75 -40.19
3 16 22.3 25.75 -47.2 27.74 72.25 -41.57 28.75 25.75 -40.19
5 24 27.74 72.25 -41.57 28.75 25.75 -40.19 22.3 25.75 -47.2 32.47 72.25 -33.29
3 16 28.75 25.75 -40.19 27.74 72.25 -41.57 32.47 72.25 -33.29
5 24 32.47 72.25 -33.29 28.75 25.75 -40.19 27.74 72.25 -41.57 33.07 25.75 -31.69
3 16 28.75 25.75 -40.19 32.47 72.25 -33.29 33.07 25.75 -31.69
5 24 32.47 72.25 -33.29 33.07 25.75 -31.69 28.75 25.75 -40.19 34.79 72.25 -24.04
3 16 33.07 25.75 -31.69 32.47 72.25 -33.29 34.79 72.25 -24.04
5 24 34.79 72.25 -24.04 33.07 25.75 -31.69 32.47 72.25 -33.29 34.94 25.75 -22.34
3 16 33.07 25.75 -31.69 34.79 72.25 -24.04 34.94 25.75 -22.34
5 24 34.79 72.25 -24.04 34.94 25.75 -22.34 33.07 25.75 -31.69 34.53 72.25 -14.52
3 16 34.94 25.75 -22.34 34.79 72.25 -24.04 34.53 72.25 -14.52
5 24 34.53 72.25 -14.52 34.94 25.75 -22.34 34.79 72.25 -24.04 34.21 25.75 -12.84
3 16 34.94 25.75 -22.34 34.53 72.25 -14.52 34.21 25.75 -12.84
5 24 34.53 72.25 -14.52 34.21 25.75 -12.84 34.94 25.75 -22.34 31.71 72.25 -5.41
3 16 34.21 25.75 -12.84 34.53 72.25 -14.52 31.71 72.25 -5.41
5 24 31.71 72.25 -5.41 34.21 25.75 -12.84 34.53 72.25 -14.52 30.95 25.75 -3.88
3 16 34.21 25.75 -12.84 31.71 72.25 -5.41 30.95 25.75 -3.88
5 24 31.71 72.25 -5.41 30.95 25.75 -3.88 34.21 25.75 -12.84 26.54 72.25 2.59
3 16 30.95 25.75 -3.88 31.71 72.25 -5.41 26.54 72.25 2.59
5 24 26.54 72.25 2.59 30.95 25.75 -3.88 31.71 72.25 -5.41 25.39 25.75 3.86
3 16 30.95 25.75 -3.88 26.54 72.25 2.59 25.39 25.75 3.86
5 24 26.54 72.25 2.59 25.39 25.75 3.86 30.95 25.75 -3.88 19.4 72.25 8.91
3 16 25.39 25.75 3.86 26.54 72.25 2.59 19.4 72.25 8.91
5 24 19.4 72.25 8.91 25.39 25.75 3.86 26.54 72.25 2.59 17.95 25.75 9.82
3 16 25.39 25.75 3.86 19.4 72.25 8.91 17.95 25.75 9.82
5 24 19.4 72.25 8.91 17.95 25.75 9.82 25.39 25.75 3.86 10.82 72.25 13.06
3 16 17.95 25.75 9.82 19.4 72.25 8.91 10.82 72.25 13.06
5 24 10.82 72.25 13.06 17.95 25.75 9.82 19.4 72.25 8.91 9.18 25.75 13.55
3 16 17.95 25.75 9.82 10.82 72.25 13.06 9.18 25.75 13.55
5 24 10.82 72.25 13.06 9.18 25.75 13.55 17.95 25.75 9.82 1.43 72.25 14.74
3 16 9.18 25.75 13.55 10.82 72.25 13.06 1.43 72.25 14.74
5 24 1.43 72.25 14.74 9.18 25.75 13.55 10.82 72.25 13.06 -0.27 25.75 14.77
3 16 9.18 25.75 13.55 1.43 72.25 14.74 -0.27 25.75 14.77
5 24 1.43 72.25 14.74 -0.27 25.75 14.77 9.18 25.75 13.55 -8.05 72.25 13.83
3 16 -0.27 25.75 14.77 1.43 72.25 14.74 -8.05 72.25 13.83
5 24 -8.05 72.25 13.83 -0.27 25.75 14.77 1.43 72.25 14.74 -9.71 25.75 13.4
3 16 -0.27 25.75 14.77 -8.05 72.25 13.83 -9.71 25.75 13.4
5 24 -8.05 72.25 13.83 -9.71 25.75 13.4 -0.27 25.75 14.77 -16.95 72.25 10.4
3 16 -9.71 25.75 13.4 -8.05 72.25 13.83 -16.95 72.25 10.4
5 24 -16.95 72.25 10.4 -9.71 25.75 13.4 -8.05 72.25 13.83 -18.42 25.75 9.53
3 16 -9.71 25.75 13.4 -16.95 72.25 10.4 -18.42 25.75 9.53
5 24 -16.95 72.25 10.4 -18.42 25.75 9.53 -9.71 25.75 13.4 -24.58 72.25 4.69
3 16 -18.42 25.75 9.53 -16.95 72.25 10.4 -24.58 72.25 4.69
5 24 -24.58 72.25 4.69 -18.42 25.75 9.53 -16.95 72.25 10.4 -25.77 25.75 3.46
3 16 -18.42 25.75 9.53 -24.58 72.25 4.69 -25.77 25.75 3.46
5 24 -24.58 72.25 4.69 -25.77 25.75 3.46 -18.42 25.75 9.53 -30.39 72.25 -2.87
3 16 -25.77 25.75 3.46 -24.58 72.25 4.69 -30.39 72.25 -2.87
5 24 -30.39 72.25 -2.87 -25.77 25.75 3.46 -24.58 72.25 4.69 -31.2 25.75 -4.37
3 16 -25.77 25.75 3.46 -30.39 72.25 -2.87 -31.2 25.75 -4.37
5 24 -30.39 72.25 -2.87 -31.2 25.75 -4.37 -25.77 25.75 3.46 -33.95 72.25 -11.71
3 16 -31.2 25.75 -4.37 -30.39 72.25 -2.87 -33.95 72.25 -11.71
5 24 -33.95 72.25 -11.71 -31.2 25.75 -4.37 -30.39 72.25 -2.87 -34.32 25.75 -13.38
3 16 -31.2 25.75 -4.37 -33.95 72.25 -11.71 -34.32 25.75 -13.38
5 24 -33.95 72.25 -11.71 -34.32 25.75 -13.38 -31.2 25.75 -4.37 -34.99 72.25 -21.18
3 16 -34.32 25.75 -13.38 -33.95 72.25 -11.71 -34.99 72.25 -21.18
5 24 -34.99 72.25 -21.18 -34.32 25.75 -13.38 -33.95 72.25 -11.71 -34.9 25.75 -22.89
3 16 -34.32 25.75 -13.38 -34.99 72.25 -21.18 -34.9 25.75 -22.89
5 24 -34.99 72.25 -21.18 -34.9 25.75 -22.89 -34.32 25.75 -13.38 -33.43 72.25 -30.59
3 16 -34.9 25.75 -22.89 -34.99 72.25 -21.18 -33.43 72.25 -30.59
5 24 -33.43 72.25 -30.59 -34.9 25.75 -22.89 -34.99 72.25 -21.18 -32.89 25.75 -32.21
3 16 -34.9 25.75 -22.89 -33.43 72.25 -30.59 -32.89 25.75 -32.21
5 24 -33.43 72.25 -30.59 -32.89 25.75 -32.21 -34.9 25.75 -22.89 -29.4 72.25 -39.22
3 16 -32.89 25.75 -32.21 -33.43 72.25 -30.59 -29.4 72.25 -39.22
5 24 -29.4 72.25 -39.22 -32.89 25.75 -32.21 -33.43 72.25 -30.59 -28.44 25.75 -40.63
3 16 -32.89 25.75 -32.21 -29.4 72.25 -39.22 -28.44 25.75 -40.63
5 24 -29.4 72.25 -39.22 -28.44 25.75 -40.63 -32.89 25.75 -32.21 -23.18 72.25 -46.45
3 16 -28.44 25.75 -40.63 -29.4 72.25 -39.22 -23.18 72.25 -46.45
