0 BB Bitbeam Stepper 28BYJ part 3
0 Name: bb-stp_28byj-3.dat
0 Author: Tomas Feltl (e-Mole.cz)
0 !LDRAW_ORG Unofficial_Part
0 !LICENSE Redistributable under CCAL version 2.0 : see CAreadme.txt

0 BFC CERTIFY CCW

0 // Created with stl2dat conversion tool

3 16 21.87 25.75 -47.55 13.79 25.75 -52.4 21.87 25.75 -62.73
2 24 13.79 25.75 -52.4 21.87 25.75 -47.55
2 24 21.87 25.75 -47.55 21.87 25.75 -62.73
3 16 21.87 25.75 -62.73 13.79 25.75 -52.4 4.71 25.75 -54.91
2 24 4.71 25.75 -54.91 13.79 25.75 -52.4
4 16 21.87 25.75 -62.73 4.71 25.75 -54.91 -4.71 25.75 -54.91 -21.88 25.75 -62.73
2 24 -4.71 25.75 -54.91 4.71 25.75 -54.91
2 24 21.87 25.75 -62.73 -21.88 25.75 -62.73
3 16 -21.88 25.75 -62.73 -4.71 25.75 -54.91 -13.79 25.75 -52.4
2 24 -13.79 25.75 -52.4 -4.71 25.75 -54.91
3 16 -13.79 25.75 -52.4 -21.88 25.75 -47.55 -21.88 25.75 -62.73
2 24 -21.88 25.75 -47.55 -13.79 25.75 -52.4
2 24 -21.88 25.75 -62.73 -21.88 25.75 -47.55

3 16 21.87 67.5 -47.55 21.87 67.5 -62.73 13.79 67.5 -52.4
2 24 21.87 67.5 -47.55 21.87 67.5 -62.73
2 24 21.87 67.5 -47.55 13.79 67.5 -52.4
3 16 13.79 67.5 -52.4 21.87 67.5 -62.73 4.71 67.5 -54.91
2 24 13.79 67.5 -52.4 4.71 67.5 -54.91
4 16 21.87 67.5 -62.73 -21.88 67.5 -62.73 -4.71 67.5 -54.91 4.71 67.5 -54.91
2 24 -21.88 67.5 -62.73 21.87 67.5 -62.73
2 24 4.71 67.5 -54.91 -4.71 67.5 -54.91
3 16 -21.88 67.5 -47.55 -13.79 67.5 -52.4 -21.88 67.5 -62.73
2 24 -13.79 67.5 -52.4 -21.88 67.5 -47.55
2 24 -21.88 67.5 -47.55 -21.88 67.5 -62.73
3 16 -21.88 67.5 -62.73 -13.79 67.5 -52.4 -4.71 67.5 -54.91
2 24 -4.71 67.5 -54.91 -13.79 67.5 -52.4

4 16 -21.88 25.75 -62.73 -21.88 25.75 -47.55 -21.88 67.5 -47.55 -21.88 67.5 -62.73
2 24 -21.88 25.75 -47.55 -21.88 67.5 -47.55
2 24 -21.88 67.5 -62.73 -21.88 25.75 -62.73
4 16 -21.88 25.75 -47.55 -13.79 25.75 -52.4 -13.79 67.5 -52.4 -21.88 67.5 -47.55
5 24 -13.79 25.75 -52.4 -13.79 67.5 -52.4 -21.88 67.5 -47.55 -4.71 25.75 -54.91
4 16 -13.79 25.75 -52.4 -4.71 25.75 -54.91 -4.71 67.5 -54.91 -13.79 67.5 -52.4
5 24 -4.71 25.75 -54.91 -4.71 67.5 -54.91 -13.79 67.5 -52.4 4.71 25.75 -54.91
4 16 -4.71 67.5 -54.91 -4.71 25.75 -54.91 4.71 25.75 -54.91 4.71 67.5 -54.91
5 24 4.71 25.75 -54.91 4.71 67.5 -54.91 -4.71 67.5 -54.91 13.79 25.75 -52.4
4 16 4.71 67.5 -54.91 4.71 25.75 -54.91 13.79 25.75 -52.4 13.79 67.5 -52.4
5 24 13.79 25.75 -52.4 13.79 67.5 -52.4 4.71 67.5 -54.91 21.87 25.75 -47.55
4 16 13.79 67.5 -52.4 13.79 25.75 -52.4 21.87 25.75 -47.55 21.87 67.5 -47.55
2 24 21.87 25.75 -47.55 21.87 67.5 -47.55
4 16 21.87 25.75 -62.73 -21.88 25.75 -62.73 -21.88 67.5 -62.73 21.87 67.5 -62.73
2 24 21.87 67.5 -62.73 21.87 25.75 -62.73
4 16 21.87 25.75 -47.55 21.87 25.75 -62.73 21.87 67.5 -62.73 21.87 67.5 -47.55
