0 Bitbeam Servo Small mount dual v2
0 Name: bb-srv-small-m2.dat
0 Author: Tomas Feltl (e-Mole.cz)
0 !LDRAW_ORG Unofficial_Part
0 !LICENSE Redistributable under CCAL version 2.0 : see CAreadme.txt

0 ROTATION CENTER 0 0 0 1 "Custom" 
0 ROTATION CONFIG 0 0
0 BFC CERTIFY CCW

0 // Created with stl2dat conversion tool
0 BFC CERTIFY INVERTNEXT
1 16 -21.324 0 -10 -3.25 0 0 0 0 3.25 0 11.8 0 4-4cyli.dat
1 16 -21.324 0 -10 -3.25 0 0 0 0 3.25 0 1 0 4-4edge.dat
1 16 -21.324 0 1.75 -3.25 0 0 0 0 3.25 0 1 0 4-4edge.dat
0 BFC CERTIFY INVERTNEXT
1 16 -21.324 -10 -10 -3.25 0 0 0 0 3.25 0 11.8 0 4-4cyli.dat
1 16 -21.324 -10 -10 -3.25 0 0 0 0 3.25 0 1 0 4-4edge.dat
1 16 -21.324 -10 1.75 -3.25 0 0 0 0 3.25 0 1 0 4-4edge.dat
0 BFC CERTIFY INVERTNEXT
1 16 -21.324 10 -10 -3.25 0 0 0 0 3.25 0 11.8 0 4-4cyli.dat
1 16 -21.324 10 -10 -3.25 0 0 0 0 3.25 0 1 0 4-4edge.dat
1 16 -21.324 10 1.75 -3.25 0 0 0 0 3.25 0 1 0 4-4edge.dat
0 BFC CERTIFY INVERTNEXT
1 16 48.426 0 -10 -3.25 0 0 0 0 3.25 0 11.8 0 4-4cyli.dat
1 16 48.426 0 -10 -3.25 0 0 0 0 3.25 0 1 0 4-4edge.dat
1 16 48.426 0 1.75 -3.25 0 0 0 0 3.25 0 1 0 4-4edge.dat
0 BFC CERTIFY INVERTNEXT
1 16 48.426 -10 -10 -3.25 0 0 0 0 3.25 0 11.8 0 4-4cyli.dat
1 16 48.426 -10 -10 -3.25 0 0 0 0 3.25 0 1 0 4-4edge.dat
1 16 48.426 -10 1.75 -3.25 0 0 0 0 3.25 0 1 0 4-4edge.dat
0 BFC CERTIFY INVERTNEXT
1 16 48.426 10 -10 -3.25 0 0 0 0 3.25 0 11.8 0 4-4cyli.dat
1 16 48.426 10 -10 -3.25 0 0 0 0 3.25 0 1 0 4-4edge.dat
1 16 48.426 10 1.75 -3.25 0 0 0 0 3.25 0 1 0 4-4edge.dat
0 BFC CERTIFY INVERTNEXT
1 16 60 -40 -10 -6.11 0 1.31 1.31 0 6.11 0 20 0 4-4cyli.dat
1 16 60 -40 -10 -6.11 0 1.31 1.31 0 6.11 0 1 0 4-4edge.dat
1 16 60 -40 10 -6.11 0 1.31 1.31 0 6.11 0 1 0 4-4edge.dat
0 BFC CERTIFY INVERTNEXT
1 16 -20 -40 -10 -6.25 0 0 0 0 6.25 0 20 0 4-4cyli.dat
1 16 -20 -40 -10 -6.25 0 0 0 0 6.25 0 1 0 4-4edge.dat
1 16 -20 -40 10 -6.25 0 0 0 0 6.25 0 1 0 4-4edge.dat
0 BFC CERTIFY INVERTNEXT
1 16 0 -40 -10 -6.25 0 0 0 0 6.25 0 20 0 4-4cyli.dat
1 16 0 -40 -10 -6.25 0 0 0 0 6.25 0 1 0 4-4edge.dat
1 16 0 -40 10 -6.25 0 0 0 0 6.25 0 1 0 4-4edge.dat
0 BFC CERTIFY INVERTNEXT
1 16 20 -40 -10 -6.25 0 0 0 0 6.25 0 20 0 4-4cyli.dat
1 16 20 -40 -10 -6.25 0 0 0 0 6.25 0 1 0 4-4edge.dat
1 16 20 -40 10 -6.25 0 0 0 0 6.25 0 1 0 4-4edge.dat
0 BFC CERTIFY INVERTNEXT
1 16 40 -40 -10 -6.25 0 0 0 0 6.25 0 20 0 4-4cyli.dat
1 16 40 -40 -10 -6.25 0 0 0 0 6.25 0 1 0 4-4edge.dat
1 16 40 -40 10 -6.25 0 0 0 0 6.25 0 1 0 4-4edge.dat
0 BFC CERTIFY INVERTNEXT
1 16 60 40 10 -6.11 0 1.31 -1.31 0 -6.11 0 -20 0 4-4cyli.dat
1 16 60 40 10 -6.11 0 1.31 -1.31 0 -6.11 0 -1 0 4-4edge.dat
1 16 60 40 -10 -6.11 0 1.31 -1.31 0 -6.11 0 -1 0 4-4edge.dat
0 BFC CERTIFY INVERTNEXT
1 16 -20 40 10 -6.25 0 0 0 0 -6.25 0 -20 0 4-4cyli.dat
1 16 -20 40 10 -6.25 0 0 0 0 -6.25 0 -1 0 4-4edge.dat
1 16 -20 40 -10 -6.25 0 0 0 0 -6.25 0 -1 0 4-4edge.dat
0 BFC CERTIFY INVERTNEXT
1 16 20 40 10 -6.25 0 0 0 0 -6.25 0 -20 0 4-4cyli.dat
1 16 20 40 10 -6.25 0 0 0 0 -6.25 0 -1 0 4-4edge.dat
1 16 20 40 -10 -6.25 0 0 0 0 -6.25 0 -1 0 4-4edge.dat
0 BFC CERTIFY INVERTNEXT
1 16 0 40 10 -6.25 0 0 0 0 -6.25 0 -20 0 4-4cyli.dat
1 16 0 40 10 -6.25 0 0 0 0 -6.25 0 -1 0 4-4edge.dat
1 16 0 40 -10 -6.25 0 0 0 0 -6.25 0 -1 0 4-4edge.dat
0 BFC CERTIFY INVERTNEXT
1 16 40 40 10 -6.25 0 0 0 0 -6.25 0 -20 0 4-4cyli.dat
1 16 40 40 10 -6.25 0 0 0 0 -6.25 0 -1 0 4-4edge.dat
1 16 40 40 -10 -6.25 0 0 0 0 -6.25 0 -1 0 4-4edge.dat

3 16 -14.226 -37.608 -10 -15.581 -35.581 -10 -11.274 -30 -10
3 16 -11.274 -30 -10 -15.581 -35.581 -10 -17.608 -34.226 -10
4 16 -11.274 -30 -10 -17.608 -34.226 -10 -20 -33.75 -10 -15.949 -25.325 -10
2 24 -11.274 -30 -10 -15.949 -25.325 -10
3 16 -15.949 -25.325 -10 -20 -33.75 -10 -22.392 -34.226 -10
3 16 24.419 -35.581 -10 22.392 -34.226 -10 38.376 -30 -10
3 16 38.376 -30 -10 22.392 -34.226 -10 20 -33.75 -10
4 16 38.376 -30 -10 20 -33.75 -10 0 -33.75 -10 -11.274 -30 -10
2 24 38.376 -30 -10 -11.274 -30 -10
3 16 -11.274 -30 -10 0 -33.75 -10 -2.392 -34.226 -10
4 16 56.607 -34.751 -10 44.419 -35.581 -10 42.392 -34.226 -10 43.051 -25.325 -10
4 16 43.051 -25.325 -10 42.392 -34.226 -10 40 -33.75 -10 38.376 -30 -10
2 24 43.051 -25.325 -10 38.376 -30 -10
3 16 38.376 -30 -10 40 -33.75 -10 37.608 -34.226 -10
3 16 45.423 11.244 -10 45.176 10 -10 43.051 25.325 -10
3 16 43.051 25.325 -10 45.176 10 -10 45.176 0 -10
3 16 43.051 25.325 -10 45.176 0 -10 43.051 -25.325 -10
2 24 43.051 25.325 -10 43.051 -25.325 -10
3 16 43.051 -25.325 -10 45.176 0 -10 45.176 -10 -10
3 16 43.051 -25.325 -10 45.176 -10 -10 45.423 -11.244 -10
3 16 37.608 34.226 -10 40 33.75 -10 38.376 30 -10
3 16 38.376 30 -10 40 33.75 -10 42.392 34.226 -10
4 16 38.376 30 -10 42.392 34.226 -10 44.419 35.581 -10 43.051 25.325 -10
2 24 38.376 30 -10 43.051 25.325 -10
4 16 43.051 25.325 -10 44.419 35.581 -10 54.857 36.449 -10 56.607 34.751 -10
3 16 -2.392 34.226 -10 0 33.75 -10 -11.274 30 -10
4 16 -11.274 30 -10 0 33.75 -10 20 33.75 -10 38.376 30 -10
2 24 -11.274 30 -10 38.376 30 -10
3 16 38.376 30 -10 20 33.75 -10 22.392 34.226 -10
3 16 38.376 30 -10 22.392 34.226 -10 24.419 35.581 -10
4 16 -22.392 34.226 -10 -20 33.75 -10 -15.949 25.325 -10 -36.449 25.325 -10
3 16 -15.949 25.325 -10 -20 33.75 -10 -17.608 34.226 -10
4 16 -15.949 25.325 -10 -17.608 34.226 -10 -15.581 35.581 -10 -11.274 30 -10
2 24 -15.949 25.325 -10 -11.274 30 -10
3 16 -11.274 30 -10 -15.581 35.581 -10 -14.226 37.608 -10
4 16 -18.321 1.244 -10 -18.321 8.756 -10 -15.949 -0.5 -10 -18.074 0 -10
3 16 -15.949 -0.5 -10 -18.321 8.756 -10 -18.074 10 -10
3 16 -15.949 -0.5 -10 -18.074 10 -10 -15.949 25.325 -10
2 24 -15.949 -0.5 -10 -15.949 25.325 -10
3 16 -15.949 25.325 -10 -18.074 10 -10 -18.321 11.244 -10
3 16 -15.949 25.325 -10 -18.321 11.244 -10 -19.026 12.298 -10
3 16 -19.026 -12.298 -10 -18.321 -11.244 -10 -15.949 -25.325 -10
3 16 -15.949 -25.325 -10 -18.321 -11.244 -10 -18.074 -10 -10
3 16 -15.949 -25.325 -10 -18.074 -10 -10 -15.949 -0.5 -10
2 24 -15.949 -25.325 -10 -15.949 -0.5 -10
3 16 -15.949 -0.5 -10 -18.074 -10 -10 -18.321 -8.756 -10
3 16 -15.949 -0.5 -10 -18.321 -8.756 -10 -19.026 -7.702 -10
4 16 -36.449 25.325 -10 -15.949 25.325 -10 -21.324 13.25 -10 -22.568 13.003 -10
3 16 -36.449 25.325 -10 -22.568 13.003 -10 -23.622 12.298 -10
3 16 -38.687 -33.889 -10 -41.13 -33.85 -10 -41.124 -30 -10
2 24 -41.13 -33.85 -10 -38.687 -33.889 -10
3 16 -41.124 -30 -10 -41.13 -33.85 -10 -43.393 -34.751 -10
2 24 -43.393 -34.751 -10 -41.13 -33.85 -10
4 16 -41.124 -30 -10 -43.393 -34.751 -10 -45.143 -36.449 -10 -50 -30 -10
2 24 -45.143 -36.449 -10 -43.393 -34.751 -10
2 24 -41.124 -30 -10 -50 -30 -10
3 16 -50 -30 -10 -45.143 -36.449 -10 -46.111 -38.687 -10
2 24 -46.111 -38.687 -10 -45.143 -36.449 -10
4 16 -41.124 -30 -10 -36.449 -25.325 -10 -36.449 -34.857 -10 -38.687 -33.889 -10
2 24 -36.449 -25.325 -10 -41.124 -30 -10
2 24 -38.687 -33.889 -10 -36.449 -34.857 -10
3 16 -24.327 11.244 -10 -24.574 10 -10 -36.449 25.325 -10
3 16 -36.449 25.325 -10 -24.574 10 -10 -24.574 0 -10
4 16 -36.449 25.325 -10 -24.574 0 -10 -24.574 -10 -10 -36.449 -25.325 -10
2 24 -36.449 25.325 -10 -36.449 -25.325 -10
3 16 -36.449 -25.325 -10 -24.574 -10 -10 -24.327 -11.244 -10
3 16 -43.551 34.857 -10 -41.31 33.89 -10 -41.124 30 -10
2 24 -43.551 34.857 -10 -41.31 33.89 -10
3 16 -41.124 30 -10 -41.31 33.89 -10 -38.874 33.852 -10
2 24 -41.31 33.89 -10 -38.874 33.852 -10
4 16 -41.124 30 -10 -38.874 33.852 -10 -36.607 34.751 -10 -36.449 25.325 -10
2 24 -38.874 33.852 -10 -36.607 34.751 -10
2 24 -41.124 30 -10 -36.449 25.325 -10
3 16 -36.449 25.325 -10 -36.607 34.751 -10 -34.857 36.449 -10
2 24 -36.607 34.751 -10 -34.857 36.449 -10
4 16 -41.124 30 -10 -50 30 -10 -45.249 36.607 -10 -43.551 34.857 -10
2 24 -50 30 -10 -41.124 30 -10
2 24 -45.249 36.607 -10 -43.551 34.857 -10
3 16 -45.249 36.607 -10 -50 30 -10 -46.148 38.874 -10
2 24 -46.148 38.874 -10 -45.249 36.607 -10
4 16 -46.148 38.874 -10 -50 30 -10 -50 50 -10 -46.111 41.313 -10
2 24 -50 50 -10 -50 30 -10
2 24 -46.111 41.313 -10 -46.148 38.874 -10
3 16 -46.111 41.313 -10 -50 50 -10 -45.14 43.55 -10
2 24 -45.14 43.55 -10 -46.111 41.313 -10
4 16 37.608 34.226 -10 38.376 30 -10 24.419 35.581 -10 35.581 35.581 -10
4 16 35.581 35.581 -10 24.419 35.581 -10 25.774 37.608 -10 34.226 37.608 -10
4 16 34.226 37.608 -10 25.774 37.608 -10 26.25 40 -10 33.75 40 -10
4 16 33.75 40 -10 26.25 40 -10 25.774 42.392 -10 34.226 42.392 -10
4 16 34.226 42.392 -10 25.774 42.392 -10 24.419 44.419 -10 35.581 44.419 -10
4 16 35.581 44.419 -10 24.419 44.419 -10 22.392 45.774 -10 37.608 45.774 -10
4 16 37.608 45.774 -10 22.392 45.774 -10 20 46.25 -10 40 46.25 -10
3 16 40 46.25 -10 20 46.25 -10 70 50 -10
3 16 70 50 -10 20 46.25 -10 0 46.25 -10
3 16 70 50 -10 0 46.25 -10 -50 50 -10
2 24 -50 50 -10 70 50 -10
3 16 -50 50 -10 0 46.25 -10 -20 46.25 -10
4 16 -50 50 -10 -20 46.25 -10 -22.392 45.774 -10 -38.687 46.111 -10
4 16 -38.687 46.111 -10 -22.392 45.774 -10 -24.419 44.419 -10 -36.449 45.143 -10
2 24 -36.449 45.143 -10 -38.687 46.111 -10
4 16 -36.449 45.143 -10 -24.419 44.419 -10 -25.774 42.392 -10 -34.751 43.393 -10
2 24 -34.751 43.393 -10 -36.449 45.143 -10
4 16 -34.751 43.393 -10 -25.774 42.392 -10 -26.25 40 -10 -33.852 41.126 -10
2 24 -33.852 41.126 -10 -34.751 43.393 -10
4 16 -33.852 41.126 -10 -26.25 40 -10 -25.774 37.608 -10 -33.889 38.687 -10
2 24 -33.889 38.687 -10 -33.852 41.126 -10
4 16 -33.889 38.687 -10 -25.774 37.608 -10 -24.419 35.581 -10 -34.857 36.449 -10
2 24 -34.857 36.449 -10 -33.889 38.687 -10
4 16 -34.857 36.449 -10 -24.419 35.581 -10 -22.392 34.226 -10 -36.449 25.325 -10
3 16 61.313 33.889 -10 63.551 34.857 -10 68.226 30 -10
3 16 68.226 30 -10 63.551 34.857 -10 65.249 36.607 -10
4 16 68.226 30 -10 65.249 36.607 -10 66.148 38.874 -10 70 30 -10
2 24 68.226 30 -10 70 30 -10
4 16 70 30 -10 66.148 38.874 -10 66.111 41.313 -10 70 50 -10
2 24 70 30 -10 70 50 -10
3 16 70 50 -10 66.111 41.313 -10 65.143 43.551 -10
4 16 68.226 30 -10 63.551 25.325 -10 58.874 33.852 -10 61.313 33.889 -10
2 24 63.551 25.325 -10 68.226 30 -10
3 16 51.429 -11.244 -10 51.676 -10 -10 63.551 -25.325 -10
3 16 63.551 -25.325 -10 51.676 -10 -10 51.676 0 -10
4 16 63.551 -25.325 -10 51.676 0 -10 51.676 10 -10 63.551 25.325 -10
2 24 63.551 -25.325 -10 63.551 25.325 -10
3 16 63.551 25.325 -10 51.676 10 -10 51.429 11.244 -10
4 16 68.226 -30 -10 63.551 -34.857 -10 61.313 -33.889 -10 63.551 -25.325 -10
2 24 68.226 -30 -10 63.551 -25.325 -10
3 16 63.551 -25.325 -10 61.313 -33.889 -10 58.874 -33.852 -10
4 16 63.551 -25.325 -10 58.874 -33.852 -10 56.607 -34.751 -10 43.051 -25.325 -10
3 16 65.143 -43.551 -10 66.111 -41.313 -10 70 -50 -10
4 16 70 -50 -10 66.111 -41.313 -10 66.148 -38.874 -10 70 -30 -10
2 24 70 -50 -10 70 -30 -10
3 16 70 -30 -10 66.148 -38.874 -10 65.249 -36.607 -10
4 16 70 -30 -10 65.249 -36.607 -10 63.551 -34.857 -10 68.226 -30 -10
2 24 70 -30 -10 68.226 -30 -10
4 16 -14.226 -37.608 -10 -5.774 -37.608 -10 -6.25 -40 -10 -13.75 -40 -10
4 16 -13.75 -40 -10 -6.25 -40 -10 -5.774 -42.392 -10 -14.226 -42.392 -10
4 16 -14.226 -42.392 -10 -5.774 -42.392 -10 -4.419 -44.419 -10 -15.581 -44.419 -10
4 16 -15.581 -44.419 -10 -4.419 -44.419 -10 -2.392 -45.774 -10 -17.608 -45.774 -10
4 16 -17.608 -45.774 -10 -2.392 -45.774 -10 0 -46.25 -10 -20 -46.25 -10
3 16 -20 -46.25 -10 0 -46.25 -10 -50 -50 -10
3 16 -50 -50 -10 0 -46.25 -10 20 -46.25 -10
3 16 -50 -50 -10 20 -46.25 -10 70 -50 -10
2 24 -50 -50 -10 70 -50 -10
3 16 70 -50 -10 20 -46.25 -10 40 -46.25 -10
4 16 70 -50 -10 40 -46.25 -10 42.392 -45.774 -10 58.687 -46.111 -10
3 16 58.687 -46.111 -10 42.392 -45.774 -10 56.449 -45.143 -10
4 16 56.449 -45.143 -10 42.392 -45.774 -10 44.419 -44.419 -10 54.751 -43.393 -10
4 16 54.751 -43.393 -10 44.419 -44.419 -10 45.774 -42.392 -10 53.852 -41.126 -10
4 16 53.852 -41.126 -10 45.774 -42.392 -10 46.25 -40 -10 53.889 -38.687 -10
4 16 53.889 -38.687 -10 46.25 -40 -10 45.774 -37.608 -10 54.857 -36.449 -10
4 16 54.857 -36.449 -10 45.774 -37.608 -10 44.419 -35.581 -10 56.607 -34.751 -10
4 16 -50 -30 -10 -46.111 -38.687 -10 -46.148 -41.126 -10 -50 -50 -10
2 24 -46.148 -41.126 -10 -46.111 -38.687 -10
2 24 -50 -30 -10 -50 -50 -10
3 16 -50 -50 -10 -46.148 -41.126 -10 -45.25 -43.39 -10
2 24 -45.25 -43.39 -10 -46.148 -41.126 -10
3 16 -50 -50 -10 -45.25 -43.39 -10 -43.55 -45.14 -10
2 24 -43.55 -45.14 -10 -45.25 -43.39 -10
3 16 -38.687 46.111 -10 -41.13 46.15 -10 -50 50 -10
2 24 -38.687 46.111 -10 -41.13 46.15 -10
3 16 -50 50 -10 -41.13 46.15 -10 -43.39 45.25 -10
2 24 -41.13 46.15 -10 -43.39 45.25 -10
3 16 -50 50 -10 -43.39 45.25 -10 -45.14 43.55 -10
2 24 -43.39 45.25 -10 -45.14 43.55 -10
4 16 -24.574 0 -10 -24.327 -1.244 -10 -24.327 -8.756 -10 -24.574 -10 -10
4 16 -24.327 -8.756 -10 -24.327 -1.244 -10 -23.622 -2.298 -10 -23.622 -7.702 -10
4 16 -23.622 -7.702 -10 -23.622 -2.298 -10 -22.568 -3.003 -10 -22.568 -6.997 -10
4 16 -22.568 -6.997 -10 -22.568 -3.003 -10 -21.324 -3.25 -10 -21.324 -6.75 -10
4 16 -21.324 -6.75 -10 -21.324 -3.25 -10 -20.08 -3.003 -10 -20.08 -6.997 -10
4 16 -20.08 -6.997 -10 -20.08 -3.003 -10 -19.026 -2.298 -10 -19.026 -7.702 -10
4 16 -19.026 -7.702 -10 -19.026 -2.298 -10 -18.321 -1.244 -10 -15.949 -0.5 -10
3 16 -15.949 -0.5 -10 -18.321 -1.244 -10 -18.074 0 -10
4 16 -18.321 1.244 -10 -19.026 2.298 -10 -19.026 7.702 -10 -18.321 8.756 -10
4 16 -19.026 2.298 -10 -20.08 3.003 -10 -20.08 6.997 -10 -19.026 7.702 -10
4 16 -20.08 3.003 -10 -21.324 3.25 -10 -21.324 6.75 -10 -20.08 6.997 -10
4 16 -21.324 6.75 -10 -21.324 3.25 -10 -22.568 3.003 -10 -22.568 6.997 -10
4 16 -22.568 6.997 -10 -22.568 3.003 -10 -23.622 2.298 -10 -23.622 7.702 -10
4 16 -23.622 7.702 -10 -23.622 2.298 -10 -24.327 1.244 -10 -24.327 8.756 -10
4 16 -24.327 8.756 -10 -24.327 1.244 -10 -24.574 0 -10 -24.574 10 -10
3 16 -24.327 -11.244 -10 -23.622 -12.298 -10 -36.449 -25.325 -10
3 16 -36.449 -25.325 -10 -23.622 -12.298 -10 -22.568 -13.003 -10
4 16 -36.449 -25.325 -10 -22.568 -13.003 -10 -21.324 -13.25 -10 -15.949 -25.325 -10
3 16 -15.949 -25.325 -10 -21.324 -13.25 -10 -20.08 -13.003 -10
3 16 -20.08 -13.003 -10 -19.026 -12.298 -10 -15.949 -25.325 -10
3 16 -19.026 12.298 -10 -20.08 13.003 -10 -15.949 25.325 -10
3 16 -15.949 25.325 -10 -20.08 13.003 -10 -21.324 13.25 -10
3 16 -23.622 12.298 -10 -24.327 11.244 -10 -36.449 25.325 -10
4 16 45.176 -10 -10 45.176 0 -10 45.423 -1.244 -10 45.423 -8.756 -10
4 16 45.423 -8.756 -10 45.423 -1.244 -10 46.128 -2.298 -10 46.128 -7.702 -10
4 16 46.128 -7.702 -10 46.128 -2.298 -10 47.182 -3.003 -10 47.182 -6.997 -10
4 16 47.182 -6.997 -10 47.182 -3.003 -10 48.426 -3.25 -10 48.426 -6.75 -10
4 16 48.426 -6.75 -10 48.426 -3.25 -10 49.67 -3.003 -10 49.67 -6.997 -10
4 16 49.67 -6.997 -10 49.67 -3.003 -10 50.724 -2.298 -10 50.724 -7.702 -10
4 16 50.724 -7.702 -10 50.724 -2.298 -10 51.429 -1.244 -10 51.429 -8.756 -10
4 16 51.429 -8.756 -10 51.429 -1.244 -10 51.676 0 -10 51.676 -10 -10
4 16 51.676 10 -10 51.676 0 -10 51.429 1.244 -10 51.429 8.756 -10
4 16 51.429 8.756 -10 51.429 1.244 -10 50.724 2.298 -10 50.724 7.702 -10
4 16 50.724 7.702 -10 50.724 2.298 -10 49.67 3.003 -10 49.67 6.997 -10
4 16 49.67 6.997 -10 49.67 3.003 -10 48.426 3.25 -10 48.426 6.75 -10
4 16 48.426 6.75 -10 48.426 3.25 -10 47.182 3.003 -10 47.182 6.997 -10
4 16 47.182 6.997 -10 47.182 3.003 -10 46.128 2.298 -10 46.128 7.702 -10
4 16 46.128 7.702 -10 46.128 2.298 -10 45.423 1.244 -10 45.423 8.756 -10
4 16 45.423 8.756 -10 45.423 1.244 -10 45.176 0 -10 45.176 10 -10
3 16 45.423 -11.244 -10 46.128 -12.298 -10 43.051 -25.325 -10
3 16 43.051 -25.325 -10 46.128 -12.298 -10 47.182 -13.003 -10
3 16 43.051 -25.325 -10 47.182 -13.003 -10 48.426 -13.25 -10
3 16 48.426 -13.25 -10 49.67 -13.003 -10 43.051 -25.325 -10
4 16 43.051 -25.325 -10 49.67 -13.003 -10 50.724 -12.298 -10 63.551 -25.325 -10
3 16 63.551 -25.325 -10 50.724 -12.298 -10 51.429 -11.244 -10
3 16 51.429 11.244 -10 50.724 12.298 -10 63.551 25.325 -10
3 16 63.551 25.325 -10 50.724 12.298 -10 49.67 13.003 -10
4 16 63.551 25.325 -10 49.67 13.003 -10 48.426 13.25 -10 43.051 25.325 -10
3 16 43.051 25.325 -10 48.426 13.25 -10 47.182 13.003 -10
3 16 47.182 13.003 -10 46.128 12.298 -10 43.051 25.325 -10
3 16 43.051 25.325 -10 46.128 12.298 -10 45.423 11.244 -10
4 16 -20 46.25 -10 0 46.25 -10 -2.392 45.774 -10 -17.608 45.774 -10
4 16 -17.608 45.774 -10 -2.392 45.774 -10 -4.419 44.419 -10 -15.581 44.419 -10
4 16 -15.581 44.419 -10 -4.419 44.419 -10 -5.774 42.392 -10 -14.226 42.392 -10
4 16 -14.226 42.392 -10 -5.774 42.392 -10 -6.25 40 -10 -13.75 40 -10
4 16 -13.75 40 -10 -6.25 40 -10 -5.774 37.608 -10 -14.226 37.608 -10
4 16 -14.226 37.608 -10 -5.774 37.608 -10 -4.419 35.581 -10 -11.274 30 -10
3 16 -11.274 30 -10 -4.419 35.581 -10 -2.392 34.226 -10
4 16 20 33.75 -10 0 33.75 -10 2.392 34.226 -10 17.608 34.226 -10
4 16 17.608 34.226 -10 2.392 34.226 -10 4.419 35.581 -10 15.581 35.581 -10
4 16 15.581 35.581 -10 4.419 35.581 -10 5.774 37.608 -10 14.226 37.608 -10
4 16 14.226 37.608 -10 5.774 37.608 -10 6.25 40 -10 13.75 40 -10
4 16 13.75 40 -10 6.25 40 -10 5.774 42.392 -10 14.226 42.392 -10
4 16 14.226 42.392 -10 5.774 42.392 -10 4.419 44.419 -10 15.581 44.419 -10
4 16 15.581 44.419 -10 4.419 44.419 -10 2.392 45.774 -10 17.608 45.774 -10
4 16 17.608 45.774 -10 2.392 45.774 -10 0 46.25 -10 20 46.25 -10
4 16 44.419 35.581 -10 45.774 37.608 -10 53.889 38.687 -10 54.857 36.449 -10
4 16 45.774 37.608 -10 46.25 40 -10 53.852 41.126 -10 53.889 38.687 -10
4 16 46.25 40 -10 45.774 42.392 -10 54.751 43.393 -10 53.852 41.126 -10
4 16 45.774 42.392 -10 44.419 44.419 -10 56.449 45.143 -10 54.751 43.393 -10
4 16 44.419 44.419 -10 42.392 45.774 -10 58.687 46.111 -10 56.449 45.143 -10
4 16 42.392 45.774 -10 40 46.25 -10 70 50 -10 58.687 46.111 -10
3 16 58.687 46.111 -10 70 50 -10 61.126 46.148 -10
3 16 61.126 46.148 -10 70 50 -10 63.393 45.249 -10
3 16 65.143 43.551 -10 63.393 45.249 -10 70 50 -10
4 16 43.051 25.325 -10 56.607 34.751 -10 58.874 33.852 -10 63.551 25.325 -10
3 16 -43.55 -45.14 -10 -41.31 -46.11 -10 -50 -50 -10
2 24 -41.31 -46.11 -10 -43.55 -45.14 -10
3 16 -50 -50 -10 -41.31 -46.11 -10 -38.874 -46.148 -10
2 24 -38.874 -46.148 -10 -41.31 -46.11 -10
4 16 -50 -50 -10 -38.874 -46.148 -10 -22.392 -45.774 -10 -20 -46.25 -10
4 16 -38.874 -46.148 -10 -36.607 -45.249 -10 -24.419 -44.419 -10 -22.392 -45.774 -10
2 24 -36.607 -45.249 -10 -38.874 -46.148 -10
4 16 -36.607 -45.249 -10 -34.857 -43.551 -10 -25.774 -42.392 -10 -24.419 -44.419 -10
2 24 -34.857 -43.551 -10 -36.607 -45.249 -10
4 16 -34.857 -43.551 -10 -33.889 -41.313 -10 -26.25 -40 -10 -25.774 -42.392 -10
2 24 -33.889 -41.313 -10 -34.857 -43.551 -10
4 16 -33.889 -41.313 -10 -33.852 -38.874 -10 -25.774 -37.608 -10 -26.25 -40 -10
2 24 -33.852 -38.874 -10 -33.889 -41.313 -10
4 16 -33.852 -38.874 -10 -34.751 -36.607 -10 -24.419 -35.581 -10 -25.774 -37.608 -10
2 24 -34.751 -36.607 -10 -33.852 -38.874 -10
4 16 -34.751 -36.607 -10 -36.449 -34.857 -10 -36.449 -25.325 -10 -24.419 -35.581 -10
2 24 -36.449 -34.857 -10 -34.751 -36.607 -10
4 16 -24.419 -35.581 -10 -36.449 -25.325 -10 -15.949 -25.325 -10 -22.392 -34.226 -10
3 16 58.687 -46.111 -10 61.126 -46.148 -10 70 -50 -10
3 16 70 -50 -10 61.126 -46.148 -10 63.393 -45.249 -10
3 16 70 -50 -10 63.393 -45.249 -10 65.143 -43.551 -10
4 16 40 -46.25 -10 20 -46.25 -10 22.392 -45.774 -10 37.608 -45.774 -10
4 16 37.608 -45.774 -10 22.392 -45.774 -10 24.419 -44.419 -10 35.581 -44.419 -10
4 16 35.581 -44.419 -10 24.419 -44.419 -10 25.774 -42.392 -10 34.226 -42.392 -10
4 16 34.226 -42.392 -10 25.774 -42.392 -10 26.25 -40 -10 33.75 -40 -10
4 16 33.75 -40 -10 26.25 -40 -10 25.774 -37.608 -10 34.226 -37.608 -10
4 16 34.226 -37.608 -10 25.774 -37.608 -10 24.419 -35.581 -10 35.581 -35.581 -10
4 16 35.581 -35.581 -10 24.419 -35.581 -10 38.376 -30 -10 37.608 -34.226 -10
4 16 20 -46.25 -10 0 -46.25 -10 2.392 -45.774 -10 17.608 -45.774 -10
4 16 17.608 -45.774 -10 2.392 -45.774 -10 4.419 -44.419 -10 15.581 -44.419 -10
4 16 15.581 -44.419 -10 4.419 -44.419 -10 5.774 -42.392 -10 14.226 -42.392 -10
4 16 14.226 -42.392 -10 5.774 -42.392 -10 6.25 -40 -10 13.75 -40 -10
4 16 13.75 -40 -10 6.25 -40 -10 5.774 -37.608 -10 14.226 -37.608 -10
4 16 14.226 -37.608 -10 5.774 -37.608 -10 4.419 -35.581 -10 15.581 -35.581 -10
4 16 15.581 -35.581 -10 4.419 -35.581 -10 2.392 -34.226 -10 17.608 -34.226 -10
4 16 17.608 -34.226 -10 2.392 -34.226 -10 0 -33.75 -10 20 -33.75 -10
3 16 -2.392 -34.226 -10 -4.419 -35.581 -10 -11.274 -30 -10
4 16 -11.274 -30 -10 -4.419 -35.581 -10 -5.774 -37.608 -10 -14.226 -37.608 -10

3 16 -17.608 34.226 10 -15.949 30 10 -15.581 35.581 10
4 16 -15.581 35.581 10 -15.949 30 10 -2.392 34.226 10 -4.419 35.581 10
4 16 -15.581 35.581 10 -4.419 35.581 10 -5.774 37.608 10 -14.226 37.608 10
4 16 -14.226 37.608 10 -5.774 37.608 10 -6.25 40 10 -13.75 40 10
4 16 -13.75 40 10 -6.25 40 10 -5.774 42.392 10 -14.226 42.392 10
4 16 -14.226 42.392 10 -5.774 42.392 10 -4.419 44.419 10 -15.581 44.419 10
4 16 -15.581 44.419 10 -4.419 44.419 10 -2.392 45.774 10 -17.608 45.774 10
4 16 -17.608 45.774 10 -2.392 45.774 10 0 46.25 10 -20 46.25 10
3 16 -20 46.25 10 0 46.25 10 -50 50 10
3 16 -50 50 10 0 46.25 10 20 46.25 10
3 16 -50 50 10 20 46.25 10 70 50 10
2 24 70 50 10 -50 50 10
3 16 70 50 10 20 46.25 10 40 46.25 10
4 16 70 50 10 40 46.25 10 42.392 45.774 10 58.687 46.111 10
3 16 58.687 46.111 10 42.392 45.774 10 56.449 45.143 10
4 16 56.449 45.143 10 42.392 45.774 10 44.419 44.419 10 54.751 43.393 10
4 16 54.751 43.393 10 44.419 44.419 10 45.774 42.392 10 53.852 41.126 10
4 16 53.852 41.126 10 45.774 42.392 10 46.25 40 10 53.889 38.687 10
4 16 53.889 38.687 10 46.25 40 10 45.774 37.608 10 54.857 36.449 10
4 16 54.857 36.449 10 45.774 37.608 10 44.419 35.581 10 56.607 34.751 10
4 16 56.607 34.751 10 44.419 35.581 10 42.392 34.226 10 58.874 33.852 10
4 16 58.874 33.852 10 42.392 34.226 10 40 33.75 10 70 30 10
3 16 70 30 10 40 33.75 10 20 33.75 10
3 16 70 30 10 20 33.75 10 -15.949 30 10
2 24 70 30 10 -15.949 30 10
3 16 -15.949 30 10 20 33.75 10 0 33.75 10
3 16 -15.949 30 10 0 33.75 10 -2.392 34.226 10
3 16 65.143 43.551 10 66.111 41.313 10 70 50 10
4 16 70 50 10 66.111 41.313 10 66.148 38.874 10 70 30 10
2 24 70 50 10 70 30 10
3 16 70 30 10 66.148 38.874 10 65.249 36.607 10
3 16 70 30 10 65.249 36.607 10 63.551 34.857 10
3 16 -45.14 36.45 10 -46.111 38.687 10 -50 30 10
2 24 -45.14 36.45 10 -46.111 38.687 10
4 16 -50 30 10 -46.111 38.687 10 -46.148 41.126 10 -50 50 10
2 24 -46.111 38.687 10 -46.148 41.126 10
2 24 -50 50 10 -50 30 10
3 16 -50 50 10 -46.148 41.126 10 -45.25 43.39 10
2 24 -46.148 41.126 10 -45.25 43.39 10
3 16 -50 50 10 -45.25 43.39 10 -43.55 45.14 10
2 24 -45.25 43.39 10 -43.55 45.14 10
3 16 -20 33.75 10 -22.392 34.226 10 -15.949 30 10
4 16 -15.949 30 10 -22.392 34.226 10 -36.449 34.857 10 -38.687 33.889 10
2 24 -36.449 34.857 10 -38.687 33.889 10
4 16 -15.949 30 10 -38.687 33.889 10 -41.126 33.852 10 -50 30 10
2 24 -38.687 33.889 10 -41.126 33.852 10
2 24 -15.949 30 10 -50 30 10
3 16 -50 30 10 -41.126 33.852 10 -43.39 34.75 10
2 24 -41.126 33.852 10 -43.39 34.75 10
4 16 -36.449 34.857 10 -22.392 34.226 10 -24.419 35.581 10 -34.751 36.607 10
2 24 -34.751 36.607 10 -36.449 34.857 10
4 16 -34.751 36.607 10 -24.419 35.581 10 -25.774 37.608 10 -33.852 38.874 10
2 24 -33.852 38.874 10 -34.751 36.607 10
4 16 -33.852 38.874 10 -25.774 37.608 10 -26.25 40 10 -33.889 41.313 10
2 24 -33.889 41.313 10 -33.852 38.874 10
4 16 -33.889 41.313 10 -26.25 40 10 -25.774 42.392 10 -34.857 43.551 10
2 24 -34.857 43.551 10 -33.889 41.313 10
4 16 -34.857 43.551 10 -25.774 42.392 10 -24.419 44.419 10 -36.607 45.249 10
2 24 -36.607 45.249 10 -34.857 43.551 10
4 16 -36.607 45.249 10 -24.419 44.419 10 -22.392 45.774 10 -38.874 46.148 10
2 24 -38.874 46.148 10 -36.607 45.249 10
4 16 -38.874 46.148 10 -22.392 45.774 10 -20 46.25 10 -50 50 10
3 16 -43.39 34.75 10 -45.14 36.45 10 -50 30 10
2 24 -43.39 34.75 10 -45.14 36.45 10
3 16 -43.55 45.14 10 -41.31 46.11 10 -50 50 10
2 24 -43.55 45.14 10 -41.31 46.11 10
3 16 -50 50 10 -41.31 46.11 10 -38.874 46.148 10
2 24 -41.31 46.11 10 -38.874 46.148 10
3 16 63.551 34.857 10 61.313 33.889 10 70 30 10
3 16 70 30 10 61.313 33.889 10 58.874 33.852 10
3 16 58.687 46.111 10 61.126 46.148 10 70 50 10
3 16 70 50 10 61.126 46.148 10 63.393 45.249 10
3 16 70 50 10 63.393 45.249 10 65.143 43.551 10
4 16 40 46.25 10 20 46.25 10 22.392 45.774 10 37.608 45.774 10
4 16 37.608 45.774 10 22.392 45.774 10 24.419 44.419 10 35.581 44.419 10
4 16 35.581 44.419 10 24.419 44.419 10 25.774 42.392 10 34.226 42.392 10
4 16 34.226 42.392 10 25.774 42.392 10 26.25 40 10 33.75 40 10
4 16 33.75 40 10 26.25 40 10 25.774 37.608 10 34.226 37.608 10
4 16 34.226 37.608 10 25.774 37.608 10 24.419 35.581 10 35.581 35.581 10
4 16 35.581 35.581 10 24.419 35.581 10 22.392 34.226 10 37.608 34.226 10
4 16 37.608 34.226 10 22.392 34.226 10 20 33.75 10 40 33.75 10
4 16 20 46.25 10 0 46.25 10 2.392 45.774 10 17.608 45.774 10
4 16 17.608 45.774 10 2.392 45.774 10 4.419 44.419 10 15.581 44.419 10
4 16 15.581 44.419 10 4.419 44.419 10 5.774 42.392 10 14.226 42.392 10
4 16 14.226 42.392 10 5.774 42.392 10 6.25 40 10 13.75 40 10
4 16 13.75 40 10 6.25 40 10 5.774 37.608 10 14.226 37.608 10
4 16 14.226 37.608 10 5.774 37.608 10 4.419 35.581 10 15.581 35.581 10
4 16 15.581 35.581 10 4.419 35.581 10 2.392 34.226 10 17.608 34.226 10
4 16 17.608 34.226 10 2.392 34.226 10 0 33.75 10 20 33.75 10
3 16 -17.608 34.226 10 -20 33.75 10 -15.949 30 10

4 16 68.226 30 -10 70 30 -10 70 30 10 68.226 30 6.425
2 24 70 30 -10 70 30 10
2 24 68.226 30 -10 68.226 30 6.425
3 16 68.226 30 6.425 70 30 10 38.376 30 6.425
2 24 68.226 30 6.425 38.376 30 6.425
3 16 38.376 30 6.425 70 30 10 -15.949 30 10
3 16 38.376 30 6.425 -15.949 30 10 -11.274 30 6.425
4 16 -11.274 30 6.425 -15.949 30 10 -50 30 10 -41.124 30 6.425
2 24 -11.274 30 6.425 -41.124 30 6.425
4 16 -41.124 30 6.425 -50 30 10 -50 30 -10 -41.124 30 -10
2 24 -50 30 10 -50 30 -10
2 24 -41.124 30 6.425 -41.124 30 -10
4 16 -11.274 30 -10 38.376 30 -10 38.376 30 6.425 -11.274 30 6.425
2 24 38.376 30 6.425 38.376 30 -10
2 24 -11.274 30 -10 -11.274 30 6.425

3 16 -2.392 -34.226 10 0 -33.75 10 -15.949 -30 10
3 16 -15.949 -30 10 0 -33.75 10 20 -33.75 10
3 16 -15.949 -30 10 20 -33.75 10 70 -30 10
2 24 -15.949 -30 10 70 -30 10
3 16 70 -30 10 20 -33.75 10 40 -33.75 10
3 16 70 -30 10 40 -33.75 10 58.874 -33.852 10
4 16 58.874 -33.852 10 40 -33.75 10 42.392 -34.226 10 56.607 -34.751 10
4 16 56.607 -34.751 10 42.392 -34.226 10 44.419 -35.581 10 54.857 -36.449 10
4 16 54.857 -36.449 10 44.419 -35.581 10 45.774 -37.608 10 53.889 -38.687 10
4 16 53.889 -38.687 10 45.774 -37.608 10 46.25 -40 10 53.852 -41.126 10
4 16 53.852 -41.126 10 46.25 -40 10 45.774 -42.392 10 54.751 -43.393 10
4 16 54.751 -43.393 10 45.774 -42.392 10 44.419 -44.419 10 56.449 -45.143 10
4 16 56.449 -45.143 10 44.419 -44.419 10 42.392 -45.774 10 58.687 -46.111 10
4 16 58.687 -46.111 10 42.392 -45.774 10 40 -46.25 10 70 -50 10
3 16 70 -50 10 40 -46.25 10 20 -46.25 10
3 16 70 -50 10 20 -46.25 10 0 -46.25 10
4 16 0 -46.25 10 20 -46.25 10 17.608 -45.774 10 2.392 -45.774 10
3 16 -43.55 -34.86 10 -41.31 -33.89 10 -50 -30 10
2 24 -43.55 -34.86 10 -41.31 -33.89 10
3 16 -50 -30 10 -41.31 -33.89 10 -38.874 -33.852 10
2 24 -41.31 -33.89 10 -38.874 -33.852 10
3 16 -50 -30 10 -38.874 -33.852 10 -15.949 -30 10
2 24 -50 -30 10 -15.949 -30 10
4 16 -15.949 -30 10 -38.874 -33.852 10 -22.392 -34.226 10 -20 -33.75 10
3 16 -45.14 -43.55 10 -46.111 -41.313 10 -50 -50 10
2 24 -45.14 -43.55 10 -46.111 -41.313 10
4 16 -50 -50 10 -46.111 -41.313 10 -46.148 -38.874 10 -50 -30 10
2 24 -46.111 -41.313 10 -46.148 -38.874 10
2 24 -50 -30 10 -50 -50 10
3 16 -50 -30 10 -46.148 -38.874 10 -45.25 -36.61 10
2 24 -46.148 -38.874 10 -45.25 -36.61 10
3 16 -50 -30 10 -45.25 -36.61 10 -43.55 -34.86 10
2 24 -45.25 -36.61 10 -43.55 -34.86 10
3 16 70 -50 10 0 -46.25 10 -50 -50 10
2 24 -50 -50 10 70 -50 10
3 16 -50 -50 10 0 -46.25 10 -20 -46.25 10
4 16 -50 -50 10 -20 -46.25 10 -22.392 -45.774 10 -38.687 -46.111 10
3 16 -38.687 -46.111 10 -22.392 -45.774 10 -36.449 -45.143 10
2 24 -36.449 -45.143 10 -38.687 -46.111 10
4 16 -36.449 -45.143 10 -22.392 -45.774 10 -24.419 -44.419 10 -34.751 -43.393 10
2 24 -34.751 -43.393 10 -36.449 -45.143 10
4 16 -34.751 -43.393 10 -24.419 -44.419 10 -25.774 -42.392 10 -33.852 -41.126 10
2 24 -33.852 -41.126 10 -34.751 -43.393 10
4 16 -33.852 -41.126 10 -25.774 -42.392 10 -26.25 -40 10 -33.889 -38.687 10
2 24 -33.889 -38.687 10 -33.852 -41.126 10
4 16 -33.889 -38.687 10 -26.25 -40 10 -25.774 -37.608 10 -34.857 -36.449 10
2 24 -34.857 -36.449 10 -33.889 -38.687 10
4 16 -34.857 -36.449 10 -25.774 -37.608 10 -24.419 -35.581 10 -36.607 -34.751 10
2 24 -36.607 -34.751 10 -34.857 -36.449 10
4 16 -36.607 -34.751 10 -24.419 -35.581 10 -22.392 -34.226 10 -38.874 -33.852 10
2 24 -38.874 -33.852 10 -36.607 -34.751 10
3 16 63.551 -34.857 10 65.249 -36.607 10 70 -30 10
3 16 70 -30 10 65.249 -36.607 10 66.148 -38.874 10
4 16 70 -30 10 66.148 -38.874 10 66.111 -41.313 10 70 -50 10
2 24 70 -50 10 70 -30 10
3 16 70 -50 10 66.111 -41.313 10 65.143 -43.551 10
3 16 65.143 -43.551 10 63.393 -45.249 10 70 -50 10
3 16 70 -50 10 63.393 -45.249 10 61.126 -46.148 10
3 16 70 -50 10 61.126 -46.148 10 58.687 -46.111 10
3 16 58.874 -33.852 10 61.313 -33.889 10 70 -30 10
3 16 70 -30 10 61.313 -33.889 10 63.551 -34.857 10
4 16 40 -33.75 10 20 -33.75 10 22.392 -34.226 10 37.608 -34.226 10
4 16 37.608 -34.226 10 22.392 -34.226 10 24.419 -35.581 10 35.581 -35.581 10
4 16 35.581 -35.581 10 24.419 -35.581 10 25.774 -37.608 10 34.226 -37.608 10
4 16 34.226 -37.608 10 25.774 -37.608 10 26.25 -40 10 33.75 -40 10
4 16 33.75 -40 10 26.25 -40 10 25.774 -42.392 10 34.226 -42.392 10
4 16 34.226 -42.392 10 25.774 -42.392 10 24.419 -44.419 10 35.581 -44.419 10
4 16 35.581 -44.419 10 24.419 -44.419 10 22.392 -45.774 10 37.608 -45.774 10
4 16 37.608 -45.774 10 22.392 -45.774 10 20 -46.25 10 40 -46.25 10
4 16 20 -33.75 10 0 -33.75 10 2.392 -34.226 10 17.608 -34.226 10
4 16 17.608 -34.226 10 2.392 -34.226 10 4.419 -35.581 10 15.581 -35.581 10
4 16 15.581 -35.581 10 4.419 -35.581 10 5.774 -37.608 10 14.226 -37.608 10
4 16 14.226 -37.608 10 5.774 -37.608 10 6.25 -40 10 13.75 -40 10
4 16 13.75 -40 10 6.25 -40 10 5.774 -42.392 10 14.226 -42.392 10
4 16 14.226 -42.392 10 5.774 -42.392 10 4.419 -44.419 10 15.581 -44.419 10
4 16 15.581 -44.419 10 4.419 -44.419 10 2.392 -45.774 10 17.608 -45.774 10
3 16 -2.392 -34.226 10 -15.949 -30 10 -4.419 -35.581 10
4 16 -4.419 -35.581 10 -15.949 -30 10 -17.608 -34.226 10 -15.581 -35.581 10
4 16 -4.419 -35.581 10 -15.581 -35.581 10 -14.226 -37.608 10 -5.774 -37.608 10
4 16 -5.774 -37.608 10 -14.226 -37.608 10 -13.75 -40 10 -6.25 -40 10
4 16 -6.25 -40 10 -13.75 -40 10 -14.226 -42.392 10 -5.774 -42.392 10
4 16 -5.774 -42.392 10 -14.226 -42.392 10 -15.581 -44.419 10 -4.419 -44.419 10
4 16 -4.419 -44.419 10 -15.581 -44.419 10 -17.608 -45.774 10 -2.392 -45.774 10
4 16 -2.392 -45.774 10 -17.608 -45.774 10 -20 -46.25 10 0 -46.25 10
3 16 -20 -33.75 10 -17.608 -34.226 10 -15.949 -30 10
3 16 -38.687 -46.111 10 -41.13 -46.15 10 -50 -50 10
2 24 -38.687 -46.111 10 -41.13 -46.15 10
3 16 -50 -50 10 -41.13 -46.15 10 -43.39 -45.25 10
2 24 -41.13 -46.15 10 -43.39 -45.25 10
3 16 -50 -50 10 -43.39 -45.25 10 -45.14 -43.55 10
2 24 -43.39 -45.25 10 -45.14 -43.55 10

4 16 38.376 -30 -10 -11.274 -30 -10 -11.274 -30 6.425 38.376 -30 6.425
2 24 -11.274 -30 6.425 -11.274 -30 -10
2 24 38.376 -30 -10 38.376 -30 6.425
3 16 38.376 -30 6.425 -11.274 -30 6.425 -15.949 -30 10
4 16 -15.949 -30 10 -11.274 -30 6.425 -41.124 -30 6.425 -50 -30 10
2 24 -41.124 -30 6.425 -11.274 -30 6.425
4 16 -50 -30 10 -41.124 -30 6.425 -41.124 -30 -10 -50 -30 -10
2 24 -41.124 -30 -10 -41.124 -30 6.425
2 24 -50 -30 -10 -50 -30 10
3 16 -15.949 -30 10 70 -30 10 38.376 -30 6.425
3 16 38.376 -30 6.425 70 -30 10 68.226 -30 6.425
2 24 38.376 -30 6.425 68.226 -30 6.425
4 16 70 -30 10 70 -30 -10 68.226 -30 -10 68.226 -30 6.425
2 24 70 -30 10 70 -30 -10
2 24 68.226 -30 6.425 68.226 -30 -10

4 16 -23.622 7.702 1.75 -24.327 8.756 1.75 -24.327 1.244 1.75 -23.622 2.298 1.75
4 16 -24.327 1.244 1.75 -24.327 8.756 1.75 -24.574 10 1.75 -24.574 0 1.75
4 16 -24.574 0 1.75 -24.574 10 1.75 -36.449 25.325 1.75 -36.449 -25.325 1.75
2 24 -36.449 -25.325 1.75 -36.449 25.325 1.75
4 16 -23.622 7.702 1.75 -23.622 2.298 1.75 -22.568 3.003 1.75 -22.568 6.997 1.75
4 16 -22.568 6.997 1.75 -22.568 3.003 1.75 -21.324 3.25 1.75 -21.324 6.75 1.75
4 16 -21.324 6.75 1.75 -21.324 3.25 1.75 -20.08 3.003 1.75 -20.08 6.997 1.75
4 16 -20.08 6.997 1.75 -20.08 3.003 1.75 -19.026 2.298 1.75 -19.026 7.702 1.75
4 16 -19.026 7.702 1.75 -19.026 2.298 1.75 -18.321 1.244 1.75 -15.949 0.402 1.75
3 16 -19.026 7.702 1.75 -15.949 0.402 1.75 -18.321 8.756 1.75
3 16 -18.321 8.756 1.75 -15.949 0.402 1.75 -18.074 10 1.75
3 16 -15.949 0.402 1.75 -18.321 1.244 1.75 -18.074 0 1.75
3 16 -15.949 0.402 1.75 -18.074 0 1.75 -18.321 -1.244 1.75
3 16 -18.321 -1.244 1.75 -19.026 -2.298 1.75 -15.949 0.402 1.75
4 16 -15.949 0.402 1.75 -19.026 -2.298 1.75 -19.026 -7.702 1.75 -18.321 -8.756 1.75
4 16 -19.026 -2.298 1.75 -20.08 -3.003 1.75 -20.08 -6.997 1.75 -19.026 -7.702 1.75
4 16 -20.08 -3.003 1.75 -21.324 -3.25 1.75 -21.324 -6.75 1.75 -20.08 -6.997 1.75
4 16 -21.324 -6.75 1.75 -21.324 -3.25 1.75 -22.568 -3.003 1.75 -22.568 -6.997 1.75
4 16 -22.568 -6.997 1.75 -22.568 -3.003 1.75 -23.622 -2.298 1.75 -23.622 -7.702 1.75
4 16 -23.622 -7.702 1.75 -23.622 -2.298 1.75 -24.327 -1.244 1.75 -24.327 -8.756 1.75
3 16 -24.327 -8.756 1.75 -24.327 -1.244 1.75 -24.574 0 1.75
4 16 -24.327 -8.756 1.75 -24.574 0 1.75 -36.449 -25.325 1.75 -24.574 -10 1.75
3 16 -24.574 -10 1.75 -36.449 -25.325 1.75 -24.327 -11.244 1.75
3 16 -24.327 -11.244 1.75 -36.449 -25.325 1.75 -23.622 -12.298 1.75
3 16 -18.321 -8.756 1.75 -18.074 -10 1.75 -15.949 0.402 1.75
3 16 -15.949 0.402 1.75 -18.074 -10 1.75 -15.949 -25.325 1.75
2 24 -15.949 0.402 1.75 -15.949 -25.325 1.75
3 16 -18.074 -10 1.75 -18.321 -11.244 1.75 -15.949 -25.325 1.75
3 16 -15.949 -25.325 1.75 -18.321 -11.244 1.75 -19.026 -12.298 1.75
3 16 -15.949 -25.325 1.75 -19.026 -12.298 1.75 -20.08 -13.003 1.75
3 16 -20.08 -13.003 1.75 -21.324 -13.25 1.75 -15.949 -25.325 1.75
3 16 -15.949 -25.325 1.75 -21.324 -13.25 1.75 -22.568 -13.003 1.75
4 16 -15.949 -25.325 1.75 -22.568 -13.003 1.75 -23.622 -12.298 1.75 -36.449 -25.325 1.75
2 24 -15.949 -25.325 1.75 -36.449 -25.325 1.75
3 16 -24.574 10 1.75 -24.327 11.244 1.75 -36.449 25.325 1.75
3 16 -36.449 25.325 1.75 -24.327 11.244 1.75 -23.622 12.298 1.75
3 16 -36.449 25.325 1.75 -23.622 12.298 1.75 -22.568 13.003 1.75
4 16 -36.449 25.325 1.75 -22.568 13.003 1.75 -21.324 13.25 1.75 -15.949 25.325 1.75
2 24 -15.949 25.325 1.75 -36.449 25.325 1.75
3 16 -15.949 25.325 1.75 -21.324 13.25 1.75 -20.08 13.003 1.75
3 16 -20.08 13.003 1.75 -19.026 12.298 1.75 -15.949 25.325 1.75
3 16 -15.949 25.325 1.75 -19.026 12.298 1.75 -18.321 11.244 1.75
3 16 -15.949 25.325 1.75 -18.321 11.244 1.75 -18.074 10 1.75
3 16 -15.949 0.402 1.75 -15.949 25.325 1.75 -18.074 10 1.75
2 24 -15.949 25.325 1.75 -15.949 0.402 1.75

4 16 -15.949 -25.325 -10 -15.949 -0.5 -10 -15.949 0.402 1.75 -15.949 -25.325 1.75
2 24 -15.949 -25.325 -10 -15.949 -25.325 1.75
4 16 -15.949 -0.5 -10 -15.949 25.325 -10 -15.949 25.325 1.75 -15.949 0.402 1.75
2 24 -15.949 25.325 -10 -15.949 25.325 1.75

4 16 48.426 3.25 1.75 48.426 6.75 1.75 47.182 6.997 1.75 47.182 3.003 1.75
4 16 47.182 3.003 1.75 47.182 6.997 1.75 46.128 7.702 1.75 46.128 2.298 1.75
4 16 46.128 2.298 1.75 46.128 7.702 1.75 45.423 8.756 1.75 45.423 1.244 1.75
4 16 45.423 1.244 1.75 45.423 8.756 1.75 45.176 10 1.75 45.176 0 1.75
3 16 45.176 0 1.75 45.176 10 1.75 43.051 25.325 1.75
3 16 43.051 25.325 1.75 45.176 10 1.75 45.423 11.244 1.75
3 16 43.051 25.325 1.75 45.423 11.244 1.75 46.128 12.298 1.75
4 16 48.426 3.25 1.75 49.67 3.003 1.75 49.67 6.997 1.75 48.426 6.75 1.75
4 16 49.67 3.003 1.75 50.724 2.298 1.75 50.724 7.702 1.75 49.67 6.997 1.75
4 16 50.724 2.298 1.75 51.429 1.244 1.75 51.429 8.756 1.75 50.724 7.702 1.75
4 16 51.429 8.756 1.75 51.429 1.244 1.75 51.676 0 1.75 51.676 10 1.75
4 16 51.676 10 1.75 51.676 0 1.75 63.551 -25.325 1.75 63.551 25.325 1.75
2 24 63.551 25.325 1.75 63.551 -25.325 1.75
3 16 51.429 -1.244 1.75 51.429 -8.756 1.75 51.676 0 1.75
4 16 51.676 0 1.75 51.429 -8.756 1.75 51.676 -10 1.75 63.551 -25.325 1.75
3 16 63.551 -25.325 1.75 51.676 -10 1.75 51.429 -11.244 1.75
3 16 63.551 -25.325 1.75 51.429 -11.244 1.75 50.724 -12.298 1.75
4 16 51.429 -1.244 1.75 50.724 -2.298 1.75 50.724 -7.702 1.75 51.429 -8.756 1.75
4 16 50.724 -2.298 1.75 49.67 -3.003 1.75 49.67 -6.997 1.75 50.724 -7.702 1.75
4 16 49.67 -3.003 1.75 48.426 -3.25 1.75 48.426 -6.75 1.75 49.67 -6.997 1.75
4 16 48.426 -6.75 1.75 48.426 -3.25 1.75 47.182 -3.003 1.75 47.182 -6.997 1.75
4 16 47.182 -6.997 1.75 47.182 -3.003 1.75 46.128 -2.298 1.75 46.128 -7.702 1.75
4 16 46.128 -7.702 1.75 46.128 -2.298 1.75 45.423 -1.244 1.75 45.423 -8.756 1.75
4 16 45.423 -8.756 1.75 45.423 -1.244 1.75 45.176 0 1.75 45.176 -10 1.75
3 16 45.176 -10 1.75 45.176 0 1.75 43.051 -25.325 1.75
3 16 43.051 -25.325 1.75 45.176 0 1.75 43.051 25.325 1.75
2 24 43.051 -25.325 1.75 43.051 25.325 1.75
3 16 50.724 -12.298 1.75 49.67 -13.003 1.75 63.551 -25.325 1.75
4 16 63.551 -25.325 1.75 49.67 -13.003 1.75 48.426 -13.25 1.75 43.051 -25.325 1.75
2 24 63.551 -25.325 1.75 43.051 -25.325 1.75
3 16 43.051 -25.325 1.75 48.426 -13.25 1.75 47.182 -13.003 1.75
3 16 43.051 -25.325 1.75 47.182 -13.003 1.75 46.128 -12.298 1.75
3 16 46.128 -12.298 1.75 45.423 -11.244 1.75 43.051 -25.325 1.75
3 16 43.051 -25.325 1.75 45.423 -11.244 1.75 45.176 -10 1.75
3 16 46.128 12.298 1.75 47.182 13.003 1.75 43.051 25.325 1.75
3 16 43.051 25.325 1.75 47.182 13.003 1.75 48.426 13.25 1.75
3 16 43.051 25.325 1.75 48.426 13.25 1.75 49.67 13.003 1.75
4 16 43.051 25.325 1.75 49.67 13.003 1.75 50.724 12.298 1.75 63.551 25.325 1.75
2 24 63.551 25.325 1.75 43.051 25.325 1.75
3 16 63.551 25.325 1.75 50.724 12.298 1.75 51.429 11.244 1.75
3 16 51.429 11.244 1.75 51.676 10 1.75 63.551 25.325 1.75

4 16 38.376 -30 6.425 43.051 -25.325 1.75 43.051 -25.325 -10 38.376 -30 -10
2 24 38.376 -30 6.425 43.051 -25.325 1.75
2 24 43.051 -25.325 1.75 43.051 -25.325 -10
4 16 63.551 -25.325 1.75 43.051 -25.325 1.75 38.376 -30 6.425 68.226 -30 6.425
2 24 68.226 -30 6.425 63.551 -25.325 1.75
4 16 63.551 -25.325 -10 63.551 -25.325 1.75 68.226 -30 6.425 68.226 -30 -10
2 24 63.551 -25.325 -10 63.551 -25.325 1.75
4 16 43.051 -25.325 -10 43.051 -25.325 1.75 43.051 25.325 1.75 43.051 25.325 -10
2 24 43.051 25.325 1.75 43.051 25.325 -10
4 16 63.551 -25.325 -10 63.551 25.325 -10 63.551 25.325 1.75 63.551 -25.325 1.75
2 24 63.551 25.325 -10 63.551 25.325 1.75
4 16 -36.449 -25.325 -10 -41.124 -30 -10 -41.124 -30 6.425 -36.449 -25.325 1.75
2 24 -41.124 -30 6.425 -36.449 -25.325 1.75
2 24 -36.449 -25.325 1.75 -36.449 -25.325 -10
4 16 -15.949 -25.325 1.75 -36.449 -25.325 1.75 -41.124 -30 6.425 -11.274 -30 6.425
2 24 -11.274 -30 6.425 -15.949 -25.325 1.75
4 16 -15.949 -25.325 -10 -15.949 -25.325 1.75 -11.274 -30 6.425 -11.274 -30 -10
4 16 -36.449 -25.325 1.75 -36.449 25.325 1.75 -36.449 25.325 -10 -36.449 -25.325 -10
2 24 -36.449 25.325 1.75 -36.449 25.325 -10
4 16 63.551 25.325 -10 68.226 30 -10 68.226 30 6.425 63.551 25.325 1.75
2 24 68.226 30 6.425 63.551 25.325 1.75
4 16 68.226 30 6.425 38.376 30 6.425 43.051 25.325 1.75 63.551 25.325 1.75
2 24 38.376 30 6.425 43.051 25.325 1.75
4 16 43.051 25.325 -10 43.051 25.325 1.75 38.376 30 6.425 38.376 30 -10
4 16 -15.949 25.325 -10 -11.274 30 -10 -11.274 30 6.425 -15.949 25.325 1.75
2 24 -11.274 30 6.425 -15.949 25.325 1.75
4 16 -11.274 30 6.425 -41.124 30 6.425 -36.449 25.325 1.75 -15.949 25.325 1.75
2 24 -41.124 30 6.425 -36.449 25.325 1.75
4 16 -36.449 25.325 -10 -36.449 25.325 1.75 -41.124 30 6.425 -41.124 30 -10
4 16 70 -30 10 70 -50 10 70 -50 -10 70 -30 -10
2 24 70 -50 10 70 -50 -10
4 16 -50 -50 10 -50 -30 10 -50 -30 -10 -50 -50 -10
2 24 -50 -50 -10 -50 -50 10
3 16 -34.751 -43.393 10 -34.857 -43.551 -10 -36.449 -45.143 10
5 24 -34.751 -43.393 10 -34.857 -43.551 -10 -36.449 -45.143 10 -33.889 -41.313 -10
5 24 -34.857 -43.551 -10 -36.449 -45.143 10 -34.751 -43.393 10 -36.607 -45.249 -10
3 16 -36.449 -45.143 10 -34.857 -43.551 -10 -36.607 -45.249 -10
5 24 -36.607 -45.249 -10 -36.449 -45.143 10 -34.857 -43.551 -10 -38.687 -46.111 10
3 16 -36.449 -45.143 10 -36.607 -45.249 -10 -38.687 -46.111 10
5 24 -36.607 -45.249 -10 -38.687 -46.111 10 -36.449 -45.143 10 -38.874 -46.148 -10
3 16 -38.687 -46.111 10 -36.607 -45.249 -10 -38.874 -46.148 -10
5 24 -38.874 -46.148 -10 -38.687 -46.111 10 -36.607 -45.249 -10 -41.13 -46.15 10
3 16 -38.687 -46.111 10 -38.874 -46.148 -10 -41.13 -46.15 10
5 24 -38.874 -46.148 -10 -41.13 -46.15 10 -38.687 -46.111 10 -41.31 -46.11 -10
3 16 -41.13 -46.15 10 -38.874 -46.148 -10 -41.31 -46.11 -10
5 24 -41.31 -46.11 -10 -41.13 -46.15 10 -38.874 -46.148 -10 -43.39 -45.25 10
3 16 -41.13 -46.15 10 -41.31 -46.11 -10 -43.39 -45.25 10
5 24 -41.31 -46.11 -10 -43.39 -45.25 10 -41.13 -46.15 10 -43.55 -45.14 -10
3 16 -43.39 -45.25 10 -41.31 -46.11 -10 -43.55 -45.14 -10
5 24 -43.55 -45.14 -10 -43.39 -45.25 10 -41.31 -46.11 -10 -45.14 -43.55 10
3 16 -43.39 -45.25 10 -43.55 -45.14 -10 -45.14 -43.55 10
5 24 -43.55 -45.14 -10 -45.14 -43.55 10 -43.39 -45.25 10 -45.25 -43.39 -10
3 16 -45.14 -43.55 10 -43.55 -45.14 -10 -45.25 -43.39 -10
5 24 -45.25 -43.39 -10 -45.14 -43.55 10 -43.55 -45.14 -10 -46.111 -41.313 10
3 16 -45.14 -43.55 10 -45.25 -43.39 -10 -46.111 -41.313 10
5 24 -45.25 -43.39 -10 -46.111 -41.313 10 -45.14 -43.55 10 -46.148 -41.126 -10
3 16 -46.111 -41.313 10 -45.25 -43.39 -10 -46.148 -41.126 -10
5 24 -46.148 -41.126 -10 -46.111 -41.313 10 -45.25 -43.39 -10 -46.148 -38.874 10
3 16 -46.111 -41.313 10 -46.148 -41.126 -10 -46.148 -38.874 10
5 24 -46.148 -41.126 -10 -46.148 -38.874 10 -46.111 -41.313 10 -46.111 -38.687 -10
3 16 -46.148 -38.874 10 -46.148 -41.126 -10 -46.111 -38.687 -10
5 24 -46.111 -38.687 -10 -46.148 -38.874 10 -46.148 -41.126 -10 -45.25 -36.61 10
3 16 -46.148 -38.874 10 -46.111 -38.687 -10 -45.25 -36.61 10
5 24 -46.111 -38.687 -10 -45.25 -36.61 10 -46.148 -38.874 10 -45.143 -36.449 -10
3 16 -45.25 -36.61 10 -46.111 -38.687 -10 -45.143 -36.449 -10
5 24 -45.143 -36.449 -10 -45.25 -36.61 10 -46.111 -38.687 -10 -43.55 -34.86 10
3 16 -45.25 -36.61 10 -45.143 -36.449 -10 -43.55 -34.86 10
5 24 -45.143 -36.449 -10 -43.55 -34.86 10 -45.25 -36.61 10 -43.393 -34.751 -10
3 16 -43.55 -34.86 10 -45.143 -36.449 -10 -43.393 -34.751 -10
5 24 -43.393 -34.751 -10 -43.55 -34.86 10 -45.143 -36.449 -10 -41.31 -33.89 10
3 16 -43.55 -34.86 10 -43.393 -34.751 -10 -41.31 -33.89 10
5 24 -43.393 -34.751 -10 -41.31 -33.89 10 -43.55 -34.86 10 -41.13 -33.85 -10
3 16 -41.31 -33.89 10 -43.393 -34.751 -10 -41.13 -33.85 -10
5 24 -41.13 -33.85 -10 -41.31 -33.89 10 -43.393 -34.751 -10 -38.874 -33.852 10
3 16 -41.31 -33.89 10 -41.13 -33.85 -10 -38.874 -33.852 10
5 24 -41.13 -33.85 -10 -38.874 -33.852 10 -41.31 -33.89 10 -38.687 -33.889 -10
3 16 -38.874 -33.852 10 -41.13 -33.85 -10 -38.687 -33.889 -10
5 24 -38.687 -33.889 -10 -38.874 -33.852 10 -41.13 -33.85 -10 -36.607 -34.751 10
3 16 -38.874 -33.852 10 -38.687 -33.889 -10 -36.607 -34.751 10
5 24 -38.687 -33.889 -10 -36.607 -34.751 10 -38.874 -33.852 10 -36.449 -34.857 -10
3 16 -36.607 -34.751 10 -38.687 -33.889 -10 -36.449 -34.857 -10
5 24 -36.449 -34.857 -10 -36.607 -34.751 10 -38.687 -33.889 -10 -34.857 -36.449 10
3 16 -36.607 -34.751 10 -36.449 -34.857 -10 -34.857 -36.449 10
5 24 -36.449 -34.857 -10 -34.857 -36.449 10 -36.607 -34.751 10 -34.751 -36.607 -10
3 16 -34.857 -36.449 10 -36.449 -34.857 -10 -34.751 -36.607 -10
5 24 -34.751 -36.607 -10 -34.857 -36.449 10 -36.449 -34.857 -10 -33.889 -38.687 10
3 16 -34.857 -36.449 10 -34.751 -36.607 -10 -33.889 -38.687 10
5 24 -34.751 -36.607 -10 -33.889 -38.687 10 -34.857 -36.449 10 -33.852 -38.874 -10
3 16 -33.889 -38.687 10 -34.751 -36.607 -10 -33.852 -38.874 -10
5 24 -33.852 -38.874 -10 -33.889 -38.687 10 -34.751 -36.607 -10 -33.852 -41.126 10
3 16 -33.889 -38.687 10 -33.852 -38.874 -10 -33.852 -41.126 10
5 24 -33.852 -38.874 -10 -33.852 -41.126 10 -33.889 -38.687 10 -33.889 -41.313 -10
3 16 -33.852 -41.126 10 -33.852 -38.874 -10 -33.889 -41.313 -10
5 24 -33.889 -41.313 -10 -33.852 -41.126 10 -33.852 -38.874 -10 -34.751 -43.393 10
3 16 -33.852 -41.126 10 -33.889 -41.313 -10 -34.751 -43.393 10
5 24 -33.889 -41.313 -10 -34.751 -43.393 10 -33.852 -41.126 10 -34.857 -43.551 -10
3 16 -34.751 -43.393 10 -33.889 -41.313 -10 -34.857 -43.551 -10
4 16 70 -50 10 -50 -50 10 -50 -50 -10 70 -50 -10
4 16 70 30 -10 70 50 -10 70 50 10 70 30 10
2 24 70 50 -10 70 50 10
4 16 -50 50 -10 -50 30 -10 -50 30 10 -50 50 10
2 24 -50 50 10 -50 50 -10
3 16 -34.751 43.393 -10 -34.857 43.551 10 -36.449 45.143 -10
5 24 -34.751 43.393 -10 -34.857 43.551 10 -36.449 45.143 -10 -33.889 41.313 10
5 24 -34.857 43.551 10 -36.449 45.143 -10 -34.751 43.393 -10 -36.607 45.249 10
3 16 -36.449 45.143 -10 -34.857 43.551 10 -36.607 45.249 10
5 24 -36.607 45.249 10 -36.449 45.143 -10 -34.857 43.551 10 -38.687 46.111 -10
3 16 -36.449 45.143 -10 -36.607 45.249 10 -38.687 46.111 -10
5 24 -36.607 45.249 10 -38.687 46.111 -10 -36.449 45.143 -10 -38.874 46.148 10
3 16 -38.687 46.111 -10 -36.607 45.249 10 -38.874 46.148 10
5 24 -38.874 46.148 10 -38.687 46.111 -10 -36.607 45.249 10 -41.13 46.15 -10
3 16 -38.687 46.111 -10 -38.874 46.148 10 -41.13 46.15 -10
5 24 -38.874 46.148 10 -41.13 46.15 -10 -38.687 46.111 -10 -41.31 46.11 10
3 16 -41.13 46.15 -10 -38.874 46.148 10 -41.31 46.11 10
5 24 -41.31 46.11 10 -41.13 46.15 -10 -38.874 46.148 10 -43.39 45.25 -10
3 16 -41.13 46.15 -10 -41.31 46.11 10 -43.39 45.25 -10
5 24 -41.31 46.11 10 -43.39 45.25 -10 -41.13 46.15 -10 -43.55 45.14 10
3 16 -43.39 45.25 -10 -41.31 46.11 10 -43.55 45.14 10
5 24 -43.55 45.14 10 -43.39 45.25 -10 -41.31 46.11 10 -45.14 43.55 -10
3 16 -43.39 45.25 -10 -43.55 45.14 10 -45.14 43.55 -10
5 24 -43.55 45.14 10 -45.14 43.55 -10 -43.39 45.25 -10 -45.25 43.39 10
3 16 -45.14 43.55 -10 -43.55 45.14 10 -45.25 43.39 10
5 24 -45.25 43.39 10 -45.14 43.55 -10 -43.55 45.14 10 -46.111 41.313 -10
3 16 -45.14 43.55 -10 -45.25 43.39 10 -46.111 41.313 -10
5 24 -45.25 43.39 10 -46.111 41.313 -10 -45.14 43.55 -10 -46.148 41.126 10
3 16 -46.111 41.313 -10 -45.25 43.39 10 -46.148 41.126 10
5 24 -46.148 41.126 10 -46.111 41.313 -10 -45.25 43.39 10 -46.148 38.874 -10
3 16 -46.111 41.313 -10 -46.148 41.126 10 -46.148 38.874 -10
5 24 -46.148 41.126 10 -46.148 38.874 -10 -46.111 41.313 -10 -46.111 38.687 10
3 16 -46.148 38.874 -10 -46.148 41.126 10 -46.111 38.687 10
5 24 -46.111 38.687 10 -46.148 38.874 -10 -46.148 41.126 10 -45.249 36.607 -10
3 16 -46.148 38.874 -10 -46.111 38.687 10 -45.249 36.607 -10
5 24 -46.111 38.687 10 -45.249 36.607 -10 -46.148 38.874 -10 -45.14 36.45 10
3 16 -45.249 36.607 -10 -46.111 38.687 10 -45.14 36.45 10
5 24 -45.14 36.45 10 -45.249 36.607 -10 -46.111 38.687 10 -43.551 34.857 -10
3 16 -45.249 36.607 -10 -45.14 36.45 10 -43.551 34.857 -10
5 24 -45.14 36.45 10 -43.551 34.857 -10 -45.249 36.607 -10 -43.39 34.75 10
3 16 -43.551 34.857 -10 -45.14 36.45 10 -43.39 34.75 10
5 24 -43.39 34.75 10 -43.551 34.857 -10 -45.14 36.45 10 -41.31 33.89 -10
3 16 -43.551 34.857 -10 -43.39 34.75 10 -41.31 33.89 -10
5 24 -43.39 34.75 10 -41.31 33.89 -10 -43.551 34.857 -10 -41.126 33.852 10
3 16 -41.31 33.89 -10 -43.39 34.75 10 -41.126 33.852 10
5 24 -41.126 33.852 10 -41.31 33.89 -10 -43.39 34.75 10 -38.874 33.852 -10
3 16 -41.31 33.89 -10 -41.126 33.852 10 -38.874 33.852 -10
5 24 -41.126 33.852 10 -38.874 33.852 -10 -41.31 33.89 -10 -38.687 33.889 10
3 16 -38.874 33.852 -10 -41.126 33.852 10 -38.687 33.889 10
5 24 -38.687 33.889 10 -38.874 33.852 -10 -41.126 33.852 10 -36.607 34.751 -10
3 16 -38.874 33.852 -10 -38.687 33.889 10 -36.607 34.751 -10
5 24 -38.687 33.889 10 -36.607 34.751 -10 -38.874 33.852 -10 -36.449 34.857 10
3 16 -36.607 34.751 -10 -38.687 33.889 10 -36.449 34.857 10
5 24 -36.449 34.857 10 -36.607 34.751 -10 -38.687 33.889 10 -34.857 36.449 -10
3 16 -36.607 34.751 -10 -36.449 34.857 10 -34.857 36.449 -10
5 24 -36.449 34.857 10 -34.857 36.449 -10 -36.607 34.751 -10 -34.751 36.607 10
3 16 -34.857 36.449 -10 -36.449 34.857 10 -34.751 36.607 10
5 24 -34.751 36.607 10 -34.857 36.449 -10 -36.449 34.857 10 -33.889 38.687 -10
3 16 -34.857 36.449 -10 -34.751 36.607 10 -33.889 38.687 -10
5 24 -34.751 36.607 10 -33.889 38.687 -10 -34.857 36.449 -10 -33.852 38.874 10
3 16 -33.889 38.687 -10 -34.751 36.607 10 -33.852 38.874 10
5 24 -33.852 38.874 10 -33.889 38.687 -10 -34.751 36.607 10 -33.852 41.126 -10
3 16 -33.889 38.687 -10 -33.852 38.874 10 -33.852 41.126 -10
5 24 -33.852 38.874 10 -33.852 41.126 -10 -33.889 38.687 -10 -33.889 41.313 10
3 16 -33.852 41.126 -10 -33.852 38.874 10 -33.889 41.313 10
5 24 -33.889 41.313 10 -33.852 41.126 -10 -33.852 38.874 10 -34.751 43.393 -10
3 16 -33.852 41.126 -10 -33.889 41.313 10 -34.751 43.393 -10
5 24 -33.889 41.313 10 -34.751 43.393 -10 -33.852 41.126 -10 -34.857 43.551 10
3 16 -34.751 43.393 -10 -33.889 41.313 10 -34.857 43.551 10
4 16 70 50 -10 -50 50 -10 -50 50 10 70 50 10
2 24 -20 33.75 -10 -17.608 34.226 -10
2 24 -17.608 -34.226 -10 -15.581 -35.581 -10
0
