0 Bitbeam Servo Big Mount
0 Name: bb-srv_big-m.dat
0 Author: Tomas Feltl (e-Mole.cz)
0 !LDRAW_ORG Unofficial_Part
0 !LICENSE Redistributable under CCAL version 2.0 : see CAreadme.txt

0 ROTATION CENTER 0 0 0 1 "Custom" 
0 ROTATION CONFIG 0 0
0 BFC CERTIFY CCW

0 // Created with stl2dat conversion tool

3 16 -19.33 6.34 10 -0.67 6.34 10 -50.63 15.22 10
3 16 -50.63 15.22 10 -0.67 6.34 10 0.67 6.34 10
2 24 -0.67 6.34 10 0.67 6.34 10
4 16 -50.63 15.22 10 0.67 6.34 10 19.33 6.34 10 50.63 15.22 10
2 24 -50.63 15.22 10 50.63 15.22 10
3 16 50.63 15.22 10 19.33 6.34 10 20.67 6.34 10
2 24 19.33 6.34 10 20.67 6.34 10
3 16 -54.74 29.22 10 -54.43 28.27 10 -50.63 37.5 10
2 24 -54.43 28.27 10 -54.74 29.22 10
3 16 -50.63 37.5 10 -54.43 28.27 10 -54.33 27.29 10
2 24 -54.33 27.29 10 -54.43 28.27 10
4 16 -50.63 37.5 10 -54.33 27.29 10 -54.43 26.3 10 -50.63 15.22 10
2 24 -54.43 26.3 10 -54.33 27.29 10
2 24 -50.63 37.5 10 -50.63 15.22 10
3 16 -50.63 15.22 10 -54.43 26.3 10 -54.74 25.36 10
2 24 -54.74 25.36 10 -54.43 26.3 10
3 16 -61.45 31.4 10 -60.54 31.8 10 -70 37.5 10
2 24 -60.54 31.8 10 -61.45 31.4 10
3 16 -70 37.5 10 -60.54 31.8 10 -59.57 32.01 10
2 24 -59.57 32.01 10 -60.54 31.8 10
4 16 -70 37.5 10 -59.57 32.01 10 -58.58 32.01 10 -50.63 37.5 10
2 24 -58.58 32.01 10 -59.57 32.01 10
2 24 -70 37.5 10 -50.63 37.5 10
3 16 -50.63 37.5 10 -58.58 32.01 10 -57.61 31.8 10
2 24 -57.61 31.8 10 -58.58 32.01 10
3 16 -66.24 -1.33 10 -66.38 0 10 -70 -10 10
2 24 -66.38 0 10 -66.24 -1.33 10
4 16 -70 -10 10 -66.38 0 10 -66.24 1.33 10 -70 37.5 10
2 24 -66.24 1.33 10 -66.38 0 10
2 24 -70 -10 10 -70 37.5 10
3 16 -70 37.5 10 -66.24 1.33 10 -65.82 2.59 10
2 24 -65.82 2.59 10 -66.24 1.33 10
4 16 -70 37.5 10 -65.82 2.59 10 -63.72 26.3 10 -63.83 27.29 10
2 24 -63.83 27.29 10 -63.72 26.3 10
3 16 -63.72 26.3 10 -65.82 2.59 10 -63.41 25.36 10
2 24 -63.72 26.3 10 -63.41 25.36 10
4 16 13.76 -1.33 10 6.24 -1.33 10 5.82 -2.59 10 14.18 -2.59 10
2 24 6.24 -1.33 10 5.82 -2.59 10
2 24 14.18 -2.59 10 13.76 -1.33 10
4 16 14.18 -2.59 10 5.82 -2.59 10 5.16 -3.75 10 14.84 -3.75 10
2 24 5.82 -2.59 10 5.16 -3.75 10
2 24 14.84 -3.75 10 14.18 -2.59 10
4 16 14.84 -3.75 10 5.16 -3.75 10 4.27 -4.74 10 15.73 -4.74 10
2 24 5.16 -3.75 10 4.27 -4.74 10
2 24 15.73 -4.74 10 14.84 -3.75 10
4 16 15.73 -4.74 10 4.27 -4.74 10 3.19 -5.52 10 16.81 -5.52 10
2 24 4.27 -4.74 10 3.19 -5.52 10
2 24 16.81 -5.52 10 15.73 -4.74 10
4 16 16.81 -5.52 10 3.19 -5.52 10 1.97 -6.06 10 18.03 -6.06 10
2 24 3.19 -5.52 10 1.97 -6.06 10
2 24 18.03 -6.06 10 16.81 -5.52 10
4 16 18.03 -6.06 10 1.97 -6.06 10 0.67 -6.34 10 19.33 -6.34 10
2 24 1.97 -6.06 10 0.67 -6.34 10
2 24 19.33 -6.34 10 18.03 -6.06 10
3 16 19.33 -6.34 10 0.67 -6.34 10 70 -10 10
3 16 70 -10 10 0.67 -6.34 10 -0.67 -6.34 10
2 24 0.67 -6.34 10 -0.67 -6.34 10
3 16 70 -10 10 -0.67 -6.34 10 -70 -10 10
2 24 70 -10 10 -70 -10 10
3 16 -70 -10 10 -0.67 -6.34 10 -19.33 -6.34 10
3 16 -70 -10 10 -19.33 -6.34 10 -20.67 -6.34 10
2 24 -19.33 -6.34 10 -20.67 -6.34 10
4 16 63.72 26.3 10 63.41 25.36 10 65.82 2.59 10 70 37.5 10
2 24 63.72 26.3 10 63.41 25.36 10
3 16 70 37.5 10 65.82 2.59 10 66.24 1.33 10
2 24 65.82 2.59 10 66.24 1.33 10
4 16 70 37.5 10 66.24 1.33 10 66.37 0 10 70 -10 10
2 24 66.24 1.33 10 66.37 0 10
2 24 70 37.5 10 70 -10 10
3 16 70 -10 10 66.37 0 10 66.24 -1.33 10
2 24 66.37 0 10 66.24 -1.33 10
3 16 57.61 31.8 10 58.58 32.01 10 50.63 37.5 10
2 24 57.61 31.8 10 58.58 32.01 10
3 16 50.63 37.5 10 58.58 32.01 10 59.57 32.01 10
2 24 58.58 32.01 10 59.57 32.01 10
4 16 50.63 37.5 10 59.57 32.01 10 60.54 31.8 10 70 37.5 10
2 24 59.57 32.01 10 60.54 31.8 10
2 24 50.63 37.5 10 70 37.5 10
3 16 70 37.5 10 60.54 31.8 10 61.45 31.4 10
2 24 60.54 31.8 10 61.45 31.4 10
3 16 54.74 25.36 10 54.43 26.3 10 50.63 15.22 10
2 24 54.74 25.36 10 54.43 26.3 10
3 16 50.63 15.22 10 54.43 26.3 10 54.32 27.29 10
2 24 54.43 26.3 10 54.32 27.29 10
4 16 50.63 15.22 10 54.32 27.29 10 54.43 28.27 10 50.63 37.5 10
2 24 54.32 27.29 10 54.43 28.27 10
2 24 50.63 15.22 10 50.63 37.5 10
3 16 50.63 37.5 10 54.43 28.27 10 54.74 29.22 10
2 24 54.43 28.27 10 54.74 29.22 10
4 16 5.82 2.59 10 14.18 2.59 10 14.84 3.75 10 5.16 3.75 10
2 24 14.18 2.59 10 14.84 3.75 10
2 24 5.16 3.75 10 5.82 2.59 10
4 16 5.16 3.75 10 14.84 3.75 10 15.73 4.74 10 4.27 4.74 10
2 24 14.84 3.75 10 15.73 4.74 10
2 24 4.27 4.74 10 5.16 3.75 10
4 16 4.27 4.74 10 15.73 4.74 10 16.81 5.52 10 3.19 5.52 10
2 24 15.73 4.74 10 16.81 5.52 10
2 24 3.19 5.52 10 4.27 4.74 10
4 16 3.19 5.52 10 16.81 5.52 10 18.03 6.06 10 1.97 6.06 10
2 24 16.81 5.52 10 18.03 6.06 10
2 24 1.97 6.06 10 3.19 5.52 10
4 16 1.97 6.06 10 18.03 6.06 10 19.33 6.34 10 0.67 6.34 10
2 24 18.03 6.06 10 19.33 6.34 10
2 24 0.67 6.34 10 1.97 6.06 10
4 16 5.82 2.59 10 6.24 1.33 10 13.76 1.33 10 14.18 2.59 10
2 24 5.82 2.59 10 6.24 1.33 10
2 24 13.76 1.33 10 14.18 2.59 10
4 16 13.76 1.33 10 6.24 1.33 10 6.37 0 10 13.62 0 10
2 24 6.24 1.33 10 6.37 0 10
2 24 13.62 0 10 13.76 1.33 10
4 16 13.62 0 10 6.37 0 10 6.24 -1.33 10 13.76 -1.33 10
2 24 6.37 0 10 6.24 -1.33 10
2 24 13.76 -1.33 10 13.62 0 10
4 16 -19.33 -6.34 10 -0.67 -6.34 10 -1.97 -6.06 10 -18.03 -6.06 10
2 24 -0.67 -6.34 10 -1.97 -6.06 10
2 24 -18.03 -6.06 10 -19.33 -6.34 10
4 16 -18.03 -6.06 10 -1.97 -6.06 10 -3.19 -5.52 10 -16.81 -5.52 10
2 24 -1.97 -6.06 10 -3.19 -5.52 10
2 24 -16.81 -5.52 10 -18.03 -6.06 10
4 16 -16.81 -5.52 10 -3.19 -5.52 10 -4.27 -4.74 10 -15.73 -4.74 10
2 24 -3.19 -5.52 10 -4.27 -4.74 10
2 24 -15.73 -4.74 10 -16.81 -5.52 10
4 16 -15.73 -4.74 10 -4.27 -4.74 10 -5.16 -3.75 10 -14.84 -3.75 10
2 24 -4.27 -4.74 10 -5.16 -3.75 10
2 24 -14.84 -3.75 10 -15.73 -4.74 10
4 16 -14.84 -3.75 10 -5.16 -3.75 10 -5.82 -2.59 10 -14.18 -2.59 10
2 24 -5.16 -3.75 10 -5.82 -2.59 10
2 24 -14.18 -2.59 10 -14.84 -3.75 10
4 16 -14.18 -2.59 10 -5.82 -2.59 10 -6.24 -1.33 10 -13.76 -1.33 10
2 24 -5.82 -2.59 10 -6.24 -1.33 10
2 24 -13.76 -1.33 10 -14.18 -2.59 10
4 16 -6.37 0 10 -13.63 0 10 -13.76 -1.33 10 -6.24 -1.33 10
2 24 -13.63 0 10 -13.76 -1.33 10
2 24 -6.24 -1.33 10 -6.37 0 10
4 16 -6.37 0 10 -6.24 1.33 10 -13.76 1.33 10 -13.63 0 10
2 24 -6.37 0 10 -6.24 1.33 10
2 24 -13.76 1.33 10 -13.63 0 10
4 16 -13.76 1.33 10 -6.24 1.33 10 -5.82 2.59 10 -14.18 2.59 10
2 24 -6.24 1.33 10 -5.82 2.59 10
2 24 -14.18 2.59 10 -13.76 1.33 10
4 16 -14.18 2.59 10 -5.82 2.59 10 -5.16 3.75 10 -14.84 3.75 10
2 24 -5.82 2.59 10 -5.16 3.75 10
2 24 -14.84 3.75 10 -14.18 2.59 10
4 16 -14.84 3.75 10 -5.16 3.75 10 -4.27 4.74 10 -15.73 4.74 10
2 24 -5.16 3.75 10 -4.27 4.74 10
2 24 -15.73 4.74 10 -14.84 3.75 10
4 16 -15.73 4.74 10 -4.27 4.74 10 -3.19 5.52 10 -16.81 5.52 10
2 24 -4.27 4.74 10 -3.19 5.52 10
2 24 -16.81 5.52 10 -15.73 4.74 10
4 16 -16.81 5.52 10 -3.19 5.52 10 -1.97 6.06 10 -18.03 6.06 10
2 24 -3.19 5.52 10 -1.97 6.06 10
2 24 -18.03 6.06 10 -16.81 5.52 10
4 16 -18.03 6.06 10 -1.97 6.06 10 -0.67 6.34 10 -19.33 6.34 10
2 24 -1.97 6.06 10 -0.67 6.34 10
2 24 -19.33 6.34 10 -18.03 6.06 10
3 16 19.33 -6.34 10 70 -10 10 20.67 -6.34 10
2 24 20.67 -6.34 10 19.33 -6.34 10
3 16 20.67 -6.34 10 70 -10 10 39.33 -6.34 10
4 16 20.67 -6.34 10 39.33 -6.34 10 38.03 -6.06 10 21.97 -6.06 10
2 24 39.33 -6.34 10 38.03 -6.06 10
2 24 21.97 -6.06 10 20.67 -6.34 10
4 16 21.97 -6.06 10 38.03 -6.06 10 36.81 -5.52 10 23.19 -5.52 10
2 24 38.03 -6.06 10 36.81 -5.52 10
2 24 23.19 -5.52 10 21.97 -6.06 10
4 16 23.19 -5.52 10 36.81 -5.52 10 35.73 -4.74 10 24.27 -4.74 10
2 24 36.81 -5.52 10 35.73 -4.74 10
2 24 24.27 -4.74 10 23.19 -5.52 10
4 16 24.27 -4.74 10 35.73 -4.74 10 34.84 -3.75 10 25.16 -3.75 10
2 24 35.73 -4.74 10 34.84 -3.75 10
2 24 25.16 -3.75 10 24.27 -4.74 10
4 16 25.16 -3.75 10 34.84 -3.75 10 34.18 -2.59 10 25.82 -2.59 10
2 24 34.84 -3.75 10 34.18 -2.59 10
2 24 25.82 -2.59 10 25.16 -3.75 10
4 16 25.82 -2.59 10 34.18 -2.59 10 33.76 -1.33 10 26.24 -1.33 10
2 24 34.18 -2.59 10 33.76 -1.33 10
2 24 26.24 -1.33 10 25.82 -2.59 10
4 16 26.24 -1.33 10 33.76 -1.33 10 33.63 0 10 26.38 0 10
2 24 33.76 -1.33 10 33.63 0 10
2 24 26.38 0 10 26.24 -1.33 10
4 16 26.38 0 10 33.63 0 10 33.76 1.33 10 26.24 1.33 10
2 24 33.63 0 10 33.76 1.33 10
2 24 26.24 1.33 10 26.38 0 10
4 16 26.24 1.33 10 33.76 1.33 10 34.18 2.59 10 25.82 2.59 10
2 24 33.76 1.33 10 34.18 2.59 10
2 24 25.82 2.59 10 26.24 1.33 10
4 16 25.82 2.59 10 34.18 2.59 10 34.84 3.75 10 25.16 3.75 10
2 24 34.18 2.59 10 34.84 3.75 10
2 24 25.16 3.75 10 25.82 2.59 10
4 16 25.16 3.75 10 34.84 3.75 10 35.73 4.74 10 24.27 4.74 10
2 24 34.84 3.75 10 35.73 4.74 10
2 24 24.27 4.74 10 25.16 3.75 10
4 16 24.27 4.74 10 35.73 4.74 10 36.81 5.52 10 23.19 5.52 10
2 24 35.73 4.74 10 36.81 5.52 10
2 24 23.19 5.52 10 24.27 4.74 10
4 16 23.19 5.52 10 36.81 5.52 10 38.03 6.06 10 21.97 6.06 10
2 24 36.81 5.52 10 38.03 6.06 10
2 24 21.97 6.06 10 23.19 5.52 10
4 16 21.97 6.06 10 38.03 6.06 10 50.63 15.22 10 20.67 6.34 10
2 24 20.67 6.34 10 21.97 6.06 10
3 16 50.63 15.22 10 38.03 6.06 10 39.33 6.34 10
2 24 38.03 6.06 10 39.33 6.34 10
3 16 50.63 15.22 10 39.33 6.34 10 40.67 6.34 10
2 24 39.33 6.34 10 40.67 6.34 10
3 16 54.74 29.22 10 55.23 30.08 10 50.63 37.5 10
2 24 54.74 29.22 10 55.23 30.08 10
3 16 50.63 37.5 10 55.23 30.08 10 55.9 30.82 10
2 24 55.23 30.08 10 55.9 30.82 10
3 16 50.63 37.5 10 55.9 30.82 10 56.7 31.4 10
2 24 55.9 30.82 10 56.7 31.4 10
3 16 56.7 31.4 10 57.61 31.8 10 50.63 37.5 10
2 24 56.7 31.4 10 57.61 31.8 10
3 16 61.45 31.4 10 62.25 30.82 10 70 37.5 10
2 24 61.45 31.4 10 62.25 30.82 10
3 16 70 37.5 10 62.25 30.82 10 62.92 30.08 10
2 24 62.25 30.82 10 62.92 30.08 10
3 16 70 37.5 10 62.92 30.08 10 63.41 29.22 10
2 24 62.92 30.08 10 63.41 29.22 10
3 16 63.41 29.22 10 63.72 28.27 10 70 37.5 10
2 24 63.41 29.22 10 63.72 28.27 10
3 16 70 37.5 10 63.72 28.27 10 63.83 27.29 10
2 24 63.72 28.27 10 63.83 27.29 10
3 16 70 37.5 10 63.83 27.29 10 63.72 26.3 10
2 24 63.83 27.29 10 63.72 26.3 10
4 16 65.82 2.59 10 63.41 25.36 10 62.92 24.5 10 65.16 3.75 10
2 24 63.41 25.36 10 62.92 24.5 10
2 24 65.16 3.75 10 65.82 2.59 10
4 16 65.16 3.75 10 62.92 24.5 10 62.25 23.76 10 64.27 4.74 10
2 24 62.92 24.5 10 62.25 23.76 10
2 24 64.27 4.74 10 65.16 3.75 10
4 16 64.27 4.74 10 62.25 23.76 10 61.45 23.17 10 63.19 5.52 10
2 24 62.25 23.76 10 61.45 23.17 10
2 24 63.19 5.52 10 64.27 4.74 10
4 16 63.19 5.52 10 61.45 23.17 10 60.54 22.77 10 61.97 6.06 10
2 24 61.45 23.17 10 60.54 22.77 10
2 24 61.97 6.06 10 63.19 5.52 10
4 16 61.97 6.06 10 60.54 22.77 10 59.57 22.56 10 60.67 6.34 10
2 24 60.54 22.77 10 59.57 22.56 10
2 24 60.67 6.34 10 61.97 6.06 10
4 16 60.67 6.34 10 59.57 22.56 10 58.58 22.56 10 59.33 6.34 10
2 24 59.57 22.56 10 58.58 22.56 10
2 24 59.33 6.34 10 60.67 6.34 10
4 16 59.33 6.34 10 58.58 22.56 10 57.61 22.77 10 50.63 15.22 10
2 24 58.58 22.56 10 57.61 22.77 10
3 16 59.33 6.34 10 50.63 15.22 10 58.03 6.06 10
2 24 58.03 6.06 10 59.33 6.34 10
3 16 58.03 6.06 10 50.63 15.22 10 56.81 5.52 10
2 24 56.81 5.52 10 58.03 6.06 10
3 16 50.63 15.22 10 57.61 22.77 10 56.7 23.17 10
2 24 57.61 22.77 10 56.7 23.17 10
3 16 50.63 15.22 10 56.7 23.17 10 55.9 23.76 10
2 24 56.7 23.17 10 55.9 23.76 10
3 16 55.9 23.76 10 55.23 24.5 10 50.63 15.22 10
2 24 55.9 23.76 10 55.23 24.5 10
3 16 50.63 15.22 10 55.23 24.5 10 54.74 25.36 10
2 24 55.23 24.5 10 54.74 25.36 10
3 16 66.24 -1.33 10 65.82 -2.59 10 70 -10 10
2 24 66.24 -1.33 10 65.82 -2.59 10
3 16 70 -10 10 65.82 -2.59 10 65.16 -3.75 10
2 24 65.82 -2.59 10 65.16 -3.75 10
3 16 70 -10 10 65.16 -3.75 10 64.27 -4.74 10
2 24 65.16 -3.75 10 64.27 -4.74 10
3 16 64.27 -4.74 10 63.19 -5.52 10 70 -10 10
2 24 64.27 -4.74 10 63.19 -5.52 10
3 16 70 -10 10 63.19 -5.52 10 61.97 -6.06 10
2 24 63.19 -5.52 10 61.97 -6.06 10
3 16 70 -10 10 61.97 -6.06 10 60.67 -6.34 10
2 24 61.97 -6.06 10 60.67 -6.34 10
3 16 60.67 -6.34 10 59.33 -6.34 10 70 -10 10
2 24 60.67 -6.34 10 59.33 -6.34 10
3 16 70 -10 10 59.33 -6.34 10 40.67 -6.34 10
3 16 70 -10 10 40.67 -6.34 10 39.33 -6.34 10
2 24 40.67 -6.34 10 39.33 -6.34 10
4 16 40.67 -6.34 10 59.33 -6.34 10 58.03 -6.06 10 41.97 -6.06 10
2 24 59.33 -6.34 10 58.03 -6.06 10
2 24 41.97 -6.06 10 40.67 -6.34 10
4 16 41.97 -6.06 10 58.03 -6.06 10 56.81 -5.52 10 43.19 -5.52 10
2 24 58.03 -6.06 10 56.81 -5.52 10
2 24 43.19 -5.52 10 41.97 -6.06 10
4 16 43.19 -5.52 10 56.81 -5.52 10 55.73 -4.74 10 44.27 -4.74 10
2 24 56.81 -5.52 10 55.73 -4.74 10
2 24 44.27 -4.74 10 43.19 -5.52 10
4 16 53.76 -1.33 10 46.24 -1.33 10 45.82 -2.59 10 54.18 -2.59 10
2 24 46.24 -1.33 10 45.82 -2.59 10
2 24 54.18 -2.59 10 53.76 -1.33 10
4 16 54.18 -2.59 10 45.82 -2.59 10 45.16 -3.75 10 54.84 -3.75 10
2 24 45.82 -2.59 10 45.16 -3.75 10
2 24 54.84 -3.75 10 54.18 -2.59 10
4 16 54.84 -3.75 10 45.16 -3.75 10 44.27 -4.74 10 55.73 -4.74 10
2 24 45.16 -3.75 10 44.27 -4.74 10
2 24 55.73 -4.74 10 54.84 -3.75 10
4 16 53.76 -1.33 10 53.62 0 10 46.37 0 10 46.24 -1.33 10
2 24 53.76 -1.33 10 53.62 0 10
2 24 46.37 0 10 46.24 -1.33 10
4 16 46.37 0 10 53.62 0 10 53.76 1.33 10 46.24 1.33 10
2 24 53.62 0 10 53.76 1.33 10
2 24 46.24 1.33 10 46.37 0 10
4 16 46.24 1.33 10 53.76 1.33 10 54.18 2.59 10 45.82 2.59 10
2 24 53.76 1.33 10 54.18 2.59 10
2 24 45.82 2.59 10 46.24 1.33 10
3 16 55.73 4.74 10 50.63 15.22 10 54.84 3.75 10
2 24 54.84 3.75 10 55.73 4.74 10
4 16 54.84 3.75 10 50.63 15.22 10 44.27 4.74 10 45.16 3.75 10
2 24 44.27 4.74 10 45.16 3.75 10
4 16 54.84 3.75 10 45.16 3.75 10 45.82 2.59 10 54.18 2.59 10
2 24 45.16 3.75 10 45.82 2.59 10
2 24 54.18 2.59 10 54.84 3.75 10
3 16 55.73 4.74 10 56.81 5.52 10 50.63 15.22 10
2 24 55.73 4.74 10 56.81 5.52 10
3 16 40.67 6.34 10 41.97 6.06 10 50.63 15.22 10
2 24 40.67 6.34 10 41.97 6.06 10
3 16 50.63 15.22 10 41.97 6.06 10 43.19 5.52 10
2 24 41.97 6.06 10 43.19 5.52 10
3 16 50.63 15.22 10 43.19 5.52 10 44.27 4.74 10
2 24 43.19 5.52 10 44.27 4.74 10
4 16 -25.16 -3.75 10 -34.84 -3.75 10 -35.73 -4.74 10 -24.27 -4.74 10
2 24 -35.73 -4.74 10 -34.84 -3.75 10
2 24 -24.27 -4.74 10 -25.16 -3.75 10
4 16 -24.27 -4.74 10 -35.73 -4.74 10 -36.81 -5.52 10 -23.19 -5.52 10
2 24 -36.81 -5.52 10 -35.73 -4.74 10
2 24 -23.19 -5.52 10 -24.27 -4.74 10
4 16 -23.19 -5.52 10 -36.81 -5.52 10 -38.03 -6.06 10 -21.97 -6.06 10
2 24 -38.03 -6.06 10 -36.81 -5.52 10
2 24 -21.97 -6.06 10 -23.19 -5.52 10
4 16 -21.97 -6.06 10 -38.03 -6.06 10 -39.33 -6.34 10 -20.67 -6.34 10
2 24 -38.03 -6.06 10 -39.33 -6.34 10
2 24 -20.67 -6.34 10 -21.97 -6.06 10
3 16 -20.67 -6.34 10 -39.33 -6.34 10 -70 -10 10
3 16 -70 -10 10 -39.33 -6.34 10 -40.67 -6.34 10
2 24 -39.33 -6.34 10 -40.67 -6.34 10
3 16 -70 -10 10 -40.67 -6.34 10 -59.33 -6.34 10
4 16 -59.33 -6.34 10 -40.67 -6.34 10 -41.97 -6.06 10 -58.03 -6.06 10
2 24 -40.67 -6.34 10 -41.97 -6.06 10
2 24 -59.33 -6.34 10 -58.03 -6.06 10
4 16 -58.03 -6.06 10 -41.97 -6.06 10 -43.19 -5.52 10 -56.81 -5.52 10
2 24 -41.97 -6.06 10 -43.19 -5.52 10
2 24 -58.03 -6.06 10 -56.81 -5.52 10
4 16 -25.16 -3.75 10 -25.82 -2.59 10 -34.18 -2.59 10 -34.84 -3.75 10
2 24 -25.16 -3.75 10 -25.82 -2.59 10
2 24 -34.84 -3.75 10 -34.18 -2.59 10
4 16 -34.18 -2.59 10 -25.82 -2.59 10 -26.24 -1.33 10 -33.76 -1.33 10
2 24 -25.82 -2.59 10 -26.24 -1.33 10
2 24 -34.18 -2.59 10 -33.76 -1.33 10
4 16 -33.76 -1.33 10 -26.24 -1.33 10 -26.38 0 10 -33.62 0 10
2 24 -26.24 -1.33 10 -26.38 0 10
2 24 -33.76 -1.33 10 -33.62 0 10
4 16 -33.62 0 10 -26.38 0 10 -26.24 1.33 10 -33.76 1.33 10
2 24 -26.38 0 10 -26.24 1.33 10
2 24 -33.62 0 10 -33.76 1.33 10
4 16 -33.76 1.33 10 -26.24 1.33 10 -25.82 2.59 10 -34.18 2.59 10
2 24 -26.24 1.33 10 -25.82 2.59 10
2 24 -33.76 1.33 10 -34.18 2.59 10
4 16 -25.16 3.75 10 -34.84 3.75 10 -34.18 2.59 10 -25.82 2.59 10
2 24 -34.18 2.59 10 -34.84 3.75 10
2 24 -25.82 2.59 10 -25.16 3.75 10
4 16 -25.16 3.75 10 -24.27 4.74 10 -35.73 4.74 10 -34.84 3.75 10
2 24 -25.16 3.75 10 -24.27 4.74 10
2 24 -34.84 3.75 10 -35.73 4.74 10
4 16 -35.73 4.74 10 -24.27 4.74 10 -23.19 5.52 10 -36.81 5.52 10
2 24 -24.27 4.74 10 -23.19 5.52 10
2 24 -35.73 4.74 10 -36.81 5.52 10
4 16 -36.81 5.52 10 -23.19 5.52 10 -21.97 6.06 10 -38.03 6.06 10
2 24 -23.19 5.52 10 -21.97 6.06 10
2 24 -36.81 5.52 10 -38.03 6.06 10
4 16 -38.03 6.06 10 -21.97 6.06 10 -50.63 15.22 10 -39.33 6.34 10
2 24 -38.03 6.06 10 -39.33 6.34 10
3 16 -50.63 15.22 10 -21.97 6.06 10 -20.67 6.34 10
2 24 -21.97 6.06 10 -20.67 6.34 10
3 16 -50.63 15.22 10 -20.67 6.34 10 -19.33 6.34 10
2 24 -20.67 6.34 10 -19.33 6.34 10
3 16 -44.27 4.74 10 -50.63 15.22 10 -45.16 3.75 10
2 24 -44.27 4.74 10 -45.16 3.75 10
4 16 -45.16 3.75 10 -50.63 15.22 10 -55.73 4.74 10 -54.84 3.75 10
2 24 -54.84 3.75 10 -55.73 4.74 10
4 16 -45.16 3.75 10 -54.84 3.75 10 -54.18 2.59 10 -45.82 2.59 10
2 24 -54.18 2.59 10 -54.84 3.75 10
2 24 -45.16 3.75 10 -45.82 2.59 10
4 16 -45.82 2.59 10 -54.18 2.59 10 -53.76 1.33 10 -46.24 1.33 10
2 24 -53.76 1.33 10 -54.18 2.59 10
2 24 -45.82 2.59 10 -46.24 1.33 10
4 16 -46.24 1.33 10 -53.76 1.33 10 -53.62 0 10 -46.38 0 10
2 24 -53.62 0 10 -53.76 1.33 10
2 24 -46.24 1.33 10 -46.38 0 10
4 16 -46.38 0 10 -53.62 0 10 -53.76 -1.33 10 -46.24 -1.33 10
2 24 -53.76 -1.33 10 -53.62 0 10
2 24 -46.38 0 10 -46.24 -1.33 10
4 16 -46.24 -1.33 10 -53.76 -1.33 10 -54.18 -2.59 10 -45.82 -2.59 10
2 24 -54.18 -2.59 10 -53.76 -1.33 10
2 24 -45.82 -2.59 10 -46.24 -1.33 10
4 16 -45.82 -2.59 10 -54.18 -2.59 10 -54.84 -3.75 10 -45.16 -3.75 10
2 24 -54.84 -3.75 10 -54.18 -2.59 10
2 24 -45.16 -3.75 10 -45.82 -2.59 10
4 16 -45.16 -3.75 10 -54.84 -3.75 10 -55.73 -4.74 10 -44.27 -4.74 10
2 24 -55.73 -4.74 10 -54.84 -3.75 10
2 24 -44.27 -4.74 10 -45.16 -3.75 10
4 16 -44.27 -4.74 10 -55.73 -4.74 10 -56.81 -5.52 10 -43.19 -5.52 10
2 24 -56.81 -5.52 10 -55.73 -4.74 10
2 24 -43.19 -5.52 10 -44.27 -4.74 10
3 16 -44.27 4.74 10 -43.19 5.52 10 -50.63 15.22 10
2 24 -43.19 5.52 10 -44.27 4.74 10
3 16 -50.63 15.22 10 -43.19 5.52 10 -41.97 6.06 10
2 24 -41.97 6.06 10 -43.19 5.52 10
3 16 -50.63 15.22 10 -41.97 6.06 10 -40.67 6.34 10
2 24 -40.67 6.34 10 -41.97 6.06 10
3 16 -40.67 6.34 10 -39.33 6.34 10 -50.63 15.22 10
2 24 -39.33 6.34 10 -40.67 6.34 10
3 16 -54.74 25.36 10 -55.23 24.5 10 -50.63 15.22 10
2 24 -55.23 24.5 10 -54.74 25.36 10
3 16 -50.63 15.22 10 -55.23 24.5 10 -55.9 23.76 10
2 24 -55.9 23.76 10 -55.23 24.5 10
3 16 -50.63 15.22 10 -55.9 23.76 10 -56.7 23.17 10
2 24 -56.7 23.17 10 -55.9 23.76 10
3 16 -56.7 23.17 10 -57.61 22.77 10 -50.63 15.22 10
2 24 -57.61 22.77 10 -56.7 23.17 10
3 16 -50.63 15.22 10 -57.61 22.77 10 -58.58 22.56 10
2 24 -58.58 22.56 10 -57.61 22.77 10
4 16 -50.63 15.22 10 -58.58 22.56 10 -59.33 6.34 10 -58.03 6.06 10
2 24 -58.03 6.06 10 -59.33 6.34 10
4 16 -59.33 6.34 10 -58.58 22.56 10 -59.57 22.56 10 -60.67 6.34 10
2 24 -59.57 22.56 10 -58.58 22.56 10
2 24 -59.33 6.34 10 -60.67 6.34 10
4 16 -60.67 6.34 10 -59.57 22.56 10 -60.54 22.77 10 -61.97 6.06 10
2 24 -60.54 22.77 10 -59.57 22.56 10
2 24 -60.67 6.34 10 -61.97 6.06 10
4 16 -61.97 6.06 10 -60.54 22.77 10 -61.45 23.17 10 -63.19 5.52 10
2 24 -61.45 23.17 10 -60.54 22.77 10
2 24 -61.97 6.06 10 -63.19 5.52 10
4 16 -63.19 5.52 10 -61.45 23.17 10 -62.25 23.76 10 -64.27 4.74 10
2 24 -62.25 23.76 10 -61.45 23.17 10
2 24 -63.19 5.52 10 -64.27 4.74 10
4 16 -64.27 4.74 10 -62.25 23.76 10 -62.92 24.5 10 -65.16 3.75 10
2 24 -62.92 24.5 10 -62.25 23.76 10
2 24 -64.27 4.74 10 -65.16 3.75 10
4 16 -65.16 3.75 10 -62.92 24.5 10 -63.41 25.36 10 -65.82 2.59 10
2 24 -63.41 25.36 10 -62.92 24.5 10
2 24 -65.16 3.75 10 -65.82 2.59 10
3 16 -70 37.5 10 -63.83 27.29 10 -63.72 28.27 10
2 24 -63.72 28.27 10 -63.83 27.29 10
3 16 -70 37.5 10 -63.72 28.27 10 -63.41 29.22 10
2 24 -63.41 29.22 10 -63.72 28.27 10
3 16 -63.41 29.22 10 -62.92 30.08 10 -70 37.5 10
2 24 -62.92 30.08 10 -63.41 29.22 10
3 16 -70 37.5 10 -62.92 30.08 10 -62.25 30.82 10
2 24 -62.25 30.82 10 -62.92 30.08 10
3 16 -70 37.5 10 -62.25 30.82 10 -61.45 31.4 10
2 24 -61.45 31.4 10 -62.25 30.82 10
3 16 -57.61 31.8 10 -56.7 31.4 10 -50.63 37.5 10
2 24 -56.7 31.4 10 -57.61 31.8 10
3 16 -50.63 37.5 10 -56.7 31.4 10 -55.9 30.82 10
2 24 -55.9 30.82 10 -56.7 31.4 10
3 16 -50.63 37.5 10 -55.9 30.82 10 -55.23 30.08 10
2 24 -55.23 30.08 10 -55.9 30.82 10
3 16 -55.23 30.08 10 -54.74 29.22 10 -50.63 37.5 10
2 24 -54.74 29.22 10 -55.23 30.08 10
3 16 -58.03 6.06 10 -56.81 5.52 10 -50.63 15.22 10
2 24 -56.81 5.52 10 -58.03 6.06 10
3 16 -50.63 15.22 10 -56.81 5.52 10 -55.73 4.74 10
2 24 -55.73 4.74 10 -56.81 5.52 10
3 16 -59.33 -6.34 10 -60.67 -6.34 10 -70 -10 10
2 24 -60.67 -6.34 10 -59.33 -6.34 10
3 16 -70 -10 10 -60.67 -6.34 10 -61.97 -6.06 10
2 24 -61.97 -6.06 10 -60.67 -6.34 10
3 16 -70 -10 10 -61.97 -6.06 10 -63.19 -5.52 10
2 24 -63.19 -5.52 10 -61.97 -6.06 10
3 16 -63.19 -5.52 10 -64.27 -4.74 10 -70 -10 10
2 24 -64.27 -4.74 10 -63.19 -5.52 10
3 16 -70 -10 10 -64.27 -4.74 10 -65.16 -3.75 10
2 24 -65.16 -3.75 10 -64.27 -4.74 10
3 16 -70 -10 10 -65.16 -3.75 10 -65.82 -2.59 10
2 24 -65.82 -2.59 10 -65.16 -3.75 10
3 16 -65.82 -2.59 10 -66.24 -1.33 10 -70 -10 10
2 24 -66.24 -1.33 10 -65.82 -2.59 10

3 16 66.24 -1.33 -10 66.37 0 -10 70 -10 -10
2 24 66.24 -1.33 -10 66.37 0 -10
4 16 70 -10 -10 66.37 0 -10 66.24 1.33 -10 70 37.5 -10
2 24 66.37 0 -10 66.24 1.33 -10
2 24 70 -10 -10 70 37.5 -10
3 16 70 37.5 -10 66.24 1.33 -10 65.82 2.59 -10
2 24 66.24 1.33 -10 65.82 2.59 -10
4 16 70 37.5 -10 65.82 2.59 -10 63.72 26.3 -10 63.83 27.29 -10
2 24 63.72 26.3 -10 63.83 27.29 -10
3 16 63.72 26.3 -10 65.82 2.59 -10 63.41 25.36 -10
2 24 63.41 25.36 -10 63.72 26.3 -10
3 16 -19.33 -6.34 -10 -0.67 -6.34 -10 -70 -10 -10
3 16 -70 -10 -10 -0.67 -6.34 -10 0.67 -6.34 -10
2 24 -0.67 -6.34 -10 0.67 -6.34 -10
3 16 -70 -10 -10 0.67 -6.34 -10 70 -10 -10
2 24 -70 -10 -10 70 -10 -10
3 16 70 -10 -10 0.67 -6.34 -10 19.33 -6.34 -10
3 16 70 -10 -10 19.33 -6.34 -10 20.67 -6.34 -10
2 24 19.33 -6.34 -10 20.67 -6.34 -10
4 16 -63.72 26.3 -10 -63.41 25.36 -10 -65.82 2.59 -10 -70 37.5 -10
2 24 -63.72 26.3 -10 -63.41 25.36 -10
3 16 -70 37.5 -10 -65.82 2.59 -10 -66.24 1.33 -10
2 24 -66.24 1.33 -10 -65.82 2.59 -10
4 16 -70 37.5 -10 -66.24 1.33 -10 -66.38 0 -10 -70 -10 -10
2 24 -66.38 0 -10 -66.24 1.33 -10
2 24 -70 37.5 -10 -70 -10 -10
3 16 -70 -10 -10 -66.38 0 -10 -66.24 -1.33 -10
2 24 -66.24 -1.33 -10 -66.38 0 -10
3 16 -57.61 31.8 -10 -58.58 32.01 -10 -50.63 37.5 -10
2 24 -58.58 32.01 -10 -57.61 31.8 -10
3 16 -50.63 37.5 -10 -58.58 32.01 -10 -59.57 32.01 -10
2 24 -59.57 32.01 -10 -58.58 32.01 -10
4 16 -50.63 37.5 -10 -59.57 32.01 -10 -60.54 31.8 -10 -70 37.5 -10
2 24 -60.54 31.8 -10 -59.57 32.01 -10
2 24 -50.63 37.5 -10 -70 37.5 -10
3 16 -70 37.5 -10 -60.54 31.8 -10 -61.45 31.4 -10
2 24 -61.45 31.4 -10 -60.54 31.8 -10
3 16 -54.74 25.36 -10 -54.43 26.3 -10 -50.63 15.22 -10
2 24 -54.74 25.36 -10 -54.43 26.3 -10
3 16 -50.63 15.22 -10 -54.43 26.3 -10 -54.33 27.29 -10
2 24 -54.43 26.3 -10 -54.33 27.29 -10
4 16 -50.63 15.22 -10 -54.33 27.29 -10 -54.43 28.27 -10 -50.63 37.5 -10
2 24 -54.33 27.29 -10 -54.43 28.27 -10
2 24 -50.63 15.22 -10 -50.63 37.5 -10
3 16 -50.63 37.5 -10 -54.43 28.27 -10 -54.74 29.22 -10
2 24 -54.43 28.27 -10 -54.74 29.22 -10
3 16 13.76 1.33 -10 6.24 1.33 -10 14.18 2.59 -10
2 24 14.18 2.59 -10 13.76 1.33 -10
4 16 14.18 2.59 -10 6.24 1.33 -10 5.82 2.59 -10 14.84 3.75 -10
2 24 6.24 1.33 -10 5.82 2.59 -10
2 24 14.84 3.75 -10 14.18 2.59 -10
4 16 14.84 3.75 -10 5.82 2.59 -10 5.16 3.75 -10 15.73 4.74 -10
2 24 5.82 2.59 -10 5.16 3.75 -10
2 24 15.73 4.74 -10 14.84 3.75 -10
4 16 15.73 4.74 -10 5.16 3.75 -10 4.27 4.74 -10 16.81 5.52 -10
2 24 5.16 3.75 -10 4.27 4.74 -10
2 24 16.81 5.52 -10 15.73 4.74 -10
4 16 16.81 5.52 -10 4.27 4.74 -10 3.19 5.52 -10 18.03 6.06 -10
2 24 4.27 4.74 -10 3.19 5.52 -10
2 24 18.03 6.06 -10 16.81 5.52 -10
4 16 18.03 6.06 -10 3.19 5.52 -10 1.97 6.06 -10 19.33 6.34 -10
2 24 3.19 5.52 -10 1.97 6.06 -10
2 24 19.33 6.34 -10 18.03 6.06 -10
4 16 19.33 6.34 -10 1.97 6.06 -10 0.67 6.34 -10 50.63 15.22 -10
2 24 1.97 6.06 -10 0.67 6.34 -10
3 16 50.63 15.22 -10 0.67 6.34 -10 -0.67 6.34 -10
2 24 0.67 6.34 -10 -0.67 6.34 -10
4 16 50.63 15.22 -10 -0.67 6.34 -10 -19.33 6.34 -10 -50.63 15.22 -10
2 24 50.63 15.22 -10 -50.63 15.22 -10
3 16 -50.63 15.22 -10 -19.33 6.34 -10 -20.67 6.34 -10
2 24 -19.33 6.34 -10 -20.67 6.34 -10
3 16 54.74 29.22 -10 54.43 28.27 -10 50.63 37.5 -10
2 24 54.74 29.22 -10 54.43 28.27 -10
3 16 50.63 37.5 -10 54.43 28.27 -10 54.32 27.29 -10
2 24 54.43 28.27 -10 54.32 27.29 -10
4 16 50.63 37.5 -10 54.32 27.29 -10 54.43 26.3 -10 50.63 15.22 -10
2 24 54.32 27.29 -10 54.43 26.3 -10
2 24 50.63 37.5 -10 50.63 15.22 -10
3 16 50.63 15.22 -10 54.43 26.3 -10 54.74 25.36 -10
2 24 54.43 26.3 -10 54.74 25.36 -10
3 16 61.45 31.4 -10 60.54 31.8 -10 70 37.5 -10
2 24 61.45 31.4 -10 60.54 31.8 -10
3 16 70 37.5 -10 60.54 31.8 -10 59.57 32.01 -10
2 24 60.54 31.8 -10 59.57 32.01 -10
4 16 70 37.5 -10 59.57 32.01 -10 58.58 32.01 -10 50.63 37.5 -10
2 24 59.57 32.01 -10 58.58 32.01 -10
2 24 70 37.5 -10 50.63 37.5 -10
3 16 50.63 37.5 -10 58.58 32.01 -10 57.61 31.8 -10
2 24 58.58 32.01 -10 57.61 31.8 -10
4 16 13.76 1.33 -10 13.62 0 -10 6.37 0 -10 6.24 1.33 -10
2 24 13.76 1.33 -10 13.62 0 -10
2 24 6.37 0 -10 6.24 1.33 -10
4 16 6.37 0 -10 13.62 0 -10 13.76 -1.33 -10 6.24 -1.33 -10
2 24 13.62 0 -10 13.76 -1.33 -10
2 24 6.24 -1.33 -10 6.37 0 -10
4 16 6.24 -1.33 -10 13.76 -1.33 -10 14.18 -2.59 -10 5.82 -2.59 -10
2 24 13.76 -1.33 -10 14.18 -2.59 -10
2 24 5.82 -2.59 -10 6.24 -1.33 -10
4 16 19.33 -6.34 -10 0.67 -6.34 -10 1.97 -6.06 -10 18.03 -6.06 -10
2 24 0.67 -6.34 -10 1.97 -6.06 -10
2 24 18.03 -6.06 -10 19.33 -6.34 -10
4 16 18.03 -6.06 -10 1.97 -6.06 -10 3.19 -5.52 -10 16.81 -5.52 -10
2 24 1.97 -6.06 -10 3.19 -5.52 -10
2 24 16.81 -5.52 -10 18.03 -6.06 -10
4 16 16.81 -5.52 -10 3.19 -5.52 -10 4.27 -4.74 -10 15.73 -4.74 -10
2 24 3.19 -5.52 -10 4.27 -4.74 -10
2 24 15.73 -4.74 -10 16.81 -5.52 -10
4 16 15.73 -4.74 -10 4.27 -4.74 -10 5.16 -3.75 -10 14.84 -3.75 -10
2 24 4.27 -4.74 -10 5.16 -3.75 -10
2 24 14.84 -3.75 -10 15.73 -4.74 -10
4 16 14.84 -3.75 -10 5.16 -3.75 -10 5.82 -2.59 -10 14.18 -2.59 -10
2 24 5.16 -3.75 -10 5.82 -2.59 -10
2 24 14.18 -2.59 -10 14.84 -3.75 -10
3 16 70 -10 -10 20.67 -6.34 -10 39.33 -6.34 -10
4 16 39.33 -6.34 -10 20.67 -6.34 -10 21.97 -6.06 -10 38.03 -6.06 -10
2 24 20.67 -6.34 -10 21.97 -6.06 -10
2 24 38.03 -6.06 -10 39.33 -6.34 -10
4 16 38.03 -6.06 -10 21.97 -6.06 -10 23.19 -5.52 -10 36.81 -5.52 -10
2 24 21.97 -6.06 -10 23.19 -5.52 -10
2 24 36.81 -5.52 -10 38.03 -6.06 -10
4 16 36.81 -5.52 -10 23.19 -5.52 -10 24.27 -4.74 -10 35.73 -4.74 -10
2 24 23.19 -5.52 -10 24.27 -4.74 -10
2 24 35.73 -4.74 -10 36.81 -5.52 -10
4 16 35.73 -4.74 -10 24.27 -4.74 -10 25.16 -3.75 -10 34.84 -3.75 -10
2 24 24.27 -4.74 -10 25.16 -3.75 -10
2 24 34.84 -3.75 -10 35.73 -4.74 -10
4 16 34.84 -3.75 -10 25.16 -3.75 -10 25.82 -2.59 -10 34.18 -2.59 -10
2 24 25.16 -3.75 -10 25.82 -2.59 -10
2 24 34.18 -2.59 -10 34.84 -3.75 -10
4 16 34.18 -2.59 -10 25.82 -2.59 -10 26.24 -1.33 -10 33.76 -1.33 -10
2 24 25.82 -2.59 -10 26.24 -1.33 -10
2 24 33.76 -1.33 -10 34.18 -2.59 -10
4 16 33.76 -1.33 -10 26.24 -1.33 -10 26.38 0 -10 33.63 0 -10
2 24 26.24 -1.33 -10 26.38 0 -10
2 24 33.63 0 -10 33.76 -1.33 -10
4 16 33.63 0 -10 26.38 0 -10 26.24 1.33 -10 33.76 1.33 -10
2 24 26.38 0 -10 26.24 1.33 -10
2 24 33.76 1.33 -10 33.63 0 -10
4 16 33.76 1.33 -10 26.24 1.33 -10 25.82 2.59 -10 34.18 2.59 -10
2 24 26.24 1.33 -10 25.82 2.59 -10
2 24 34.18 2.59 -10 33.76 1.33 -10
4 16 34.18 2.59 -10 25.82 2.59 -10 25.16 3.75 -10 34.84 3.75 -10
2 24 25.82 2.59 -10 25.16 3.75 -10
2 24 34.84 3.75 -10 34.18 2.59 -10
4 16 34.84 3.75 -10 25.16 3.75 -10 24.27 4.74 -10 35.73 4.74 -10
2 24 25.16 3.75 -10 24.27 4.74 -10
2 24 35.73 4.74 -10 34.84 3.75 -10
4 16 35.73 4.74 -10 24.27 4.74 -10 23.19 5.52 -10 36.81 5.52 -10
2 24 24.27 4.74 -10 23.19 5.52 -10
2 24 36.81 5.52 -10 35.73 4.74 -10
4 16 36.81 5.52 -10 23.19 5.52 -10 21.97 6.06 -10 38.03 6.06 -10
2 24 23.19 5.52 -10 21.97 6.06 -10
2 24 38.03 6.06 -10 36.81 5.52 -10
4 16 38.03 6.06 -10 21.97 6.06 -10 20.67 6.34 -10 50.63 15.22 -10
2 24 21.97 6.06 -10 20.67 6.34 -10
3 16 38.03 6.06 -10 50.63 15.22 -10 39.33 6.34 -10
2 24 39.33 6.34 -10 38.03 6.06 -10
3 16 39.33 6.34 -10 50.63 15.22 -10 40.67 6.34 -10
2 24 40.67 6.34 -10 39.33 6.34 -10
3 16 50.63 15.22 -10 20.67 6.34 -10 19.33 6.34 -10
2 24 20.67 6.34 -10 19.33 6.34 -10
3 16 -54.74 29.22 -10 -55.23 30.08 -10 -50.63 37.5 -10
2 24 -55.23 30.08 -10 -54.74 29.22 -10
3 16 -50.63 37.5 -10 -55.23 30.08 -10 -55.9 30.82 -10
2 24 -55.9 30.82 -10 -55.23 30.08 -10
3 16 -50.63 37.5 -10 -55.9 30.82 -10 -56.7 31.4 -10
2 24 -56.7 31.4 -10 -55.9 30.82 -10
3 16 -56.7 31.4 -10 -57.61 31.8 -10 -50.63 37.5 -10
2 24 -57.61 31.8 -10 -56.7 31.4 -10
3 16 -61.45 31.4 -10 -62.25 30.82 -10 -70 37.5 -10
2 24 -62.25 30.82 -10 -61.45 31.4 -10
3 16 -70 37.5 -10 -62.25 30.82 -10 -62.92 30.08 -10
2 24 -62.92 30.08 -10 -62.25 30.82 -10
3 16 -70 37.5 -10 -62.92 30.08 -10 -63.41 29.22 -10
2 24 -63.41 29.22 -10 -62.92 30.08 -10
3 16 -63.41 29.22 -10 -63.72 28.27 -10 -70 37.5 -10
2 24 -63.72 28.27 -10 -63.41 29.22 -10
3 16 -70 37.5 -10 -63.72 28.27 -10 -63.83 27.29 -10
2 24 -63.83 27.29 -10 -63.72 28.27 -10
3 16 -70 37.5 -10 -63.83 27.29 -10 -63.72 26.3 -10
2 24 -63.72 26.3 -10 -63.83 27.29 -10
4 16 -65.82 2.59 -10 -63.41 25.36 -10 -62.92 24.5 -10 -65.16 3.75 -10
2 24 -63.41 25.36 -10 -62.92 24.5 -10
2 24 -65.82 2.59 -10 -65.16 3.75 -10
4 16 -65.16 3.75 -10 -62.92 24.5 -10 -62.25 23.76 -10 -64.27 4.74 -10
2 24 -62.92 24.5 -10 -62.25 23.76 -10
2 24 -65.16 3.75 -10 -64.27 4.74 -10
4 16 -64.27 4.74 -10 -62.25 23.76 -10 -61.45 23.17 -10 -63.19 5.52 -10
2 24 -62.25 23.76 -10 -61.45 23.17 -10
2 24 -64.27 4.74 -10 -63.19 5.52 -10
4 16 -63.19 5.52 -10 -61.45 23.17 -10 -60.54 22.77 -10 -61.97 6.06 -10
2 24 -61.45 23.17 -10 -60.54 22.77 -10
2 24 -63.19 5.52 -10 -61.97 6.06 -10
4 16 -61.97 6.06 -10 -60.54 22.77 -10 -59.57 22.56 -10 -60.67 6.34 -10
2 24 -60.54 22.77 -10 -59.57 22.56 -10
2 24 -61.97 6.06 -10 -60.67 6.34 -10
4 16 -60.67 6.34 -10 -59.57 22.56 -10 -58.58 22.56 -10 -59.33 6.34 -10
2 24 -59.57 22.56 -10 -58.58 22.56 -10
2 24 -60.67 6.34 -10 -59.33 6.34 -10
4 16 -59.33 6.34 -10 -58.58 22.56 -10 -57.61 22.77 -10 -50.63 15.22 -10
2 24 -58.58 22.56 -10 -57.61 22.77 -10
3 16 -59.33 6.34 -10 -50.63 15.22 -10 -58.03 6.06 -10
2 24 -59.33 6.34 -10 -58.03 6.06 -10
3 16 -58.03 6.06 -10 -50.63 15.22 -10 -56.81 5.52 -10
2 24 -58.03 6.06 -10 -56.81 5.52 -10
3 16 -50.63 15.22 -10 -57.61 22.77 -10 -56.7 23.17 -10
2 24 -57.61 22.77 -10 -56.7 23.17 -10
3 16 -50.63 15.22 -10 -56.7 23.17 -10 -55.9 23.76 -10
2 24 -56.7 23.17 -10 -55.9 23.76 -10
3 16 -55.9 23.76 -10 -55.23 24.5 -10 -50.63 15.22 -10
2 24 -55.9 23.76 -10 -55.23 24.5 -10
3 16 -50.63 15.22 -10 -55.23 24.5 -10 -54.74 25.36 -10
2 24 -55.23 24.5 -10 -54.74 25.36 -10
3 16 60.67 -6.34 -10 70 -10 -10 59.33 -6.34 -10
2 24 59.33 -6.34 -10 60.67 -6.34 -10
3 16 59.33 -6.34 -10 70 -10 -10 40.67 -6.34 -10
4 16 59.33 -6.34 -10 40.67 -6.34 -10 41.97 -6.06 -10 58.03 -6.06 -10
2 24 40.67 -6.34 -10 41.97 -6.06 -10
2 24 58.03 -6.06 -10 59.33 -6.34 -10
4 16 58.03 -6.06 -10 41.97 -6.06 -10 43.19 -5.52 -10 56.81 -5.52 -10
2 24 41.97 -6.06 -10 43.19 -5.52 -10
2 24 56.81 -5.52 -10 58.03 -6.06 -10
4 16 56.81 -5.52 -10 43.19 -5.52 -10 44.27 -4.74 -10 55.73 -4.74 -10
2 24 43.19 -5.52 -10 44.27 -4.74 -10
2 24 55.73 -4.74 -10 56.81 -5.52 -10
4 16 55.73 -4.74 -10 44.27 -4.74 -10 45.16 -3.75 -10 54.84 -3.75 -10
2 24 44.27 -4.74 -10 45.16 -3.75 -10
2 24 54.84 -3.75 -10 55.73 -4.74 -10
4 16 54.84 -3.75 -10 45.16 -3.75 -10 45.82 -2.59 -10 54.18 -2.59 -10
2 24 45.16 -3.75 -10 45.82 -2.59 -10
2 24 54.18 -2.59 -10 54.84 -3.75 -10
4 16 54.18 -2.59 -10 45.82 -2.59 -10 46.24 -1.33 -10 53.76 -1.33 -10
2 24 45.82 -2.59 -10 46.24 -1.33 -10
2 24 53.76 -1.33 -10 54.18 -2.59 -10
3 16 60.67 -6.34 -10 61.97 -6.06 -10 70 -10 -10
2 24 60.67 -6.34 -10 61.97 -6.06 -10
3 16 70 -10 -10 61.97 -6.06 -10 63.19 -5.52 -10
2 24 61.97 -6.06 -10 63.19 -5.52 -10
3 16 70 -10 -10 63.19 -5.52 -10 64.27 -4.74 -10
2 24 63.19 -5.52 -10 64.27 -4.74 -10
3 16 64.27 -4.74 -10 65.16 -3.75 -10 70 -10 -10
2 24 64.27 -4.74 -10 65.16 -3.75 -10
3 16 70 -10 -10 65.16 -3.75 -10 65.82 -2.59 -10
2 24 65.16 -3.75 -10 65.82 -2.59 -10
3 16 70 -10 -10 65.82 -2.59 -10 66.24 -1.33 -10
2 24 65.82 -2.59 -10 66.24 -1.33 -10
4 16 65.82 2.59 -10 65.16 3.75 -10 62.92 24.5 -10 63.41 25.36 -10
2 24 65.82 2.59 -10 65.16 3.75 -10
2 24 62.92 24.5 -10 63.41 25.36 -10
4 16 65.16 3.75 -10 64.27 4.74 -10 62.25 23.76 -10 62.92 24.5 -10
2 24 65.16 3.75 -10 64.27 4.74 -10
2 24 62.25 23.76 -10 62.92 24.5 -10
4 16 64.27 4.74 -10 63.19 5.52 -10 61.45 23.17 -10 62.25 23.76 -10
2 24 64.27 4.74 -10 63.19 5.52 -10
2 24 61.45 23.17 -10 62.25 23.76 -10
4 16 63.19 5.52 -10 61.97 6.06 -10 60.54 22.77 -10 61.45 23.17 -10
2 24 63.19 5.52 -10 61.97 6.06 -10
2 24 60.54 22.77 -10 61.45 23.17 -10
4 16 61.97 6.06 -10 60.67 6.34 -10 59.57 22.56 -10 60.54 22.77 -10
2 24 61.97 6.06 -10 60.67 6.34 -10
2 24 59.57 22.56 -10 60.54 22.77 -10
4 16 60.67 6.34 -10 59.33 6.34 -10 58.58 22.56 -10 59.57 22.56 -10
2 24 60.67 6.34 -10 59.33 6.34 -10
2 24 58.58 22.56 -10 59.57 22.56 -10
4 16 58.58 22.56 -10 59.33 6.34 -10 50.63 15.22 -10 57.61 22.77 -10
2 24 57.61 22.77 -10 58.58 22.56 -10
3 16 50.63 15.22 -10 59.33 6.34 -10 58.03 6.06 -10
2 24 59.33 6.34 -10 58.03 6.06 -10
3 16 50.63 15.22 -10 58.03 6.06 -10 56.81 5.52 -10
2 24 58.03 6.06 -10 56.81 5.52 -10
3 16 56.81 5.52 -10 55.73 4.74 -10 50.63 15.22 -10
2 24 56.81 5.52 -10 55.73 4.74 -10
3 16 50.63 15.22 -10 55.73 4.74 -10 54.84 3.75 -10
2 24 55.73 4.74 -10 54.84 3.75 -10
4 16 50.63 15.22 -10 54.84 3.75 -10 45.16 3.75 -10 44.27 4.74 -10
2 24 45.16 3.75 -10 44.27 4.74 -10
4 16 45.16 3.75 -10 54.84 3.75 -10 54.18 2.59 -10 45.82 2.59 -10
2 24 54.84 3.75 -10 54.18 2.59 -10
2 24 45.82 2.59 -10 45.16 3.75 -10
4 16 45.82 2.59 -10 54.18 2.59 -10 53.76 1.33 -10 46.24 1.33 -10
2 24 54.18 2.59 -10 53.76 1.33 -10
2 24 46.24 1.33 -10 45.82 2.59 -10
4 16 46.24 1.33 -10 53.76 1.33 -10 53.62 0 -10 46.37 0 -10
2 24 53.76 1.33 -10 53.62 0 -10
2 24 46.37 0 -10 46.24 1.33 -10
4 16 46.37 0 -10 53.62 0 -10 53.76 -1.33 -10 46.24 -1.33 -10
2 24 53.62 0 -10 53.76 -1.33 -10
2 24 46.24 -1.33 -10 46.37 0 -10
3 16 54.74 25.36 -10 55.23 24.5 -10 50.63 15.22 -10
2 24 54.74 25.36 -10 55.23 24.5 -10
3 16 50.63 15.22 -10 55.23 24.5 -10 55.9 23.76 -10
2 24 55.23 24.5 -10 55.9 23.76 -10
3 16 50.63 15.22 -10 55.9 23.76 -10 56.7 23.17 -10
2 24 55.9 23.76 -10 56.7 23.17 -10
3 16 56.7 23.17 -10 57.61 22.77 -10 50.63 15.22 -10
2 24 56.7 23.17 -10 57.61 22.77 -10
3 16 70 37.5 -10 63.83 27.29 -10 63.72 28.27 -10
2 24 63.83 27.29 -10 63.72 28.27 -10
3 16 70 37.5 -10 63.72 28.27 -10 63.41 29.22 -10
2 24 63.72 28.27 -10 63.41 29.22 -10
3 16 63.41 29.22 -10 62.92 30.08 -10 70 37.5 -10
2 24 63.41 29.22 -10 62.92 30.08 -10
3 16 70 37.5 -10 62.92 30.08 -10 62.25 30.82 -10
2 24 62.92 30.08 -10 62.25 30.82 -10
3 16 70 37.5 -10 62.25 30.82 -10 61.45 31.4 -10
2 24 62.25 30.82 -10 61.45 31.4 -10
3 16 57.61 31.8 -10 56.7 31.4 -10 50.63 37.5 -10
2 24 57.61 31.8 -10 56.7 31.4 -10
3 16 50.63 37.5 -10 56.7 31.4 -10 55.9 30.82 -10
2 24 56.7 31.4 -10 55.9 30.82 -10
3 16 50.63 37.5 -10 55.9 30.82 -10 55.23 30.08 -10
2 24 55.9 30.82 -10 55.23 30.08 -10
3 16 55.23 30.08 -10 54.74 29.22 -10 50.63 37.5 -10
2 24 55.23 30.08 -10 54.74 29.22 -10
3 16 50.63 15.22 -10 44.27 4.74 -10 43.19 5.52 -10
2 24 44.27 4.74 -10 43.19 5.52 -10
3 16 50.63 15.22 -10 43.19 5.52 -10 41.97 6.06 -10
2 24 43.19 5.52 -10 41.97 6.06 -10
3 16 41.97 6.06 -10 40.67 6.34 -10 50.63 15.22 -10
2 24 41.97 6.06 -10 40.67 6.34 -10
3 16 39.33 -6.34 -10 40.67 -6.34 -10 70 -10 -10
2 24 39.33 -6.34 -10 40.67 -6.34 -10
4 16 -19.33 6.34 -10 -0.67 6.34 -10 -1.97 6.06 -10 -18.03 6.06 -10
2 24 -0.67 6.34 -10 -1.97 6.06 -10
2 24 -18.03 6.06 -10 -19.33 6.34 -10
4 16 -18.03 6.06 -10 -1.97 6.06 -10 -3.19 5.52 -10 -16.81 5.52 -10
2 24 -1.97 6.06 -10 -3.19 5.52 -10
2 24 -16.81 5.52 -10 -18.03 6.06 -10
4 16 -16.81 5.52 -10 -3.19 5.52 -10 -4.27 4.74 -10 -15.73 4.74 -10
2 24 -3.19 5.52 -10 -4.27 4.74 -10
2 24 -15.73 4.74 -10 -16.81 5.52 -10
4 16 -15.73 4.74 -10 -4.27 4.74 -10 -5.16 3.75 -10 -14.84 3.75 -10
2 24 -4.27 4.74 -10 -5.16 3.75 -10
2 24 -14.84 3.75 -10 -15.73 4.74 -10
4 16 -14.84 3.75 -10 -5.16 3.75 -10 -5.82 2.59 -10 -14.18 2.59 -10
2 24 -5.16 3.75 -10 -5.82 2.59 -10
2 24 -14.18 2.59 -10 -14.84 3.75 -10
4 16 -14.18 2.59 -10 -5.82 2.59 -10 -6.24 1.33 -10 -13.76 1.33 -10
2 24 -5.82 2.59 -10 -6.24 1.33 -10
2 24 -13.76 1.33 -10 -14.18 2.59 -10
4 16 -6.37 0 -10 -13.63 0 -10 -13.76 1.33 -10 -6.24 1.33 -10
2 24 -13.63 0 -10 -13.76 1.33 -10
2 24 -6.24 1.33 -10 -6.37 0 -10
4 16 -6.37 0 -10 -6.24 -1.33 -10 -13.76 -1.33 -10 -13.63 0 -10
2 24 -6.37 0 -10 -6.24 -1.33 -10
2 24 -13.76 -1.33 -10 -13.63 0 -10
4 16 -13.76 -1.33 -10 -6.24 -1.33 -10 -5.82 -2.59 -10 -14.18 -2.59 -10
2 24 -6.24 -1.33 -10 -5.82 -2.59 -10
2 24 -14.18 -2.59 -10 -13.76 -1.33 -10
4 16 -14.18 -2.59 -10 -5.82 -2.59 -10 -5.16 -3.75 -10 -14.84 -3.75 -10
2 24 -5.82 -2.59 -10 -5.16 -3.75 -10
2 24 -14.84 -3.75 -10 -14.18 -2.59 -10
4 16 -14.84 -3.75 -10 -5.16 -3.75 -10 -4.27 -4.74 -10 -15.73 -4.74 -10
2 24 -5.16 -3.75 -10 -4.27 -4.74 -10
2 24 -15.73 -4.74 -10 -14.84 -3.75 -10
4 16 -15.73 -4.74 -10 -4.27 -4.74 -10 -3.19 -5.52 -10 -16.81 -5.52 -10
2 24 -4.27 -4.74 -10 -3.19 -5.52 -10
2 24 -16.81 -5.52 -10 -15.73 -4.74 -10
4 16 -16.81 -5.52 -10 -3.19 -5.52 -10 -1.97 -6.06 -10 -18.03 -6.06 -10
2 24 -3.19 -5.52 -10 -1.97 -6.06 -10
2 24 -18.03 -6.06 -10 -16.81 -5.52 -10
4 16 -18.03 -6.06 -10 -1.97 -6.06 -10 -0.67 -6.34 -10 -19.33 -6.34 -10
2 24 -1.97 -6.06 -10 -0.67 -6.34 -10
2 24 -19.33 -6.34 -10 -18.03 -6.06 -10
3 16 -20.67 6.34 -10 -21.97 6.06 -10 -50.63 15.22 -10
2 24 -20.67 6.34 -10 -21.97 6.06 -10
4 16 -50.63 15.22 -10 -21.97 6.06 -10 -38.03 6.06 -10 -39.33 6.34 -10
2 24 -38.03 6.06 -10 -39.33 6.34 -10
4 16 -38.03 6.06 -10 -21.97 6.06 -10 -23.19 5.52 -10 -36.81 5.52 -10
2 24 -21.97 6.06 -10 -23.19 5.52 -10
2 24 -36.81 5.52 -10 -38.03 6.06 -10
4 16 -36.81 5.52 -10 -23.19 5.52 -10 -24.27 4.74 -10 -35.73 4.74 -10
2 24 -23.19 5.52 -10 -24.27 4.74 -10
2 24 -35.73 4.74 -10 -36.81 5.52 -10
4 16 -25.16 3.75 -10 -34.84 3.75 -10 -35.73 4.74 -10 -24.27 4.74 -10
2 24 -34.84 3.75 -10 -35.73 4.74 -10
2 24 -24.27 4.74 -10 -25.16 3.75 -10
4 16 -25.16 3.75 -10 -25.82 2.59 -10 -34.18 2.59 -10 -34.84 3.75 -10
2 24 -25.16 3.75 -10 -25.82 2.59 -10
2 24 -34.18 2.59 -10 -34.84 3.75 -10
4 16 -34.18 2.59 -10 -25.82 2.59 -10 -26.24 1.33 -10 -33.76 1.33 -10
2 24 -25.82 2.59 -10 -26.24 1.33 -10
2 24 -33.76 1.33 -10 -34.18 2.59 -10
4 16 -33.76 1.33 -10 -26.24 1.33 -10 -26.38 0 -10 -33.62 0 -10
2 24 -26.24 1.33 -10 -26.38 0 -10
2 24 -33.62 0 -10 -33.76 1.33 -10
4 16 -33.62 0 -10 -26.38 0 -10 -26.24 -1.33 -10 -33.76 -1.33 -10
2 24 -26.38 0 -10 -26.24 -1.33 -10
2 24 -33.76 -1.33 -10 -33.62 0 -10
4 16 -33.76 -1.33 -10 -26.24 -1.33 -10 -25.82 -2.59 -10 -34.18 -2.59 -10
2 24 -26.24 -1.33 -10 -25.82 -2.59 -10
2 24 -34.18 -2.59 -10 -33.76 -1.33 -10
3 16 -19.33 -6.34 -10 -70 -10 -10 -20.67 -6.34 -10
2 24 -20.67 -6.34 -10 -19.33 -6.34 -10
3 16 -20.67 -6.34 -10 -70 -10 -10 -39.33 -6.34 -10
4 16 -20.67 -6.34 -10 -39.33 -6.34 -10 -38.03 -6.06 -10 -21.97 -6.06 -10
2 24 -39.33 -6.34 -10 -38.03 -6.06 -10
2 24 -21.97 -6.06 -10 -20.67 -6.34 -10
4 16 -21.97 -6.06 -10 -38.03 -6.06 -10 -36.81 -5.52 -10 -23.19 -5.52 -10
2 24 -38.03 -6.06 -10 -36.81 -5.52 -10
2 24 -23.19 -5.52 -10 -21.97 -6.06 -10
4 16 -23.19 -5.52 -10 -36.81 -5.52 -10 -35.73 -4.74 -10 -24.27 -4.74 -10
2 24 -36.81 -5.52 -10 -35.73 -4.74 -10
2 24 -24.27 -4.74 -10 -23.19 -5.52 -10
4 16 -24.27 -4.74 -10 -35.73 -4.74 -10 -34.84 -3.75 -10 -25.16 -3.75 -10
2 24 -35.73 -4.74 -10 -34.84 -3.75 -10
2 24 -25.16 -3.75 -10 -24.27 -4.74 -10
4 16 -25.16 -3.75 -10 -34.84 -3.75 -10 -34.18 -2.59 -10 -25.82 -2.59 -10
2 24 -34.84 -3.75 -10 -34.18 -2.59 -10
2 24 -25.82 -2.59 -10 -25.16 -3.75 -10
3 16 -39.33 6.34 -10 -40.67 6.34 -10 -50.63 15.22 -10
2 24 -39.33 6.34 -10 -40.67 6.34 -10
3 16 -50.63 15.22 -10 -40.67 6.34 -10 -41.97 6.06 -10
2 24 -40.67 6.34 -10 -41.97 6.06 -10
3 16 -50.63 15.22 -10 -41.97 6.06 -10 -43.19 5.52 -10
2 24 -41.97 6.06 -10 -43.19 5.52 -10
3 16 -43.19 5.52 -10 -44.27 4.74 -10 -50.63 15.22 -10
2 24 -43.19 5.52 -10 -44.27 4.74 -10
3 16 -50.63 15.22 -10 -44.27 4.74 -10 -45.16 3.75 -10
2 24 -44.27 4.74 -10 -45.16 3.75 -10
4 16 -50.63 15.22 -10 -45.16 3.75 -10 -54.84 3.75 -10 -55.73 4.74 -10
2 24 -55.73 4.74 -10 -54.84 3.75 -10
4 16 -54.84 3.75 -10 -45.16 3.75 -10 -45.82 2.59 -10 -54.18 2.59 -10
2 24 -45.16 3.75 -10 -45.82 2.59 -10
2 24 -54.84 3.75 -10 -54.18 2.59 -10
4 16 -54.18 2.59 -10 -45.82 2.59 -10 -46.24 1.33 -10 -53.76 1.33 -10
2 24 -45.82 2.59 -10 -46.24 1.33 -10
2 24 -54.18 2.59 -10 -53.76 1.33 -10
4 16 -53.76 1.33 -10 -46.24 1.33 -10 -46.38 0 -10 -53.62 0 -10
2 24 -46.24 1.33 -10 -46.38 0 -10
2 24 -53.76 1.33 -10 -53.62 0 -10
4 16 -53.62 0 -10 -46.38 0 -10 -46.24 -1.33 -10 -53.76 -1.33 -10
2 24 -46.38 0 -10 -46.24 -1.33 -10
2 24 -53.62 0 -10 -53.76 -1.33 -10
4 16 -53.76 -1.33 -10 -46.24 -1.33 -10 -45.82 -2.59 -10 -54.18 -2.59 -10
2 24 -46.24 -1.33 -10 -45.82 -2.59 -10
2 24 -53.76 -1.33 -10 -54.18 -2.59 -10
4 16 -54.18 -2.59 -10 -45.82 -2.59 -10 -45.16 -3.75 -10 -54.84 -3.75 -10
2 24 -45.82 -2.59 -10 -45.16 -3.75 -10
2 24 -54.18 -2.59 -10 -54.84 -3.75 -10
4 16 -54.84 -3.75 -10 -45.16 -3.75 -10 -44.27 -4.74 -10 -55.73 -4.74 -10
2 24 -45.16 -3.75 -10 -44.27 -4.74 -10
2 24 -54.84 -3.75 -10 -55.73 -4.74 -10
4 16 -55.73 -4.74 -10 -44.27 -4.74 -10 -43.19 -5.52 -10 -56.81 -5.52 -10
2 24 -44.27 -4.74 -10 -43.19 -5.52 -10
2 24 -55.73 -4.74 -10 -56.81 -5.52 -10
4 16 -56.81 -5.52 -10 -43.19 -5.52 -10 -41.97 -6.06 -10 -58.03 -6.06 -10
2 24 -43.19 -5.52 -10 -41.97 -6.06 -10
2 24 -56.81 -5.52 -10 -58.03 -6.06 -10
3 16 -58.03 -6.06 -10 -41.97 -6.06 -10 -59.33 -6.34 -10
2 24 -58.03 -6.06 -10 -59.33 -6.34 -10
4 16 -41.97 -6.06 -10 -40.67 -6.34 -10 -70 -10 -10 -59.33 -6.34 -10
2 24 -41.97 -6.06 -10 -40.67 -6.34 -10
3 16 -59.33 -6.34 -10 -70 -10 -10 -60.67 -6.34 -10
2 24 -59.33 -6.34 -10 -60.67 -6.34 -10
3 16 -60.67 -6.34 -10 -70 -10 -10 -61.97 -6.06 -10
2 24 -60.67 -6.34 -10 -61.97 -6.06 -10
3 16 -40.67 -6.34 -10 -39.33 -6.34 -10 -70 -10 -10
2 24 -40.67 -6.34 -10 -39.33 -6.34 -10
3 16 -50.63 15.22 -10 -55.73 4.74 -10 -56.81 5.52 -10
2 24 -56.81 5.52 -10 -55.73 4.74 -10
3 16 -66.24 -1.33 -10 -65.82 -2.59 -10 -70 -10 -10
2 24 -65.82 -2.59 -10 -66.24 -1.33 -10
3 16 -70 -10 -10 -65.82 -2.59 -10 -65.16 -3.75 -10
2 24 -65.16 -3.75 -10 -65.82 -2.59 -10
3 16 -70 -10 -10 -65.16 -3.75 -10 -64.27 -4.74 -10
2 24 -64.27 -4.74 -10 -65.16 -3.75 -10
3 16 -64.27 -4.74 -10 -63.19 -5.52 -10 -70 -10 -10
2 24 -63.19 -5.52 -10 -64.27 -4.74 -10
3 16 -70 -10 -10 -63.19 -5.52 -10 -61.97 -6.06 -10
2 24 -61.97 -6.06 -10 -63.19 -5.52 -10

4 16 -70 -10 -10 -70 -10 10 -70 37.5 10 -70 37.5 -10
2 24 -70 -10 -10 -70 -10 10
2 24 -70 37.5 10 -70 37.5 -10
4 16 -70 -10 10 -70 -10 -10 70 -10 -10 70 -10 10
2 24 70 -10 -10 70 -10 10
4 16 -70 37.5 -10 -70 37.5 10 -50.63 37.5 10 -50.63 37.5 -10
2 24 -50.63 37.5 10 -50.63 37.5 -10
4 16 70 -10 10 70 -10 -10 70 37.5 -10 70 37.5 10
2 24 70 37.5 -10 70 37.5 10
4 16 50.63 37.5 -10 50.63 37.5 10 70 37.5 10 70 37.5 -10
2 24 50.63 37.5 -10 50.63 37.5 10
4 16 50.63 37.5 10 50.63 37.5 -10 50.63 15.22 -10 50.63 15.22 10
2 24 50.63 15.22 -10 50.63 15.22 10
4 16 50.63 15.22 10 50.63 15.22 -10 -50.63 15.22 -10 -50.63 15.22 10
2 24 -50.63 15.22 -10 -50.63 15.22 10
4 16 -50.63 37.5 -10 -50.63 37.5 10 -50.63 15.22 10 -50.63 15.22 -10
4 16 -66.24 1.33 -10 -66.24 1.33 10 -66.38 0 10 -66.38 0 -10
5 24 -66.24 1.33 -10 -66.24 1.33 10 -66.38 0 10 -65.82 2.59 -10
5 24 -66.38 0 10 -66.38 0 -10 -66.24 1.33 -10 -66.24 -1.33 10
4 16 -66.24 -1.33 10 -66.24 -1.33 -10 -66.38 0 -10 -66.38 0 10
5 24 -66.24 -1.33 10 -66.24 -1.33 -10 -66.38 0 -10 -65.82 -2.59 10
4 16 -65.82 2.59 -10 -65.82 2.59 10 -66.24 1.33 10 -66.24 1.33 -10
5 24 -65.82 2.59 -10 -65.82 2.59 10 -66.24 1.33 10 -65.16 3.75 -10
4 16 -65.16 3.75 -10 -65.16 3.75 10 -65.82 2.59 10 -65.82 2.59 -10
5 24 -65.16 3.75 -10 -65.16 3.75 10 -65.82 2.59 10 -64.27 4.74 -10
4 16 -64.27 4.74 -10 -64.27 4.74 10 -65.16 3.75 10 -65.16 3.75 -10
5 24 -64.27 4.74 -10 -64.27 4.74 10 -65.16 3.75 10 -63.19 5.52 -10
4 16 -63.19 5.52 -10 -63.19 5.52 10 -64.27 4.74 10 -64.27 4.74 -10
5 24 -63.19 5.52 -10 -63.19 5.52 10 -64.27 4.74 10 -61.97 6.06 -10
4 16 -61.97 6.06 -10 -61.97 6.06 10 -63.19 5.52 10 -63.19 5.52 -10
5 24 -61.97 6.06 -10 -61.97 6.06 10 -63.19 5.52 10 -60.67 6.34 -10
4 16 -60.67 6.34 -10 -60.67 6.34 10 -61.97 6.06 10 -61.97 6.06 -10
5 24 -60.67 6.34 -10 -60.67 6.34 10 -61.97 6.06 10 -59.33 6.34 -10
4 16 -59.33 6.34 -10 -59.33 6.34 10 -60.67 6.34 10 -60.67 6.34 -10
5 24 -59.33 6.34 -10 -59.33 6.34 10 -60.67 6.34 10 -58.03 6.06 -10
4 16 -58.03 6.06 -10 -58.03 6.06 10 -59.33 6.34 10 -59.33 6.34 -10
5 24 -58.03 6.06 -10 -58.03 6.06 10 -59.33 6.34 10 -56.81 5.52 -10
4 16 -56.81 5.52 -10 -56.81 5.52 10 -58.03 6.06 10 -58.03 6.06 -10
5 24 -56.81 5.52 -10 -56.81 5.52 10 -58.03 6.06 10 -55.73 4.74 -10
4 16 -55.73 4.74 -10 -55.73 4.74 10 -56.81 5.52 10 -56.81 5.52 -10
5 24 -55.73 4.74 -10 -55.73 4.74 10 -56.81 5.52 10 -54.84 3.75 -10
4 16 -55.73 4.74 10 -55.73 4.74 -10 -54.84 3.75 -10 -54.84 3.75 10
5 24 -54.84 3.75 -10 -54.84 3.75 10 -55.73 4.74 10 -54.18 2.59 -10
4 16 -54.84 3.75 10 -54.84 3.75 -10 -54.18 2.59 -10 -54.18 2.59 10
5 24 -54.18 2.59 -10 -54.18 2.59 10 -54.84 3.75 10 -53.76 1.33 -10
4 16 -54.18 2.59 10 -54.18 2.59 -10 -53.76 1.33 -10 -53.76 1.33 10
5 24 -53.76 1.33 -10 -53.76 1.33 10 -54.18 2.59 10 -53.62 0 -10
4 16 -53.76 1.33 10 -53.76 1.33 -10 -53.62 0 -10 -53.62 0 10
5 24 -53.62 0 -10 -53.62 0 10 -53.76 1.33 10 -53.76 -1.33 -10
4 16 -53.62 0 10 -53.62 0 -10 -53.76 -1.33 -10 -53.76 -1.33 10
5 24 -53.76 -1.33 -10 -53.76 -1.33 10 -53.62 0 10 -54.18 -2.59 -10
4 16 -53.76 -1.33 10 -53.76 -1.33 -10 -54.18 -2.59 -10 -54.18 -2.59 10
5 24 -54.18 -2.59 -10 -54.18 -2.59 10 -53.76 -1.33 10 -54.84 -3.75 -10
4 16 -54.18 -2.59 10 -54.18 -2.59 -10 -54.84 -3.75 -10 -54.84 -3.75 10
5 24 -54.84 -3.75 -10 -54.84 -3.75 10 -54.18 -2.59 10 -55.73 -4.74 -10
4 16 -54.84 -3.75 10 -54.84 -3.75 -10 -55.73 -4.74 -10 -55.73 -4.74 10
5 24 -55.73 -4.74 -10 -55.73 -4.74 10 -54.84 -3.75 10 -56.81 -5.52 -10
4 16 -55.73 -4.74 10 -55.73 -4.74 -10 -56.81 -5.52 -10 -56.81 -5.52 10
5 24 -56.81 -5.52 -10 -56.81 -5.52 10 -55.73 -4.74 10 -58.03 -6.06 -10
4 16 -58.03 -6.06 10 -58.03 -6.06 -10 -59.33 -6.34 -10 -59.33 -6.34 10
5 24 -58.03 -6.06 10 -58.03 -6.06 -10 -59.33 -6.34 -10 -56.81 -5.52 10
5 24 -59.33 -6.34 -10 -59.33 -6.34 10 -58.03 -6.06 10 -60.67 -6.34 -10
4 16 -56.81 -5.52 10 -56.81 -5.52 -10 -58.03 -6.06 -10 -58.03 -6.06 10
4 16 -59.33 -6.34 10 -59.33 -6.34 -10 -60.67 -6.34 -10 -60.67 -6.34 10
5 24 -60.67 -6.34 -10 -60.67 -6.34 10 -59.33 -6.34 10 -61.97 -6.06 -10
4 16 -60.67 -6.34 10 -60.67 -6.34 -10 -61.97 -6.06 -10 -61.97 -6.06 10
5 24 -61.97 -6.06 -10 -61.97 -6.06 10 -60.67 -6.34 10 -63.19 -5.52 -10
4 16 -61.97 -6.06 10 -61.97 -6.06 -10 -63.19 -5.52 -10 -63.19 -5.52 10
5 24 -63.19 -5.52 -10 -63.19 -5.52 10 -61.97 -6.06 10 -64.27 -4.74 -10
4 16 -63.19 -5.52 10 -63.19 -5.52 -10 -64.27 -4.74 -10 -64.27 -4.74 10
5 24 -64.27 -4.74 -10 -64.27 -4.74 10 -63.19 -5.52 10 -65.16 -3.75 -10
4 16 -64.27 -4.74 10 -64.27 -4.74 -10 -65.16 -3.75 -10 -65.16 -3.75 10
5 24 -65.16 -3.75 -10 -65.16 -3.75 10 -64.27 -4.74 10 -65.82 -2.59 -10
4 16 -65.16 -3.75 10 -65.16 -3.75 -10 -65.82 -2.59 -10 -65.82 -2.59 10
5 24 -65.82 -2.59 -10 -65.82 -2.59 10 -65.16 -3.75 10 -66.24 -1.33 -10
4 16 -65.82 -2.59 10 -65.82 -2.59 -10 -66.24 -1.33 -10 -66.24 -1.33 10
4 16 -63.72 28.27 -10 -63.72 28.27 10 -63.83 27.29 10 -63.83 27.29 -10
5 24 -63.72 28.27 -10 -63.72 28.27 10 -63.83 27.29 10 -63.41 29.22 -10
5 24 -63.83 27.29 10 -63.83 27.29 -10 -63.72 28.27 -10 -63.72 26.3 10
4 16 -63.72 26.3 10 -63.72 26.3 -10 -63.83 27.29 -10 -63.83 27.29 10
5 24 -63.72 26.3 10 -63.72 26.3 -10 -63.83 27.29 -10 -63.41 25.36 10
4 16 -63.41 29.22 -10 -63.41 29.22 10 -63.72 28.27 10 -63.72 28.27 -10
5 24 -63.41 29.22 -10 -63.41 29.22 10 -63.72 28.27 10 -62.92 30.08 -10
4 16 -62.92 30.08 -10 -62.92 30.08 10 -63.41 29.22 10 -63.41 29.22 -10
5 24 -62.92 30.08 -10 -62.92 30.08 10 -63.41 29.22 10 -62.25 30.82 -10
4 16 -62.25 30.82 -10 -62.25 30.82 10 -62.92 30.08 10 -62.92 30.08 -10
5 24 -62.25 30.82 -10 -62.25 30.82 10 -62.92 30.08 10 -61.45 31.4 -10
4 16 -61.45 31.4 -10 -61.45 31.4 10 -62.25 30.82 10 -62.25 30.82 -10
5 24 -61.45 31.4 -10 -61.45 31.4 10 -62.25 30.82 10 -60.54 31.8 -10
4 16 -60.54 31.8 -10 -60.54 31.8 10 -61.45 31.4 10 -61.45 31.4 -10
5 24 -60.54 31.8 -10 -60.54 31.8 10 -61.45 31.4 10 -59.57 32.01 -10
4 16 -59.57 32.01 -10 -59.57 32.01 10 -60.54 31.8 10 -60.54 31.8 -10
5 24 -59.57 32.01 -10 -59.57 32.01 10 -60.54 31.8 10 -58.58 32.01 -10
4 16 -58.58 32.01 -10 -58.58 32.01 10 -59.57 32.01 10 -59.57 32.01 -10
5 24 -58.58 32.01 -10 -58.58 32.01 10 -59.57 32.01 10 -57.61 31.8 -10
4 16 -57.61 31.8 -10 -57.61 31.8 10 -58.58 32.01 10 -58.58 32.01 -10
5 24 -57.61 31.8 -10 -57.61 31.8 10 -58.58 32.01 10 -56.7 31.4 -10
4 16 -56.7 31.4 -10 -56.7 31.4 10 -57.61 31.8 10 -57.61 31.8 -10
5 24 -56.7 31.4 -10 -56.7 31.4 10 -57.61 31.8 10 -55.9 30.82 -10
4 16 -55.9 30.82 -10 -55.9 30.82 10 -56.7 31.4 10 -56.7 31.4 -10
5 24 -55.9 30.82 -10 -55.9 30.82 10 -56.7 31.4 10 -55.23 30.08 -10
4 16 -55.9 30.82 10 -55.9 30.82 -10 -55.23 30.08 -10 -55.23 30.08 10
5 24 -55.23 30.08 -10 -55.23 30.08 10 -55.9 30.82 10 -54.74 29.22 -10
4 16 -55.23 30.08 10 -55.23 30.08 -10 -54.74 29.22 -10 -54.74 29.22 10
5 24 -54.74 29.22 -10 -54.74 29.22 10 -55.23 30.08 10 -54.43 28.27 -10
4 16 -54.74 29.22 10 -54.74 29.22 -10 -54.43 28.27 -10 -54.43 28.27 10
5 24 -54.43 28.27 -10 -54.43 28.27 10 -54.74 29.22 10 -54.33 27.29 -10
4 16 -54.43 28.27 10 -54.43 28.27 -10 -54.33 27.29 -10 -54.33 27.29 10
5 24 -54.33 27.29 -10 -54.33 27.29 10 -54.43 28.27 10 -54.43 26.3 -10
4 16 -54.33 27.29 10 -54.33 27.29 -10 -54.43 26.3 -10 -54.43 26.3 10
5 24 -54.43 26.3 -10 -54.43 26.3 10 -54.33 27.29 10 -54.74 25.36 -10
4 16 -54.43 26.3 10 -54.43 26.3 -10 -54.74 25.36 -10 -54.74 25.36 10
5 24 -54.74 25.36 -10 -54.74 25.36 10 -54.43 26.3 10 -55.23 24.5 -10
4 16 -54.74 25.36 10 -54.74 25.36 -10 -55.23 24.5 -10 -55.23 24.5 10
5 24 -55.23 24.5 -10 -55.23 24.5 10 -54.74 25.36 10 -55.9 23.76 -10
4 16 -55.23 24.5 10 -55.23 24.5 -10 -55.9 23.76 -10 -55.9 23.76 10
5 24 -55.9 23.76 -10 -55.9 23.76 10 -55.23 24.5 10 -56.7 23.17 -10
4 16 -55.9 23.76 10 -55.9 23.76 -10 -56.7 23.17 -10 -56.7 23.17 10
5 24 -56.7 23.17 -10 -56.7 23.17 10 -55.9 23.76 10 -57.61 22.77 -10
4 16 -56.7 23.17 10 -56.7 23.17 -10 -57.61 22.77 -10 -57.61 22.77 10
5 24 -57.61 22.77 -10 -57.61 22.77 10 -56.7 23.17 10 -58.58 22.56 -10
4 16 -57.61 22.77 10 -57.61 22.77 -10 -58.58 22.56 -10 -58.58 22.56 10
5 24 -58.58 22.56 -10 -58.58 22.56 10 -57.61 22.77 10 -59.57 22.56 -10
4 16 -58.58 22.56 10 -58.58 22.56 -10 -59.57 22.56 -10 -59.57 22.56 10
5 24 -59.57 22.56 -10 -59.57 22.56 10 -58.58 22.56 10 -60.54 22.77 -10
4 16 -59.57 22.56 10 -59.57 22.56 -10 -60.54 22.77 -10 -60.54 22.77 10
5 24 -60.54 22.77 -10 -60.54 22.77 10 -59.57 22.56 10 -61.45 23.17 -10
4 16 -60.54 22.77 10 -60.54 22.77 -10 -61.45 23.17 -10 -61.45 23.17 10
5 24 -61.45 23.17 -10 -61.45 23.17 10 -60.54 22.77 10 -62.25 23.76 -10
4 16 -61.45 23.17 10 -61.45 23.17 -10 -62.25 23.76 -10 -62.25 23.76 10
5 24 -62.25 23.76 -10 -62.25 23.76 10 -61.45 23.17 10 -62.92 24.5 -10
4 16 -62.25 23.76 10 -62.25 23.76 -10 -62.92 24.5 -10 -62.92 24.5 10
5 24 -62.92 24.5 -10 -62.92 24.5 10 -62.25 23.76 10 -63.41 25.36 -10
4 16 -62.92 24.5 10 -62.92 24.5 -10 -63.41 25.36 -10 -63.41 25.36 10
5 24 -63.41 25.36 -10 -63.41 25.36 10 -62.92 24.5 10 -63.72 26.3 -10
4 16 -63.41 25.36 10 -63.41 25.36 -10 -63.72 26.3 -10 -63.72 26.3 10
4 16 -46.24 1.33 -10 -46.24 1.33 10 -46.38 0 10 -46.38 0 -10
5 24 -46.24 1.33 -10 -46.24 1.33 10 -46.38 0 10 -45.82 2.59 -10
5 24 -46.38 0 10 -46.38 0 -10 -46.24 1.33 -10 -46.24 -1.33 10
4 16 -46.24 -1.33 10 -46.24 -1.33 -10 -46.38 0 -10 -46.38 0 10
5 24 -46.24 -1.33 10 -46.24 -1.33 -10 -46.38 0 -10 -45.82 -2.59 10
4 16 -45.82 2.59 -10 -45.82 2.59 10 -46.24 1.33 10 -46.24 1.33 -10
5 24 -45.82 2.59 -10 -45.82 2.59 10 -46.24 1.33 10 -45.16 3.75 -10
4 16 -45.16 3.75 -10 -45.16 3.75 10 -45.82 2.59 10 -45.82 2.59 -10
5 24 -45.16 3.75 -10 -45.16 3.75 10 -45.82 2.59 10 -44.27 4.74 -10
4 16 -44.27 4.74 -10 -44.27 4.74 10 -45.16 3.75 10 -45.16 3.75 -10
5 24 -44.27 4.74 -10 -44.27 4.74 10 -45.16 3.75 10 -43.19 5.52 -10
4 16 -43.19 5.52 -10 -43.19 5.52 10 -44.27 4.74 10 -44.27 4.74 -10
5 24 -43.19 5.52 -10 -43.19 5.52 10 -44.27 4.74 10 -41.97 6.06 -10
4 16 -41.97 6.06 -10 -41.97 6.06 10 -43.19 5.52 10 -43.19 5.52 -10
5 24 -41.97 6.06 -10 -41.97 6.06 10 -43.19 5.52 10 -40.67 6.34 -10
4 16 -40.67 6.34 -10 -40.67 6.34 10 -41.97 6.06 10 -41.97 6.06 -10
5 24 -40.67 6.34 -10 -40.67 6.34 10 -41.97 6.06 10 -39.33 6.34 -10
4 16 -39.33 6.34 -10 -39.33 6.34 10 -40.67 6.34 10 -40.67 6.34 -10
5 24 -39.33 6.34 -10 -39.33 6.34 10 -40.67 6.34 10 -38.03 6.06 -10
4 16 -38.03 6.06 -10 -38.03 6.06 10 -39.33 6.34 10 -39.33 6.34 -10
5 24 -38.03 6.06 -10 -38.03 6.06 10 -39.33 6.34 10 -36.81 5.52 -10
4 16 -36.81 5.52 -10 -36.81 5.52 10 -38.03 6.06 10 -38.03 6.06 -10
5 24 -36.81 5.52 -10 -36.81 5.52 10 -38.03 6.06 10 -35.73 4.74 -10
4 16 -35.73 4.74 -10 -35.73 4.74 10 -36.81 5.52 10 -36.81 5.52 -10
5 24 -35.73 4.74 -10 -35.73 4.74 10 -36.81 5.52 10 -34.84 3.75 -10
4 16 -35.73 4.74 10 -35.73 4.74 -10 -34.84 3.75 -10 -34.84 3.75 10
5 24 -34.84 3.75 -10 -34.84 3.75 10 -35.73 4.74 10 -34.18 2.59 -10
4 16 -34.84 3.75 10 -34.84 3.75 -10 -34.18 2.59 -10 -34.18 2.59 10
5 24 -34.18 2.59 -10 -34.18 2.59 10 -34.84 3.75 10 -33.76 1.33 -10
4 16 -34.18 2.59 10 -34.18 2.59 -10 -33.76 1.33 -10 -33.76 1.33 10
5 24 -33.76 1.33 -10 -33.76 1.33 10 -34.18 2.59 10 -33.62 0 -10
4 16 -33.76 1.33 10 -33.76 1.33 -10 -33.62 0 -10 -33.62 0 10
5 24 -33.62 0 -10 -33.62 0 10 -33.76 1.33 10 -33.76 -1.33 -10
4 16 -33.62 0 10 -33.62 0 -10 -33.76 -1.33 -10 -33.76 -1.33 10
5 24 -33.76 -1.33 -10 -33.76 -1.33 10 -33.62 0 10 -34.18 -2.59 -10
4 16 -33.76 -1.33 10 -33.76 -1.33 -10 -34.18 -2.59 -10 -34.18 -2.59 10
5 24 -34.18 -2.59 -10 -34.18 -2.59 10 -33.76 -1.33 10 -34.84 -3.75 -10
4 16 -34.18 -2.59 10 -34.18 -2.59 -10 -34.84 -3.75 -10 -34.84 -3.75 10
5 24 -34.84 -3.75 -10 -34.84 -3.75 10 -34.18 -2.59 10 -35.73 -4.74 -10
4 16 -34.84 -3.75 10 -34.84 -3.75 -10 -35.73 -4.74 -10 -35.73 -4.74 10
5 24 -35.73 -4.74 -10 -35.73 -4.74 10 -34.84 -3.75 10 -36.81 -5.52 -10
4 16 -35.73 -4.74 10 -35.73 -4.74 -10 -36.81 -5.52 -10 -36.81 -5.52 10
5 24 -36.81 -5.52 -10 -36.81 -5.52 10 -35.73 -4.74 10 -38.03 -6.06 -10
4 16 -36.81 -5.52 10 -36.81 -5.52 -10 -38.03 -6.06 -10 -38.03 -6.06 10
5 24 -38.03 -6.06 -10 -38.03 -6.06 10 -36.81 -5.52 10 -39.33 -6.34 -10
4 16 -38.03 -6.06 10 -38.03 -6.06 -10 -39.33 -6.34 -10 -39.33 -6.34 10
5 24 -39.33 -6.34 -10 -39.33 -6.34 10 -38.03 -6.06 10 -40.67 -6.34 -10
4 16 -39.33 -6.34 10 -39.33 -6.34 -10 -40.67 -6.34 -10 -40.67 -6.34 10
5 24 -40.67 -6.34 -10 -40.67 -6.34 10 -39.33 -6.34 10 -41.97 -6.06 -10
4 16 -40.67 -6.34 10 -40.67 -6.34 -10 -41.97 -6.06 -10 -41.97 -6.06 10
5 24 -41.97 -6.06 -10 -41.97 -6.06 10 -40.67 -6.34 10 -43.19 -5.52 -10
4 16 -41.97 -6.06 10 -41.97 -6.06 -10 -43.19 -5.52 -10 -43.19 -5.52 10
5 24 -43.19 -5.52 -10 -43.19 -5.52 10 -41.97 -6.06 10 -44.27 -4.74 -10
4 16 -43.19 -5.52 10 -43.19 -5.52 -10 -44.27 -4.74 -10 -44.27 -4.74 10
5 24 -44.27 -4.74 -10 -44.27 -4.74 10 -43.19 -5.52 10 -45.16 -3.75 -10
4 16 -44.27 -4.74 10 -44.27 -4.74 -10 -45.16 -3.75 -10 -45.16 -3.75 10
5 24 -45.16 -3.75 -10 -45.16 -3.75 10 -44.27 -4.74 10 -45.82 -2.59 -10
4 16 -45.16 -3.75 10 -45.16 -3.75 -10 -45.82 -2.59 -10 -45.82 -2.59 10
5 24 -45.82 -2.59 -10 -45.82 -2.59 10 -45.16 -3.75 10 -46.24 -1.33 -10
4 16 -45.82 -2.59 10 -45.82 -2.59 -10 -46.24 -1.33 -10 -46.24 -1.33 10
4 16 -26.24 1.33 -10 -26.24 1.33 10 -26.38 0 10 -26.38 0 -10
5 24 -26.24 1.33 -10 -26.24 1.33 10 -26.38 0 10 -25.82 2.59 -10
5 24 -26.38 0 10 -26.38 0 -10 -26.24 1.33 -10 -26.24 -1.33 10
4 16 -26.24 -1.33 10 -26.24 -1.33 -10 -26.38 0 -10 -26.38 0 10
5 24 -26.24 -1.33 10 -26.24 -1.33 -10 -26.38 0 -10 -25.82 -2.59 10
4 16 -25.82 2.59 -10 -25.82 2.59 10 -26.24 1.33 10 -26.24 1.33 -10
5 24 -25.82 2.59 -10 -25.82 2.59 10 -26.24 1.33 10 -25.16 3.75 -10
4 16 -25.16 3.75 -10 -25.16 3.75 10 -25.82 2.59 10 -25.82 2.59 -10
5 24 -25.16 3.75 -10 -25.16 3.75 10 -25.82 2.59 10 -24.27 4.74 -10
4 16 -24.27 4.74 -10 -24.27 4.74 10 -25.16 3.75 10 -25.16 3.75 -10
5 24 -24.27 4.74 -10 -24.27 4.74 10 -25.16 3.75 10 -23.19 5.52 -10
4 16 -23.19 5.52 -10 -23.19 5.52 10 -24.27 4.74 10 -24.27 4.74 -10
5 24 -23.19 5.52 -10 -23.19 5.52 10 -24.27 4.74 10 -21.97 6.06 -10
4 16 -21.97 6.06 -10 -21.97 6.06 10 -23.19 5.52 10 -23.19 5.52 -10
5 24 -21.97 6.06 -10 -21.97 6.06 10 -23.19 5.52 10 -20.67 6.34 -10
4 16 -20.67 6.34 -10 -20.67 6.34 10 -21.97 6.06 10 -21.97 6.06 -10
5 24 -20.67 6.34 -10 -20.67 6.34 10 -21.97 6.06 10 -19.33 6.34 -10
4 16 -19.33 6.34 -10 -19.33 6.34 10 -20.67 6.34 10 -20.67 6.34 -10
5 24 -19.33 6.34 -10 -19.33 6.34 10 -20.67 6.34 10 -18.03 6.06 -10
4 16 -18.03 6.06 -10 -18.03 6.06 10 -19.33 6.34 10 -19.33 6.34 -10
5 24 -18.03 6.06 -10 -18.03 6.06 10 -19.33 6.34 10 -16.81 5.52 -10
4 16 -16.81 5.52 -10 -16.81 5.52 10 -18.03 6.06 10 -18.03 6.06 -10
5 24 -16.81 5.52 -10 -16.81 5.52 10 -18.03 6.06 10 -15.73 4.74 -10
4 16 -15.73 4.74 -10 -15.73 4.74 10 -16.81 5.52 10 -16.81 5.52 -10
5 24 -15.73 4.74 -10 -15.73 4.74 10 -16.81 5.52 10 -14.84 3.75 -10
4 16 -15.73 4.74 10 -15.73 4.74 -10 -14.84 3.75 -10 -14.84 3.75 10
5 24 -14.84 3.75 -10 -14.84 3.75 10 -15.73 4.74 10 -14.18 2.59 -10
4 16 -14.84 3.75 10 -14.84 3.75 -10 -14.18 2.59 -10 -14.18 2.59 10
5 24 -14.18 2.59 -10 -14.18 2.59 10 -14.84 3.75 10 -13.76 1.33 -10
4 16 -14.18 2.59 10 -14.18 2.59 -10 -13.76 1.33 -10 -13.76 1.33 10
5 24 -13.76 1.33 -10 -13.76 1.33 10 -14.18 2.59 10 -13.63 0 -10
4 16 -13.76 1.33 10 -13.76 1.33 -10 -13.63 0 -10 -13.63 0 10
5 24 -13.63 0 -10 -13.63 0 10 -13.76 1.33 10 -13.76 -1.33 -10
4 16 -13.63 0 10 -13.63 0 -10 -13.76 -1.33 -10 -13.76 -1.33 10
5 24 -13.76 -1.33 -10 -13.76 -1.33 10 -13.63 0 10 -14.18 -2.59 -10
4 16 -13.76 -1.33 10 -13.76 -1.33 -10 -14.18 -2.59 -10 -14.18 -2.59 10
5 24 -14.18 -2.59 -10 -14.18 -2.59 10 -13.76 -1.33 10 -14.84 -3.75 -10
4 16 -14.18 -2.59 10 -14.18 -2.59 -10 -14.84 -3.75 -10 -14.84 -3.75 10
5 24 -14.84 -3.75 -10 -14.84 -3.75 10 -14.18 -2.59 10 -15.73 -4.74 -10
4 16 -14.84 -3.75 10 -14.84 -3.75 -10 -15.73 -4.74 -10 -15.73 -4.74 10
5 24 -15.73 -4.74 -10 -15.73 -4.74 10 -14.84 -3.75 10 -16.81 -5.52 -10
4 16 -15.73 -4.74 10 -15.73 -4.74 -10 -16.81 -5.52 -10 -16.81 -5.52 10
5 24 -16.81 -5.52 -10 -16.81 -5.52 10 -15.73 -4.74 10 -18.03 -6.06 -10
4 16 -16.81 -5.52 10 -16.81 -5.52 -10 -18.03 -6.06 -10 -18.03 -6.06 10
5 24 -18.03 -6.06 -10 -18.03 -6.06 10 -16.81 -5.52 10 -19.33 -6.34 -10
4 16 -18.03 -6.06 10 -18.03 -6.06 -10 -19.33 -6.34 -10 -19.33 -6.34 10
5 24 -19.33 -6.34 -10 -19.33 -6.34 10 -18.03 -6.06 10 -20.67 -6.34 -10
4 16 -19.33 -6.34 10 -19.33 -6.34 -10 -20.67 -6.34 -10 -20.67 -6.34 10
5 24 -20.67 -6.34 -10 -20.67 -6.34 10 -19.33 -6.34 10 -21.97 -6.06 -10
4 16 -20.67 -6.34 10 -20.67 -6.34 -10 -21.97 -6.06 -10 -21.97 -6.06 10
5 24 -21.97 -6.06 -10 -21.97 -6.06 10 -20.67 -6.34 10 -23.19 -5.52 -10
4 16 -21.97 -6.06 10 -21.97 -6.06 -10 -23.19 -5.52 -10 -23.19 -5.52 10
5 24 -23.19 -5.52 -10 -23.19 -5.52 10 -21.97 -6.06 10 -24.27 -4.74 -10
4 16 -23.19 -5.52 10 -23.19 -5.52 -10 -24.27 -4.74 -10 -24.27 -4.74 10
5 24 -24.27 -4.74 -10 -24.27 -4.74 10 -23.19 -5.52 10 -25.16 -3.75 -10
4 16 -24.27 -4.74 10 -24.27 -4.74 -10 -25.16 -3.75 -10 -25.16 -3.75 10
5 24 -25.16 -3.75 -10 -25.16 -3.75 10 -24.27 -4.74 10 -25.82 -2.59 -10
4 16 -25.16 -3.75 10 -25.16 -3.75 -10 -25.82 -2.59 -10 -25.82 -2.59 10
5 24 -25.82 -2.59 -10 -25.82 -2.59 10 -25.16 -3.75 10 -26.24 -1.33 -10
4 16 -25.82 -2.59 10 -25.82 -2.59 -10 -26.24 -1.33 -10 -26.24 -1.33 10
4 16 -6.24 1.33 -10 -6.24 1.33 10 -6.37 0 10 -6.37 0 -10
5 24 -6.24 1.33 -10 -6.24 1.33 10 -6.37 0 10 -5.82 2.59 -10
5 24 -6.37 0 10 -6.37 0 -10 -6.24 1.33 -10 -6.24 -1.33 10
4 16 -6.24 -1.33 10 -6.24 -1.33 -10 -6.37 0 -10 -6.37 0 10
5 24 -6.24 -1.33 10 -6.24 -1.33 -10 -6.37 0 -10 -5.82 -2.59 10
4 16 -5.82 2.59 -10 -5.82 2.59 10 -6.24 1.33 10 -6.24 1.33 -10
5 24 -5.82 2.59 -10 -5.82 2.59 10 -6.24 1.33 10 -5.16 3.75 -10
4 16 -5.16 3.75 -10 -5.16 3.75 10 -5.82 2.59 10 -5.82 2.59 -10
5 24 -5.16 3.75 -10 -5.16 3.75 10 -5.82 2.59 10 -4.27 4.74 -10
4 16 -4.27 4.74 -10 -4.27 4.74 10 -5.16 3.75 10 -5.16 3.75 -10
5 24 -4.27 4.74 -10 -4.27 4.74 10 -5.16 3.75 10 -3.19 5.52 -10
4 16 -3.19 5.52 -10 -3.19 5.52 10 -4.27 4.74 10 -4.27 4.74 -10
5 24 -3.19 5.52 -10 -3.19 5.52 10 -4.27 4.74 10 -1.97 6.06 -10
4 16 -1.97 6.06 -10 -1.97 6.06 10 -3.19 5.52 10 -3.19 5.52 -10
5 24 -1.97 6.06 -10 -1.97 6.06 10 -3.19 5.52 10 -0.67 6.34 -10
4 16 -0.67 6.34 -10 -0.67 6.34 10 -1.97 6.06 10 -1.97 6.06 -10
5 24 -0.67 6.34 -10 -0.67 6.34 10 -1.97 6.06 10 0.67 6.34 -10
4 16 0.67 6.34 -10 0.67 6.34 10 -0.67 6.34 10 -0.67 6.34 -10
5 24 0.67 6.34 -10 0.67 6.34 10 -0.67 6.34 10 1.97 6.06 -10
4 16 1.97 6.06 -10 1.97 6.06 10 0.67 6.34 10 0.67 6.34 -10
5 24 1.97 6.06 -10 1.97 6.06 10 0.67 6.34 10 3.19 5.52 -10
4 16 3.19 5.52 -10 3.19 5.52 10 1.97 6.06 10 1.97 6.06 -10
5 24 3.19 5.52 -10 3.19 5.52 10 1.97 6.06 10 4.27 4.74 -10
4 16 4.27 4.74 -10 4.27 4.74 10 3.19 5.52 10 3.19 5.52 -10
5 24 4.27 4.74 -10 4.27 4.74 10 3.19 5.52 10 5.16 3.75 -10
4 16 4.27 4.74 10 4.27 4.74 -10 5.16 3.75 -10 5.16 3.75 10
5 24 5.16 3.75 -10 5.16 3.75 10 4.27 4.74 10 5.82 2.59 -10
4 16 5.16 3.75 10 5.16 3.75 -10 5.82 2.59 -10 5.82 2.59 10
5 24 5.82 2.59 -10 5.82 2.59 10 5.16 3.75 10 6.24 1.33 -10
4 16 5.82 2.59 10 5.82 2.59 -10 6.24 1.33 -10 6.24 1.33 10
5 24 6.24 1.33 -10 6.24 1.33 10 5.82 2.59 10 6.37 0 -10
4 16 6.24 1.33 10 6.24 1.33 -10 6.37 0 -10 6.37 0 10
5 24 6.37 0 -10 6.37 0 10 6.24 1.33 10 6.24 -1.33 -10
4 16 6.37 0 10 6.37 0 -10 6.24 -1.33 -10 6.24 -1.33 10
5 24 6.24 -1.33 -10 6.24 -1.33 10 6.37 0 10 5.82 -2.59 -10
4 16 6.24 -1.33 10 6.24 -1.33 -10 5.82 -2.59 -10 5.82 -2.59 10
5 24 5.82 -2.59 -10 5.82 -2.59 10 6.24 -1.33 10 5.16 -3.75 -10
4 16 5.82 -2.59 10 5.82 -2.59 -10 5.16 -3.75 -10 5.16 -3.75 10
5 24 5.16 -3.75 -10 5.16 -3.75 10 5.82 -2.59 10 4.27 -4.74 -10
4 16 5.16 -3.75 10 5.16 -3.75 -10 4.27 -4.74 -10 4.27 -4.74 10
5 24 4.27 -4.74 -10 4.27 -4.74 10 5.16 -3.75 10 3.19 -5.52 -10
4 16 4.27 -4.74 10 4.27 -4.74 -10 3.19 -5.52 -10 3.19 -5.52 10
5 24 3.19 -5.52 -10 3.19 -5.52 10 4.27 -4.74 10 1.97 -6.06 -10
4 16 3.19 -5.52 10 3.19 -5.52 -10 1.97 -6.06 -10 1.97 -6.06 10
5 24 1.97 -6.06 -10 1.97 -6.06 10 3.19 -5.52 10 0.67 -6.34 -10
4 16 1.97 -6.06 10 1.97 -6.06 -10 0.67 -6.34 -10 0.67 -6.34 10
5 24 0.67 -6.34 -10 0.67 -6.34 10 1.97 -6.06 10 -0.67 -6.34 -10
4 16 0.67 -6.34 10 0.67 -6.34 -10 -0.67 -6.34 -10 -0.67 -6.34 10
5 24 -0.67 -6.34 -10 -0.67 -6.34 10 0.67 -6.34 10 -1.97 -6.06 -10
4 16 -0.67 -6.34 10 -0.67 -6.34 -10 -1.97 -6.06 -10 -1.97 -6.06 10
5 24 -1.97 -6.06 -10 -1.97 -6.06 10 -0.67 -6.34 10 -3.19 -5.52 -10
4 16 -1.97 -6.06 10 -1.97 -6.06 -10 -3.19 -5.52 -10 -3.19 -5.52 10
5 24 -3.19 -5.52 -10 -3.19 -5.52 10 -1.97 -6.06 10 -4.27 -4.74 -10
4 16 -3.19 -5.52 10 -3.19 -5.52 -10 -4.27 -4.74 -10 -4.27 -4.74 10
5 24 -4.27 -4.74 -10 -4.27 -4.74 10 -3.19 -5.52 10 -5.16 -3.75 -10
4 16 -4.27 -4.74 10 -4.27 -4.74 -10 -5.16 -3.75 -10 -5.16 -3.75 10
5 24 -5.16 -3.75 -10 -5.16 -3.75 10 -4.27 -4.74 10 -5.82 -2.59 -10
4 16 -5.16 -3.75 10 -5.16 -3.75 -10 -5.82 -2.59 -10 -5.82 -2.59 10
5 24 -5.82 -2.59 -10 -5.82 -2.59 10 -5.16 -3.75 10 -6.24 -1.33 -10
4 16 -5.82 -2.59 10 -5.82 -2.59 -10 -6.24 -1.33 -10 -6.24 -1.33 10
4 16 13.76 -1.33 10 13.76 -1.33 -10 13.62 0 -10 13.62 0 10
5 24 13.76 -1.33 10 13.76 -1.33 -10 13.62 0 -10 14.18 -2.59 10
5 24 13.62 0 -10 13.62 0 10 13.76 -1.33 10 13.76 1.33 -10
4 16 13.76 1.33 -10 13.76 1.33 10 13.62 0 10 13.62 0 -10
5 24 13.76 1.33 -10 13.76 1.33 10 13.62 0 10 14.18 2.59 -10
4 16 14.18 2.59 -10 14.18 2.59 10 13.76 1.33 10 13.76 1.33 -10
5 24 14.18 2.59 -10 14.18 2.59 10 13.76 1.33 10 14.84 3.75 -10
4 16 14.84 3.75 -10 14.84 3.75 10 14.18 2.59 10 14.18 2.59 -10
5 24 14.84 3.75 -10 14.84 3.75 10 14.18 2.59 10 15.73 4.74 -10
4 16 15.73 4.74 -10 15.73 4.74 10 14.84 3.75 10 14.84 3.75 -10
5 24 15.73 4.74 -10 15.73 4.74 10 14.84 3.75 10 16.81 5.52 -10
4 16 16.81 5.52 -10 16.81 5.52 10 15.73 4.74 10 15.73 4.74 -10
5 24 16.81 5.52 -10 16.81 5.52 10 15.73 4.74 10 18.03 6.06 -10
4 16 18.03 6.06 -10 18.03 6.06 10 16.81 5.52 10 16.81 5.52 -10
5 24 18.03 6.06 -10 18.03 6.06 10 16.81 5.52 10 19.33 6.34 -10
4 16 19.33 6.34 -10 19.33 6.34 10 18.03 6.06 10 18.03 6.06 -10
5 24 19.33 6.34 -10 19.33 6.34 10 18.03 6.06 10 20.67 6.34 -10
4 16 20.67 6.34 -10 20.67 6.34 10 19.33 6.34 10 19.33 6.34 -10
5 24 20.67 6.34 -10 20.67 6.34 10 19.33 6.34 10 21.97 6.06 -10
4 16 21.97 6.06 -10 21.97 6.06 10 20.67 6.34 10 20.67 6.34 -10
5 24 21.97 6.06 -10 21.97 6.06 10 20.67 6.34 10 23.19 5.52 -10
4 16 23.19 5.52 -10 23.19 5.52 10 21.97 6.06 10 21.97 6.06 -10
5 24 23.19 5.52 -10 23.19 5.52 10 21.97 6.06 10 24.27 4.74 -10
4 16 24.27 4.74 -10 24.27 4.74 10 23.19 5.52 10 23.19 5.52 -10
5 24 24.27 4.74 -10 24.27 4.74 10 23.19 5.52 10 25.16 3.75 -10
4 16 24.27 4.74 10 24.27 4.74 -10 25.16 3.75 -10 25.16 3.75 10
5 24 25.16 3.75 -10 25.16 3.75 10 24.27 4.74 10 25.82 2.59 -10
4 16 25.16 3.75 10 25.16 3.75 -10 25.82 2.59 -10 25.82 2.59 10
5 24 25.82 2.59 -10 25.82 2.59 10 25.16 3.75 10 26.24 1.33 -10
4 16 25.82 2.59 10 25.82 2.59 -10 26.24 1.33 -10 26.24 1.33 10
5 24 26.24 1.33 -10 26.24 1.33 10 25.82 2.59 10 26.38 0 -10
4 16 26.24 1.33 10 26.24 1.33 -10 26.38 0 -10 26.38 0 10
5 24 26.38 0 -10 26.38 0 10 26.24 1.33 10 26.24 -1.33 -10
4 16 26.38 0 10 26.38 0 -10 26.24 -1.33 -10 26.24 -1.33 10
5 24 26.24 -1.33 -10 26.24 -1.33 10 26.38 0 10 25.82 -2.59 -10
4 16 26.24 -1.33 10 26.24 -1.33 -10 25.82 -2.59 -10 25.82 -2.59 10
5 24 25.82 -2.59 -10 25.82 -2.59 10 26.24 -1.33 10 25.16 -3.75 -10
4 16 25.82 -2.59 10 25.82 -2.59 -10 25.16 -3.75 -10 25.16 -3.75 10
5 24 25.16 -3.75 -10 25.16 -3.75 10 25.82 -2.59 10 24.27 -4.74 -10
4 16 25.16 -3.75 10 25.16 -3.75 -10 24.27 -4.74 -10 24.27 -4.74 10
5 24 24.27 -4.74 -10 24.27 -4.74 10 25.16 -3.75 10 23.19 -5.52 -10
4 16 24.27 -4.74 10 24.27 -4.74 -10 23.19 -5.52 -10 23.19 -5.52 10
5 24 23.19 -5.52 -10 23.19 -5.52 10 24.27 -4.74 10 21.97 -6.06 -10
4 16 23.19 -5.52 10 23.19 -5.52 -10 21.97 -6.06 -10 21.97 -6.06 10
5 24 21.97 -6.06 -10 21.97 -6.06 10 23.19 -5.52 10 20.67 -6.34 -10
4 16 21.97 -6.06 10 21.97 -6.06 -10 20.67 -6.34 -10 20.67 -6.34 10
5 24 20.67 -6.34 -10 20.67 -6.34 10 21.97 -6.06 10 19.33 -6.34 -10
4 16 20.67 -6.34 10 20.67 -6.34 -10 19.33 -6.34 -10 19.33 -6.34 10
5 24 19.33 -6.34 -10 19.33 -6.34 10 20.67 -6.34 10 18.03 -6.06 -10
4 16 19.33 -6.34 10 19.33 -6.34 -10 18.03 -6.06 -10 18.03 -6.06 10
5 24 18.03 -6.06 -10 18.03 -6.06 10 19.33 -6.34 10 16.81 -5.52 -10
4 16 18.03 -6.06 10 18.03 -6.06 -10 16.81 -5.52 -10 16.81 -5.52 10
5 24 16.81 -5.52 -10 16.81 -5.52 10 18.03 -6.06 10 15.73 -4.74 -10
4 16 16.81 -5.52 10 16.81 -5.52 -10 15.73 -4.74 -10 15.73 -4.74 10
5 24 15.73 -4.74 -10 15.73 -4.74 10 16.81 -5.52 10 14.84 -3.75 -10
4 16 15.73 -4.74 10 15.73 -4.74 -10 14.84 -3.75 -10 14.84 -3.75 10
5 24 14.84 -3.75 -10 14.84 -3.75 10 15.73 -4.74 10 14.18 -2.59 -10
4 16 14.84 -3.75 10 14.84 -3.75 -10 14.18 -2.59 -10 14.18 -2.59 10
5 24 14.18 -2.59 -10 14.18 -2.59 10 14.84 -3.75 10 13.76 -1.33 -10
4 16 14.18 -2.59 10 14.18 -2.59 -10 13.76 -1.33 -10 13.76 -1.33 10
4 16 33.76 1.33 -10 33.76 1.33 10 33.63 0 10 33.63 0 -10
5 24 33.76 1.33 -10 33.76 1.33 10 33.63 0 10 34.18 2.59 -10
5 24 33.63 0 10 33.63 0 -10 33.76 1.33 -10 33.76 -1.33 10
4 16 33.76 -1.33 10 33.76 -1.33 -10 33.63 0 -10 33.63 0 10
5 24 33.76 -1.33 10 33.76 -1.33 -10 33.63 0 -10 34.18 -2.59 10
4 16 34.18 2.59 -10 34.18 2.59 10 33.76 1.33 10 33.76 1.33 -10
5 24 34.18 2.59 -10 34.18 2.59 10 33.76 1.33 10 34.84 3.75 -10
4 16 34.84 3.75 -10 34.84 3.75 10 34.18 2.59 10 34.18 2.59 -10
5 24 34.84 3.75 -10 34.84 3.75 10 34.18 2.59 10 35.73 4.74 -10
4 16 35.73 4.74 -10 35.73 4.74 10 34.84 3.75 10 34.84 3.75 -10
5 24 35.73 4.74 -10 35.73 4.74 10 34.84 3.75 10 36.81 5.52 -10
4 16 36.81 5.52 -10 36.81 5.52 10 35.73 4.74 10 35.73 4.74 -10
5 24 36.81 5.52 -10 36.81 5.52 10 35.73 4.74 10 38.03 6.06 -10
4 16 38.03 6.06 -10 38.03 6.06 10 36.81 5.52 10 36.81 5.52 -10
5 24 38.03 6.06 -10 38.03 6.06 10 36.81 5.52 10 39.33 6.34 -10
4 16 39.33 6.34 -10 39.33 6.34 10 38.03 6.06 10 38.03 6.06 -10
5 24 39.33 6.34 -10 39.33 6.34 10 38.03 6.06 10 40.67 6.34 -10
4 16 40.67 6.34 -10 40.67 6.34 10 39.33 6.34 10 39.33 6.34 -10
5 24 40.67 6.34 -10 40.67 6.34 10 39.33 6.34 10 41.97 6.06 -10
4 16 41.97 6.06 -10 41.97 6.06 10 40.67 6.34 10 40.67 6.34 -10
5 24 41.97 6.06 -10 41.97 6.06 10 40.67 6.34 10 43.19 5.52 -10
4 16 43.19 5.52 -10 43.19 5.52 10 41.97 6.06 10 41.97 6.06 -10
5 24 43.19 5.52 -10 43.19 5.52 10 41.97 6.06 10 44.27 4.74 -10
4 16 44.27 4.74 -10 44.27 4.74 10 43.19 5.52 10 43.19 5.52 -10
5 24 44.27 4.74 -10 44.27 4.74 10 43.19 5.52 10 45.16 3.75 -10
4 16 44.27 4.74 10 44.27 4.74 -10 45.16 3.75 -10 45.16 3.75 10
5 24 45.16 3.75 -10 45.16 3.75 10 44.27 4.74 10 45.82 2.59 -10
4 16 45.16 3.75 10 45.16 3.75 -10 45.82 2.59 -10 45.82 2.59 10
5 24 45.82 2.59 -10 45.82 2.59 10 45.16 3.75 10 46.24 1.33 -10
4 16 45.82 2.59 10 45.82 2.59 -10 46.24 1.33 -10 46.24 1.33 10
5 24 46.24 1.33 -10 46.24 1.33 10 45.82 2.59 10 46.37 0 -10
4 16 46.24 1.33 10 46.24 1.33 -10 46.37 0 -10 46.37 0 10
5 24 46.37 0 -10 46.37 0 10 46.24 1.33 10 46.24 -1.33 -10
4 16 46.37 0 10 46.37 0 -10 46.24 -1.33 -10 46.24 -1.33 10
5 24 46.24 -1.33 -10 46.24 -1.33 10 46.37 0 10 45.82 -2.59 -10
4 16 46.24 -1.33 10 46.24 -1.33 -10 45.82 -2.59 -10 45.82 -2.59 10
5 24 45.82 -2.59 -10 45.82 -2.59 10 46.24 -1.33 10 45.16 -3.75 -10
4 16 45.82 -2.59 10 45.82 -2.59 -10 45.16 -3.75 -10 45.16 -3.75 10
5 24 45.16 -3.75 -10 45.16 -3.75 10 45.82 -2.59 10 44.27 -4.74 -10
4 16 45.16 -3.75 10 45.16 -3.75 -10 44.27 -4.74 -10 44.27 -4.74 10
5 24 44.27 -4.74 -10 44.27 -4.74 10 45.16 -3.75 10 43.19 -5.52 -10
4 16 44.27 -4.74 10 44.27 -4.74 -10 43.19 -5.52 -10 43.19 -5.52 10
5 24 43.19 -5.52 -10 43.19 -5.52 10 44.27 -4.74 10 41.97 -6.06 -10
4 16 43.19 -5.52 10 43.19 -5.52 -10 41.97 -6.06 -10 41.97 -6.06 10
5 24 41.97 -6.06 -10 41.97 -6.06 10 43.19 -5.52 10 40.67 -6.34 -10
4 16 41.97 -6.06 10 41.97 -6.06 -10 40.67 -6.34 -10 40.67 -6.34 10
5 24 40.67 -6.34 -10 40.67 -6.34 10 41.97 -6.06 10 39.33 -6.34 -10
4 16 40.67 -6.34 10 40.67 -6.34 -10 39.33 -6.34 -10 39.33 -6.34 10
5 24 39.33 -6.34 -10 39.33 -6.34 10 40.67 -6.34 10 38.03 -6.06 -10
4 16 39.33 -6.34 10 39.33 -6.34 -10 38.03 -6.06 -10 38.03 -6.06 10
5 24 38.03 -6.06 -10 38.03 -6.06 10 39.33 -6.34 10 36.81 -5.52 -10
4 16 38.03 -6.06 10 38.03 -6.06 -10 36.81 -5.52 -10 36.81 -5.52 10
5 24 36.81 -5.52 -10 36.81 -5.52 10 38.03 -6.06 10 35.73 -4.74 -10
4 16 36.81 -5.52 10 36.81 -5.52 -10 35.73 -4.74 -10 35.73 -4.74 10
5 24 35.73 -4.74 -10 35.73 -4.74 10 36.81 -5.52 10 34.84 -3.75 -10
4 16 35.73 -4.74 10 35.73 -4.74 -10 34.84 -3.75 -10 34.84 -3.75 10
5 24 34.84 -3.75 -10 34.84 -3.75 10 35.73 -4.74 10 34.18 -2.59 -10
4 16 34.84 -3.75 10 34.84 -3.75 -10 34.18 -2.59 -10 34.18 -2.59 10
5 24 34.18 -2.59 -10 34.18 -2.59 10 34.84 -3.75 10 33.76 -1.33 -10
4 16 34.18 -2.59 10 34.18 -2.59 -10 33.76 -1.33 -10 33.76 -1.33 10
4 16 53.76 -1.33 10 53.76 -1.33 -10 53.62 0 -10 53.62 0 10
5 24 53.76 -1.33 10 53.76 -1.33 -10 53.62 0 -10 54.18 -2.59 10
5 24 53.62 0 -10 53.62 0 10 53.76 -1.33 10 53.76 1.33 -10
4 16 53.76 1.33 -10 53.76 1.33 10 53.62 0 10 53.62 0 -10
5 24 53.76 1.33 -10 53.76 1.33 10 53.62 0 10 54.18 2.59 -10
4 16 54.18 2.59 -10 54.18 2.59 10 53.76 1.33 10 53.76 1.33 -10
5 24 54.18 2.59 -10 54.18 2.59 10 53.76 1.33 10 54.84 3.75 -10
4 16 54.84 3.75 -10 54.84 3.75 10 54.18 2.59 10 54.18 2.59 -10
5 24 54.84 3.75 -10 54.84 3.75 10 54.18 2.59 10 55.73 4.74 -10
4 16 55.73 4.74 -10 55.73 4.74 10 54.84 3.75 10 54.84 3.75 -10
5 24 55.73 4.74 -10 55.73 4.74 10 54.84 3.75 10 56.81 5.52 -10
4 16 56.81 5.52 -10 56.81 5.52 10 55.73 4.74 10 55.73 4.74 -10
5 24 56.81 5.52 -10 56.81 5.52 10 55.73 4.74 10 58.03 6.06 -10
4 16 58.03 6.06 -10 58.03 6.06 10 56.81 5.52 10 56.81 5.52 -10
5 24 58.03 6.06 -10 58.03 6.06 10 56.81 5.52 10 59.33 6.34 -10
4 16 59.33 6.34 -10 59.33 6.34 10 58.03 6.06 10 58.03 6.06 -10
5 24 59.33 6.34 -10 59.33 6.34 10 58.03 6.06 10 60.67 6.34 -10
4 16 60.67 6.34 -10 60.67 6.34 10 59.33 6.34 10 59.33 6.34 -10
5 24 60.67 6.34 -10 60.67 6.34 10 59.33 6.34 10 61.97 6.06 -10
4 16 61.97 6.06 -10 61.97 6.06 10 60.67 6.34 10 60.67 6.34 -10
5 24 61.97 6.06 -10 61.97 6.06 10 60.67 6.34 10 63.19 5.52 -10
4 16 63.19 5.52 -10 63.19 5.52 10 61.97 6.06 10 61.97 6.06 -10
5 24 63.19 5.52 -10 63.19 5.52 10 61.97 6.06 10 64.27 4.74 -10
4 16 64.27 4.74 -10 64.27 4.74 10 63.19 5.52 10 63.19 5.52 -10
5 24 64.27 4.74 -10 64.27 4.74 10 63.19 5.52 10 65.16 3.75 -10
4 16 64.27 4.74 10 64.27 4.74 -10 65.16 3.75 -10 65.16 3.75 10
5 24 65.16 3.75 -10 65.16 3.75 10 64.27 4.74 10 65.82 2.59 -10
4 16 65.16 3.75 10 65.16 3.75 -10 65.82 2.59 -10 65.82 2.59 10
5 24 65.82 2.59 -10 65.82 2.59 10 65.16 3.75 10 66.24 1.33 -10
4 16 65.82 2.59 10 65.82 2.59 -10 66.24 1.33 -10 66.24 1.33 10
5 24 66.24 1.33 -10 66.24 1.33 10 65.82 2.59 10 66.37 0 -10
4 16 66.24 1.33 10 66.24 1.33 -10 66.37 0 -10 66.37 0 10
5 24 66.37 0 -10 66.37 0 10 66.24 1.33 10 66.24 -1.33 -10
4 16 66.37 0 10 66.37 0 -10 66.24 -1.33 -10 66.24 -1.33 10
5 24 66.24 -1.33 -10 66.24 -1.33 10 66.37 0 10 65.82 -2.59 -10
4 16 66.24 -1.33 10 66.24 -1.33 -10 65.82 -2.59 -10 65.82 -2.59 10
5 24 65.82 -2.59 -10 65.82 -2.59 10 66.24 -1.33 10 65.16 -3.75 -10
4 16 65.82 -2.59 10 65.82 -2.59 -10 65.16 -3.75 -10 65.16 -3.75 10
5 24 65.16 -3.75 -10 65.16 -3.75 10 65.82 -2.59 10 64.27 -4.74 -10
4 16 65.16 -3.75 10 65.16 -3.75 -10 64.27 -4.74 -10 64.27 -4.74 10
5 24 64.27 -4.74 -10 64.27 -4.74 10 65.16 -3.75 10 63.19 -5.52 -10
4 16 64.27 -4.74 10 64.27 -4.74 -10 63.19 -5.52 -10 63.19 -5.52 10
5 24 63.19 -5.52 -10 63.19 -5.52 10 64.27 -4.74 10 61.97 -6.06 -10
4 16 63.19 -5.52 10 63.19 -5.52 -10 61.97 -6.06 -10 61.97 -6.06 10
5 24 61.97 -6.06 -10 61.97 -6.06 10 63.19 -5.52 10 60.67 -6.34 -10
4 16 61.97 -6.06 10 61.97 -6.06 -10 60.67 -6.34 -10 60.67 -6.34 10
5 24 60.67 -6.34 -10 60.67 -6.34 10 61.97 -6.06 10 59.33 -6.34 -10
4 16 60.67 -6.34 10 60.67 -6.34 -10 59.33 -6.34 -10 59.33 -6.34 10
5 24 59.33 -6.34 -10 59.33 -6.34 10 60.67 -6.34 10 58.03 -6.06 -10
4 16 59.33 -6.34 10 59.33 -6.34 -10 58.03 -6.06 -10 58.03 -6.06 10
5 24 58.03 -6.06 -10 58.03 -6.06 10 59.33 -6.34 10 56.81 -5.52 -10
4 16 58.03 -6.06 10 58.03 -6.06 -10 56.81 -5.52 -10 56.81 -5.52 10
5 24 56.81 -5.52 -10 56.81 -5.52 10 58.03 -6.06 10 55.73 -4.74 -10
4 16 56.81 -5.52 10 56.81 -5.52 -10 55.73 -4.74 -10 55.73 -4.74 10
5 24 55.73 -4.74 -10 55.73 -4.74 10 56.81 -5.52 10 54.84 -3.75 -10
4 16 55.73 -4.74 10 55.73 -4.74 -10 54.84 -3.75 -10 54.84 -3.75 10
5 24 54.84 -3.75 -10 54.84 -3.75 10 55.73 -4.74 10 54.18 -2.59 -10
4 16 54.84 -3.75 10 54.84 -3.75 -10 54.18 -2.59 -10 54.18 -2.59 10
5 24 54.18 -2.59 -10 54.18 -2.59 10 54.84 -3.75 10 53.76 -1.33 -10
4 16 54.18 -2.59 10 54.18 -2.59 -10 53.76 -1.33 -10 53.76 -1.33 10
4 16 54.43 26.3 10 54.43 26.3 -10 54.32 27.29 -10 54.32 27.29 10
5 24 54.43 26.3 10 54.43 26.3 -10 54.32 27.29 -10 54.74 25.36 10
5 24 54.32 27.29 -10 54.32 27.29 10 54.43 26.3 10 54.43 28.27 -10
4 16 54.43 28.27 -10 54.43 28.27 10 54.32 27.29 10 54.32 27.29 -10
5 24 54.43 28.27 -10 54.43 28.27 10 54.32 27.29 10 54.74 29.22 -10
4 16 54.74 29.22 -10 54.74 29.22 10 54.43 28.27 10 54.43 28.27 -10
5 24 54.74 29.22 -10 54.74 29.22 10 54.43 28.27 10 55.23 30.08 -10
4 16 55.23 30.08 -10 55.23 30.08 10 54.74 29.22 10 54.74 29.22 -10
5 24 55.23 30.08 -10 55.23 30.08 10 54.74 29.22 10 55.9 30.82 -10
4 16 55.9 30.82 -10 55.9 30.82 10 55.23 30.08 10 55.23 30.08 -10
5 24 55.9 30.82 -10 55.9 30.82 10 55.23 30.08 10 56.7 31.4 -10
4 16 56.7 31.4 -10 56.7 31.4 10 55.9 30.82 10 55.9 30.82 -10
5 24 56.7 31.4 -10 56.7 31.4 10 55.9 30.82 10 57.61 31.8 -10
4 16 57.61 31.8 -10 57.61 31.8 10 56.7 31.4 10 56.7 31.4 -10
5 24 57.61 31.8 -10 57.61 31.8 10 56.7 31.4 10 58.58 32.01 -10
4 16 58.58 32.01 -10 58.58 32.01 10 57.61 31.8 10 57.61 31.8 -10
5 24 58.58 32.01 -10 58.58 32.01 10 57.61 31.8 10 59.57 32.01 -10
4 16 59.57 32.01 -10 59.57 32.01 10 58.58 32.01 10 58.58 32.01 -10
5 24 59.57 32.01 -10 59.57 32.01 10 58.58 32.01 10 60.54 31.8 -10
4 16 60.54 31.8 -10 60.54 31.8 10 59.57 32.01 10 59.57 32.01 -10
5 24 60.54 31.8 -10 60.54 31.8 10 59.57 32.01 10 61.45 31.4 -10
4 16 61.45 31.4 -10 61.45 31.4 10 60.54 31.8 10 60.54 31.8 -10
5 24 61.45 31.4 -10 61.45 31.4 10 60.54 31.8 10 62.25 30.82 -10
4 16 62.25 30.82 -10 62.25 30.82 10 61.45 31.4 10 61.45 31.4 -10
5 24 62.25 30.82 -10 62.25 30.82 10 61.45 31.4 10 62.92 30.08 -10
4 16 62.25 30.82 10 62.25 30.82 -10 62.92 30.08 -10 62.92 30.08 10
5 24 62.92 30.08 -10 62.92 30.08 10 62.25 30.82 10 63.41 29.22 -10
4 16 62.92 30.08 10 62.92 30.08 -10 63.41 29.22 -10 63.41 29.22 10
5 24 63.41 29.22 -10 63.41 29.22 10 62.92 30.08 10 63.72 28.27 -10
4 16 63.41 29.22 10 63.41 29.22 -10 63.72 28.27 -10 63.72 28.27 10
5 24 63.72 28.27 -10 63.72 28.27 10 63.41 29.22 10 63.83 27.29 -10
4 16 63.72 28.27 10 63.72 28.27 -10 63.83 27.29 -10 63.83 27.29 10
5 24 63.83 27.29 -10 63.83 27.29 10 63.72 28.27 10 63.72 26.3 -10
4 16 63.83 27.29 10 63.83 27.29 -10 63.72 26.3 -10 63.72 26.3 10
5 24 63.72 26.3 -10 63.72 26.3 10 63.83 27.29 10 63.41 25.36 -10
4 16 63.72 26.3 10 63.72 26.3 -10 63.41 25.36 -10 63.41 25.36 10
5 24 63.41 25.36 -10 63.41 25.36 10 63.72 26.3 10 62.92 24.5 -10
4 16 63.41 25.36 10 63.41 25.36 -10 62.92 24.5 -10 62.92 24.5 10
5 24 62.92 24.5 -10 62.92 24.5 10 63.41 25.36 10 62.25 23.76 -10
4 16 62.92 24.5 10 62.92 24.5 -10 62.25 23.76 -10 62.25 23.76 10
5 24 62.25 23.76 -10 62.25 23.76 10 62.92 24.5 10 61.45 23.17 -10
4 16 62.25 23.76 10 62.25 23.76 -10 61.45 23.17 -10 61.45 23.17 10
5 24 61.45 23.17 -10 61.45 23.17 10 62.25 23.76 10 60.54 22.77 -10
4 16 61.45 23.17 10 61.45 23.17 -10 60.54 22.77 -10 60.54 22.77 10
5 24 60.54 22.77 -10 60.54 22.77 10 61.45 23.17 10 59.57 22.56 -10
4 16 60.54 22.77 10 60.54 22.77 -10 59.57 22.56 -10 59.57 22.56 10
5 24 59.57 22.56 -10 59.57 22.56 10 60.54 22.77 10 58.58 22.56 -10
4 16 59.57 22.56 10 59.57 22.56 -10 58.58 22.56 -10 58.58 22.56 10
5 24 58.58 22.56 -10 58.58 22.56 10 59.57 22.56 10 57.61 22.77 -10
4 16 58.58 22.56 10 58.58 22.56 -10 57.61 22.77 -10 57.61 22.77 10
5 24 57.61 22.77 -10 57.61 22.77 10 58.58 22.56 10 56.7 23.17 -10
4 16 57.61 22.77 10 57.61 22.77 -10 56.7 23.17 -10 56.7 23.17 10
5 24 56.7 23.17 -10 56.7 23.17 10 57.61 22.77 10 55.9 23.76 -10
4 16 56.7 23.17 10 56.7 23.17 -10 55.9 23.76 -10 55.9 23.76 10
5 24 55.9 23.76 -10 55.9 23.76 10 56.7 23.17 10 55.23 24.5 -10
4 16 55.9 23.76 10 55.9 23.76 -10 55.23 24.5 -10 55.23 24.5 10
5 24 55.23 24.5 -10 55.23 24.5 10 55.9 23.76 10 54.74 25.36 -10
4 16 55.23 24.5 10 55.23 24.5 -10 54.74 25.36 -10 54.74 25.36 10
5 24 54.74 25.36 -10 54.74 25.36 10 55.23 24.5 10 54.43 26.3 -10
4 16 54.74 25.36 10 54.74 25.36 -10 54.43 26.3 -10 54.43 26.3 10
0
