0 Bitbeam Servo MG995
0 Name: bb-srv-MG995.dat
0 Author: Daniele Benedettelli [Danny]
0 !LDRAW_ORG Unofficial_Part
0 !LICENSE Redistributable under CCAL version 2.0 : see CAreadme.txt
0 COLOR 71 Stone_Gray 0 163 162 164 255 163 162 164 255
0 COLOR 72 Dark_Stone_Gray 0 99 95 97 255 99 95 97 255
0 COLOR 151 Light_Stone 8 229 228 222 255 229 228 222 255
0 ROTATION CENTER 0 0 0 1 "Custom" 
0 ROTATION CONFIG 0 0
0 BFC CERTIFY CCW
0 !HISTORY 2010-07-24 [Danny] Creation
1 0 63 51 4 0 -10 0 0 0 2 -2 0 0 rod.dat
1 4 63 51 0 0 -10 0 0 0 2 -2 0 0 rod.dat
1 14 63 51 -4 0 -10 0 0 0 2 -2 0 0 rod.dat
1 15 27 -43 0 3 0 0 0 2 0 0 0 3 4-4ring1.dat
1 24 27 -43 0 3 0 0 0 -2 0 0 0 -3 4-4edge.dat
1 24 27 -35 0 6 0 0 0 -2 0 0 0 -6 4-4edge.dat
4 16 27 -33 -23 27 -33 23 -37 -33 22 -37 -33 -23
1 16 27 -33 0 0 0 23 0 1 0 -23 0 0 1-4disc.dat
1 16 27 -33 0 23 0 0 0 1 0 0 0 23 1-4disc.dat
1 16 27 -29 0 0 -64 0 4 0 0 0 0 23 box3u4a.dat
1 16 27 -25 0 23 0 0 0 1 0 0 0 -23 1-4edge.dat
1 16 27 -25 0 0 0 23 0 1 0 23 0 0 1-4edge.dat
1 24 27 -43 0 6 0 0 0 -2 0 0 0 -6 4-4edge.dat
1 15 27 -35 0 6 0 0 0 -8 0 0 0 -6 4-4cyli.dat
0 BFC CERTIFY INVERTNEXT
1 15 27 -35 0 3 0 0 0 -8 0 0 0 -3 4-4cyli.dat
1 24 27 -35 0 3 0 0 0 -2 0 0 0 -3 4-4edge.dat
1 16 27 -36 0 15 0 0 0 3 0 0 0 15 rod.dat
1 16 27 -33 0 23 0 0 0 1 0 0 0 -23 1-4edge.dat
1 16 27 -33 0 0 0 23 0 1 0 23 0 0 1-4edge.dat
1 16 27 -33 0 23 0 0 0 8 0 0 0 -23 1-4cyli.dat
1 16 27 -33 0 0 0 23 0 8 0 23 0 0 1-4cyli.dat
1 16 4 15 0 0 0 -49 0 40 0 24 0 0 box.dat
1 16 62 -14 -13 3.99515 0 -3.99515 0 1 0 3.99515 0 3.99515 3-4ndis.dat
1 16 62 -14 13 3.99515 0 -3.99515 0 1 0 3.99515 0 3.99515 3-4ndis.dat
4 16 62 -14 -5 66 -14 -9 66 -14 9 62 -14 5
4 16 62 -14 21 66 -14 17 66 -14 23 62 -14 23
4 16 62 -14 -23 66 -14 -23 66 -14 -17 62 -14 -21
4 16 54 -14 -13 62 -14 -5 62 -14 5 54 -14 13
4 16 53 -14 -23 54 -14 -23 54 -14 23 53 -14 23
4 16 54 -14 13 62 -14 21 62 -14 23 54 -14 23
4 16 54 -14 -23 62 -14 -23 62 -14 -21 54 -14 -13
0 WRITE
0 BFC CERTIFY INVERTNEXT
1 16 62 -9 13 3.99515 0 -3.99515 0 -5 0 -3.99515 0 -3.99515 3-4cyli.dat
0 BFC CERTIFY INVERTNEXT
1 16 62 -9 -12.971 3.99515 0 -3.99515 0 -5 0 -3.99515 0 -3.99515 3-4cyli.dat
1 16 62 -9 -12.971 3.99515 0 -3.99515 0 -5 0 -3.99515 0 -3.99515 3-4edge.dat
1 16 62 -14 -12.971 3.99515 0 -3.99515 0 -5 0 -3.99515 0 -3.99515 3-4edge.dat
1 16 56 -14 0.029 0 0 3 0 -1 0 1 0 0 box4-1.dat
1 16 66 -11.5 0 0 -1 0 2.5 0 0 0 0 9 rect.dat
1 16 53 -11.5 0 0 1 0 2.5 0 0 0 0 -23 rect.dat
1 16 66 -11.5 -20 0 -1 0 2.5 0 0 0 0 3 rect.dat
1 16 59.5 -11.5 -23 0 0 6.5 2.5 0 0 0 1 0 rect.dat
1 16 59.5 -11.5 23 0 0 -6.5 2.5 0 0 0 -1 0 rect.dat
1 16 66 -11.5 20 0 -1 0 2.5 0 0 0 0 3 rect.dat
1 16 62 -9 13 3.99515 0 -3.99515 0 -1 0 -3.99515 0 -3.99515 3-4ndis.dat
1 16 62 -9 13 3.99515 0 -3.99515 0 -1 0 -3.99515 0 -3.99515 3-4edge.dat
1 16 62 -14 13 3.99515 0 -3.99515 0 -1 0 -3.99515 0 -3.99515 3-4edge.dat
1 16 62 -9 -13 3.99515 0 -3.99515 0 -1 0 -3.99515 0 -3.99515 3-4ndis.dat
4 16 62 -9 5 66 -9 9 66 -9 -9 62 -9 -5
4 16 62 -9 -21 66 -9 -17 66 -9 -23 62 -9 -23
4 16 62 -9 23 66 -9 23 66 -9 17 62 -9 21
4 16 54 -9 13 62 -9 5 62 -9 -5 54 -9 -13
4 16 53 -9 23 54 -9 23 54 -9 -23 53 -9 -23
4 16 54 -9 -13 62 -9 -21 62 -9 -23 54 -9 -23
4 16 54 -9 23 62 -9 23 62 -9 21 54 -9 13
0 WRITE
1 16 -54 -14 13 -3.99515 0 3.99515 0 1 0 -3.99515 0 -3.99515 3-4ndis.dat
1 16 -54 -14 -13 -3.99515 0 3.99515 0 1 0 -3.99515 0 -3.99515 3-4ndis.dat
4 16 -54 -14 5 -58 -14 9 -58 -14 -9 -54 -14 -5
4 16 -54 -14 -21 -58 -14 -17 -58 -14 -23 -54 -14 -23
4 16 -54 -14 23 -58 -14 23 -58 -14 17 -54 -14 21
4 16 -46 -14 13 -54 -14 5 -54 -14 -5 -46 -14 -13
4 16 -45 -14 23 -46 -14 23 -46 -14 -23 -45 -14 -23
4 16 -46 -14 -13 -54 -14 -21 -54 -14 -23 -46 -14 -23
4 16 -46 -14 23 -54 -14 23 -54 -14 21 -46 -14 13
0 WRITE
0 BFC CERTIFY INVERTNEXT
1 16 -54 -9 -13 -3.99515 0 3.99515 0 -5 0 3.99515 0 3.99515 3-4cyli.dat
0 BFC CERTIFY INVERTNEXT
1 16 -54 -9 12.971 -3.99515 0 3.99515 0 -5 0 3.99515 0 3.99515 3-4cyli.dat
1 16 -54 -9 12.971 -3.99515 0 3.99515 0 -5 0 3.99515 0 3.99515 3-4edge.dat
1 16 -54 -14 12.971 -3.99515 0 3.99515 0 -5 0 3.99515 0 3.99515 3-4edge.dat
1 16 -48 -14 -0.029 0 0 -3 0 -1 0 -1 0 0 box4-1.dat
1 16 -58 -11.5 0 0 1 0 2.5 0 0 0 0 -9 rect.dat
1 16 -45 -11.5 0 0 -1 0 2.5 0 0 0 0 23 rect.dat
1 16 -58 -11.5 20 0 1 0 2.5 0 0 0 0 -3 rect.dat
1 16 -51.5 -11.5 23 0 0 -6.5 2.5 0 0 0 -1 0 rect.dat
1 16 -51.5 -11.5 -23 0 0 6.5 2.5 0 0 0 1 0 rect.dat
1 16 -58 -11.5 -20 0 1 0 2.5 0 0 0 0 -3 rect.dat
1 16 -54 -9 -13 -3.99515 0 3.99515 0 -1 0 3.99515 0 3.99515 3-4ndis.dat
1 16 -54 -9 -13 -3.99515 0 3.99515 0 -1 0 3.99515 0 3.99515 3-4edge.dat
1 16 -54 -14 -13 -3.99515 0 3.99515 0 -1 0 3.99515 0 3.99515 3-4edge.dat
1 16 -54 -9 13 -3.99515 0 3.99515 0 -1 0 3.99515 0 3.99515 3-4ndis.dat
4 16 -54 -9 -5 -58 -9 -9 -58 -9 9 -54 -9 5
4 16 -54 -9 21 -58 -9 17 -58 -9 23 -54 -9 23
4 16 -54 -9 -23 -58 -9 -23 -58 -9 -17 -54 -9 -21
4 16 -46 -9 -13 -54 -9 -5 -54 -9 5 -46 -9 13
4 16 -45 -9 -23 -46 -9 -23 -46 -9 23 -45 -9 23
4 16 -46 -9 13 -54 -9 21 -54 -9 23 -46 -9 23
4 16 -46 -9 -23 -54 -9 -23 -54 -9 -21 -46 -9 -13
0
