0 BB Bitbeam Stepper 28BYJ part 2
0 Name: bb-stp_28byj-2.dat
0 Author: Tomas Feltl (e-Mole.cz)
0 !LDRAW_ORG Unofficial_Part
0 !LICENSE Redistributable under CCAL version 2.0 : see CAreadme.txt

0 BFC CERTIFY CCW

0 // Created with stl2dat conversion tool

4 16 3.624996 0 4.958358 2.279 0 5.707581 0.78708 0 6.096575 3.598748 0 -4.8943
2 24 2.279 0 5.707581 0.78708 0 6.096575
2 24 3.624996 0 4.958358 3.598748 0 -4.8943
4 16 3.598748 0 -4.8943 0.78708 0 6.096575 -0.754713 0 6.100681 -2.248684 0 5.71964
2 24 0.78708 0 6.096575 -0.754713 0 6.100681
2 24 -0.754713 0 6.100681 -2.248684 0 5.71964
3 16 3.624996 0 4.958358 3.626514 0 4.958348 2.279 0 5.707581
2 24 3.626514 0 4.958348 3.624996 0 4.958358
2 24 3.626514 0 4.958348 2.279 0 5.707581
4 16 3.598748 0 -4.8943 -2.248684 0 5.71964 -3.600175 0 4.977603 -3.626478 0 -4.8943
2 24 -2.248684 0 5.71964 -3.600175 0 4.977603
2 24 -3.626478 0 -4.8943 -3.600175 0 4.977603
4 16 -3.652674 0 -4.8943 -2.291052 0 -5.658014 -0.7805883 0 -6.052692 -3.626478 0 -4.8943
2 24 -3.652674 0 -4.8943 -2.291052 0 -5.658014
2 24 -2.291052 0 -5.658014 -0.7805883 0 -6.052692
2 24 -3.652674 0 -4.8943 -3.626478 0 -4.8943
4 16 -3.626478 0 -4.8943 -0.7805883 0 -6.052692 0.7805883 0 -6.052692 3.598748 0 -4.8943
2 24 -0.7805883 0 -6.052692 0.7805883 0 -6.052692
4 16 3.598748 0 -4.8943 0.7805883 0 -6.052692 2.291052 0 -5.658014 3.652674 0 -4.8943
2 24 0.7805883 0 -6.052692 2.291052 0 -5.658014
2 24 2.291052 0 -5.658014 3.652674 0 -4.8943
2 24 3.598748 0 -4.8943 3.652674 0 -4.8943

3 16 3.652674 15 -4.8943 4.820453 15 -3.756371 3.598748 15 -4.8943
2 24 3.652674 15 -4.8943 4.820453 15 -3.756371
2 24 3.598748 15 -4.8943 3.652674 15 -4.8943
4 16 3.598748 15 -4.8943 4.820453 15 -3.756371 5.646624 15 -2.350658 6.07264 15 -0.7767778
2 24 4.820453 15 -3.756371 5.646624 15 -2.350658
2 24 5.646624 15 -2.350658 6.07264 15 -0.7767778
4 16 6.07264 15 -0.7767778 6.068311 15 0.8537344 5.633943 15 2.42533 3.598748 15 -4.8943
2 24 6.07264 15 -0.7767778 6.068311 15 0.8537344
2 24 6.068311 15 0.8537344 5.633943 15 2.42533
4 16 3.598748 15 -4.8943 5.633943 15 2.42533 4.800319 15 3.826637 3.624996 15 4.958358
2 24 5.633943 15 2.42533 4.800319 15 3.826637
2 24 3.598748 15 -4.8943 3.624996 15 4.958358
3 16 3.626514 15 4.958348 3.624996 15 4.958358 4.800319 15 3.826637
2 24 3.624996 15 4.958358 3.626514 15 4.958348
2 24 4.800319 15 3.826637 3.626514 15 4.958348

4 16 -3.652674 15 -4.8943 -3.626478 15 -4.8943 -5.65023 15 -2.34206 -4.823327 15 -3.752701
2 24 -3.626478 15 -4.8943 -3.652674 15 -4.8943
2 24 -5.65023 15 -2.34206 -4.823327 15 -3.752701
2 24 -4.823327 15 -3.752701 -3.652674 15 -4.8943
3 16 -3.600163 15 4.9776 -4.782895 15 3.848519 -3.626478 15 -4.8943
2 24 -3.600163 15 4.9776 -4.782895 15 3.848519
2 24 -3.600163 15 4.9776 -3.626478 15 -4.8943
4 16 -3.626478 15 -4.8943 -4.782895 15 3.848519 -5.624757 15 2.446754 -6.065751 15 0.8722061
2 24 -4.782895 15 3.848519 -5.624757 15 2.446754
2 24 -5.624757 15 2.446754 -6.065751 15 0.8722061
4 16 -6.065751 15 0.8722061 -6.074449 15 -0.7629092 -5.65023 15 -2.34206 -3.626478 15 -4.8943
2 24 -6.065751 15 0.8722061 -6.074449 15 -0.7629092
2 24 -6.074449 15 -0.7629092 -5.65023 15 -2.34206

4 16 5.996885 20 1.268531 6.110718 20 -0.3956203 5.771346 20 -2.028772 5.438292 20 2.84026
2 24 5.996885 20 1.268531 6.110718 20 -0.3956203
2 24 6.110718 20 -0.3956203 5.771346 20 -2.028772
2 24 5.438292 20 2.84026 5.996885 20 1.268531
3 16 5.438292 20 2.84026 5.771346 20 -2.028772 5.00394 20 -3.509801
2 24 5.771346 20 -2.028772 5.00394 20 -3.509801
4 16 5.438292 20 2.84026 5.00394 20 -3.509801 3.865414 20 -4.728866 4.476365 20 4.202999
2 24 5.00394 20 -3.509801 3.865414 20 -4.728866
2 24 4.476365 20 4.202999 5.438292 20 2.84026
4 16 4.476365 20 4.202999 3.865414 20 -4.728866 2.440209 20 -5.595554 3.182446 20 5.255678
2 24 3.865414 20 -4.728866 2.440209 20 -5.595554
2 24 3.182446 20 5.255678 4.476365 20 4.202999
4 16 3.182446 20 5.255678 2.440209 20 -5.595554 0.8340241 20 -6.045587 1.6525 20 5.920226
2 24 2.440209 20 -5.595554 0.8340241 20 -6.045587
2 24 1.6525 20 5.920226 3.182446 20 5.255678
4 16 1.6525 20 5.920226 0.8340241 20 -6.045587 -0.8340163 20 -6.045588 0 20 6.147356
2 24 0.8340241 20 -6.045587 -0.8340163 20 -6.045588
2 24 0 20 6.147356 1.6525 20 5.920226
4 16 0 20 6.147356 -0.8340163 20 -6.045588 -2.440202 20 -5.595557 -1.652508 20 5.920224
2 24 -0.8340163 20 -6.045588 -2.440202 20 -5.595557
2 24 -1.652508 20 5.920224 0 20 6.147356
4 16 -1.652508 20 5.920224 -2.440202 20 -5.595557 -3.865408 20 -4.728871 -3.182453 20 5.255674
2 24 -2.440202 20 -5.595557 -3.865408 20 -4.728871
2 24 -3.182453 20 5.255674 -1.652508 20 5.920224
4 16 -3.182453 20 5.255674 -3.865408 20 -4.728871 -5.003935 20 -3.509808 -4.47637 20 4.202993
2 24 -3.865408 20 -4.728871 -5.003935 20 -3.509808
2 24 -4.47637 20 4.202993 -3.182453 20 5.255674
4 16 -4.47637 20 4.202993 -5.003935 20 -3.509808 -5.771343 20 -2.02878 -5.438295 20 2.840253
2 24 -5.003935 20 -3.509808 -5.771343 20 -2.02878
2 24 -5.438295 20 2.840253 -4.47637 20 4.202993
4 16 -5.438295 20 2.840253 -5.771343 20 -2.02878 -6.110717 20 -0.3956281 -5.996887 20 1.268524
2 24 -5.771343 20 -2.02878 -6.110717 20 -0.3956281
2 24 -6.110717 20 -0.3956281 -5.996887 20 1.268524
2 24 -5.996887 20 1.268524 -5.438295 20 2.840253

4 16 -3.626478 0 -4.8943 -3.600175 0 4.977603 -3.600163 15 4.9776 -3.626478 15 -4.8943
2 24 -3.600175 0 4.977603 -3.600163 15 4.9776
2 24 -3.626478 15 -4.8943 -3.626478 0 -4.8943
4 16 -3.626478 0 -4.8943 -3.626478 15 -4.8943 -3.652674 15 -4.8943 -3.652674 0 -4.8943
2 24 -3.652674 15 -4.8943 -3.652674 0 -4.8943
4 16 3.624996 0 4.958358 3.598748 0 -4.8943 3.598748 15 -4.8943 3.624996 15 4.958358
2 24 3.598748 0 -4.8943 3.598748 15 -4.8943
2 24 3.624996 15 4.958358 3.624996 0 4.958358
4 16 3.624996 0 4.958358 3.624996 15 4.958358 3.626514 15 4.958348 3.626514 0 4.958348
2 24 3.626514 15 4.958348 3.626514 0 4.958348
4 16 3.598748 15 -4.8943 3.598748 0 -4.8943 3.652674 0 -4.8943 3.652674 15 -4.8943
2 24 3.652674 0 -4.8943 3.652674 15 -4.8943
3 16 2.279 0 5.707581 3.626514 0 4.958348 3.182446 20 5.255678
5 24 3.626514 0 4.958348 3.182446 20 5.255678 2.279 0 5.707581 3.626514 15 4.958348
5 24 3.182446 20 5.255678 2.279 0 5.707581 3.626514 0 4.958348 1.6525 20 5.920226
3 16 3.182446 20 5.255678 3.626514 0 4.958348 3.626514 15 4.958348
5 24 3.626514 15 4.958348 3.182446 20 5.255678 3.626514 0 4.958348 4.476365 20 4.202999
3 16 3.182446 20 5.255678 3.626514 15 4.958348 4.476365 20 4.202999
5 24 3.626514 15 4.958348 4.476365 20 4.202999 3.182446 20 5.255678 4.800319 15 3.826637
3 16 4.476365 20 4.202999 3.626514 15 4.958348 4.800319 15 3.826637
5 24 4.800319 15 3.826637 4.476365 20 4.202999 3.626514 15 4.958348 5.438292 20 2.84026
3 16 4.476365 20 4.202999 4.800319 15 3.826637 5.438292 20 2.84026
5 24 4.800319 15 3.826637 5.438292 20 2.84026 4.476365 20 4.202999 5.633943 15 2.42533
3 16 5.438292 20 2.84026 4.800319 15 3.826637 5.633943 15 2.42533
5 24 5.633943 15 2.42533 5.438292 20 2.84026 4.800319 15 3.826637 5.996885 20 1.268531
3 16 5.438292 20 2.84026 5.633943 15 2.42533 5.996885 20 1.268531
5 24 5.633943 15 2.42533 5.996885 20 1.268531 5.438292 20 2.84026 6.068311 15 0.8537344
3 16 5.996885 20 1.268531 5.633943 15 2.42533 6.068311 15 0.8537344
5 24 6.068311 15 0.8537344 5.996885 20 1.268531 5.633943 15 2.42533 6.110718 20 -0.3956203
3 16 5.996885 20 1.268531 6.068311 15 0.8537344 6.110718 20 -0.3956203
5 24 6.068311 15 0.8537344 6.110718 20 -0.3956203 5.996885 20 1.268531 6.07264 15 -0.7767778
3 16 6.110718 20 -0.3956203 6.068311 15 0.8537344 6.07264 15 -0.7767778
5 24 6.07264 15 -0.7767778 6.110718 20 -0.3956203 6.068311 15 0.8537344 5.771346 20 -2.028772
3 16 6.110718 20 -0.3956203 6.07264 15 -0.7767778 5.771346 20 -2.028772
5 24 6.07264 15 -0.7767778 5.771346 20 -2.028772 6.110718 20 -0.3956203 5.646624 15 -2.350658
3 16 5.771346 20 -2.028772 6.07264 15 -0.7767778 5.646624 15 -2.350658
5 24 5.646624 15 -2.350658 5.771346 20 -2.028772 6.07264 15 -0.7767778 5.00394 20 -3.509801
3 16 5.771346 20 -2.028772 5.646624 15 -2.350658 5.00394 20 -3.509801
5 24 5.646624 15 -2.350658 5.00394 20 -3.509801 5.771346 20 -2.028772 4.820453 15 -3.756371
3 16 5.00394 20 -3.509801 5.646624 15 -2.350658 4.820453 15 -3.756371
5 24 4.820453 15 -3.756371 5.00394 20 -3.509801 5.646624 15 -2.350658 3.865414 20 -4.728866
3 16 5.00394 20 -3.509801 4.820453 15 -3.756371 3.865414 20 -4.728866
5 24 4.820453 15 -3.756371 3.865414 20 -4.728866 5.00394 20 -3.509801 3.652674 15 -4.8943
3 16 3.865414 20 -4.728866 4.820453 15 -3.756371 3.652674 15 -4.8943
5 24 3.652674 15 -4.8943 3.865414 20 -4.728866 4.820453 15 -3.756371 2.440209 20 -5.595554
3 16 3.865414 20 -4.728866 3.652674 15 -4.8943 2.440209 20 -5.595554
5 24 3.652674 15 -4.8943 2.440209 20 -5.595554 3.865414 20 -4.728866 2.291052 0 -5.658014
3 16 2.440209 20 -5.595554 3.652674 15 -4.8943 2.291052 0 -5.658014
5 24 2.291052 0 -5.658014 2.440209 20 -5.595554 3.652674 15 -4.8943 0.8340241 20 -6.045587
3 16 2.440209 20 -5.595554 2.291052 0 -5.658014 0.8340241 20 -6.045587
5 24 2.291052 0 -5.658014 0.8340241 20 -6.045587 2.440209 20 -5.595554 0.7805883 0 -6.052692
3 16 0.8340241 20 -6.045587 2.291052 0 -5.658014 0.7805883 0 -6.052692
5 24 0.7805883 0 -6.052692 0.8340241 20 -6.045587 2.291052 0 -5.658014 -0.7805883 0 -6.052692
4 16 0.8340241 20 -6.045587 0.7805883 0 -6.052692 -0.7805883 0 -6.052692 -0.8340163 20 -6.045588
5 24 -0.7805883 0 -6.052692 -0.8340163 20 -6.045588 0.8340241 20 -6.045587 -2.291052 0 -5.658014
3 16 3.652674 15 -4.8943 3.652674 0 -4.8943 2.291052 0 -5.658014
3 16 -0.8340163 20 -6.045588 -0.7805883 0 -6.052692 -2.291052 0 -5.658014
5 24 -2.291052 0 -5.658014 -0.8340163 20 -6.045588 -0.7805883 0 -6.052692 -2.440202 20 -5.595557
3 16 -0.8340163 20 -6.045588 -2.291052 0 -5.658014 -2.440202 20 -5.595557
5 24 -2.291052 0 -5.658014 -2.440202 20 -5.595557 -0.8340163 20 -6.045588 -3.652674 0 -4.8943
3 16 -2.440202 20 -5.595557 -2.291052 0 -5.658014 -3.652674 0 -4.8943
5 24 -3.652674 0 -4.8943 -2.440202 20 -5.595557 -2.291052 0 -5.658014 -3.652674 15 -4.8943
3 16 -2.440202 20 -5.595557 -3.652674 0 -4.8943 -3.652674 15 -4.8943
5 24 -3.652674 15 -4.8943 -2.440202 20 -5.595557 -3.652674 0 -4.8943 -3.865408 20 -4.728871
3 16 -2.440202 20 -5.595557 -3.652674 15 -4.8943 -3.865408 20 -4.728871
5 24 -3.652674 15 -4.8943 -3.865408 20 -4.728871 -2.440202 20 -5.595557 -4.823327 15 -3.752701
3 16 -3.865408 20 -4.728871 -3.652674 15 -4.8943 -4.823327 15 -3.752701
5 24 -4.823327 15 -3.752701 -3.865408 20 -4.728871 -3.652674 15 -4.8943 -5.003935 20 -3.509808
3 16 -3.865408 20 -4.728871 -4.823327 15 -3.752701 -5.003935 20 -3.509808
5 24 -4.823327 15 -3.752701 -5.003935 20 -3.509808 -3.865408 20 -4.728871 -5.65023 15 -2.34206
3 16 -5.003935 20 -3.509808 -4.823327 15 -3.752701 -5.65023 15 -2.34206
5 24 -5.65023 15 -2.34206 -5.003935 20 -3.509808 -4.823327 15 -3.752701 -5.771343 20 -2.02878
3 16 -5.003935 20 -3.509808 -5.65023 15 -2.34206 -5.771343 20 -2.02878
5 24 -5.65023 15 -2.34206 -5.771343 20 -2.02878 -5.003935 20 -3.509808 -6.074449 15 -0.7629092
3 16 -5.771343 20 -2.02878 -5.65023 15 -2.34206 -6.074449 15 -0.7629092
5 24 -6.074449 15 -0.7629092 -5.771343 20 -2.02878 -5.65023 15 -2.34206 -6.110717 20 -0.3956281
3 16 -5.771343 20 -2.02878 -6.074449 15 -0.7629092 -6.110717 20 -0.3956281
5 24 -6.074449 15 -0.7629092 -6.110717 20 -0.3956281 -5.771343 20 -2.02878 -6.065751 15 0.8722061
3 16 -6.110717 20 -0.3956281 -6.074449 15 -0.7629092 -6.065751 15 0.8722061
5 24 -6.065751 15 0.8722061 -6.110717 20 -0.3956281 -6.074449 15 -0.7629092 -5.996887 20 1.268524
3 16 -6.110717 20 -0.3956281 -6.065751 15 0.8722061 -5.996887 20 1.268524
5 24 -6.065751 15 0.8722061 -5.996887 20 1.268524 -6.110717 20 -0.3956281 -5.624757 15 2.446754
3 16 -5.996887 20 1.268524 -6.065751 15 0.8722061 -5.624757 15 2.446754
5 24 -5.624757 15 2.446754 -5.996887 20 1.268524 -6.065751 15 0.8722061 -5.438295 20 2.840253
3 16 -5.996887 20 1.268524 -5.624757 15 2.446754 -5.438295 20 2.840253
5 24 -5.624757 15 2.446754 -5.438295 20 2.840253 -5.996887 20 1.268524 -4.782895 15 3.848519
3 16 -5.438295 20 2.840253 -5.624757 15 2.446754 -4.782895 15 3.848519
5 24 -4.782895 15 3.848519 -5.438295 20 2.840253 -5.624757 15 2.446754 -4.47637 20 4.202993
3 16 -5.438295 20 2.840253 -4.782895 15 3.848519 -4.47637 20 4.202993
5 24 -4.782895 15 3.848519 -4.47637 20 4.202993 -5.438295 20 2.840253 -3.600163 15 4.9776
3 16 -4.47637 20 4.202993 -4.782895 15 3.848519 -3.600163 15 4.9776
5 24 -3.600163 15 4.9776 -4.47637 20 4.202993 -4.782895 15 3.848519 -3.182453 20 5.255674
3 16 -4.47637 20 4.202993 -3.600163 15 4.9776 -3.182453 20 5.255674
5 24 -3.600163 15 4.9776 -3.182453 20 5.255674 -4.47637 20 4.202993 -3.600175 0 4.977603
3 16 -3.182453 20 5.255674 -3.600163 15 4.9776 -3.600175 0 4.977603
5 24 -3.600175 0 4.977603 -3.182453 20 5.255674 -3.600163 15 4.9776 -2.248684 0 5.71964
3 16 -3.182453 20 5.255674 -3.600175 0 4.977603 -2.248684 0 5.71964
5 24 -2.248684 0 5.71964 -3.182453 20 5.255674 -3.600175 0 4.977603 -1.652508 20 5.920224
3 16 -3.182453 20 5.255674 -2.248684 0 5.71964 -1.652508 20 5.920224
5 24 -2.248684 0 5.71964 -1.652508 20 5.920224 -3.182453 20 5.255674 -0.754713 0 6.100681
3 16 -1.652508 20 5.920224 -2.248684 0 5.71964 -0.754713 0 6.100681
5 24 -0.754713 0 6.100681 -1.652508 20 5.920224 -2.248684 0 5.71964 0 20 6.147356
3 16 -1.652508 20 5.920224 -0.754713 0 6.100681 0 20 6.147356
5 24 -0.754713 0 6.100681 0 20 6.147356 -1.652508 20 5.920224 0.78708 0 6.096575
3 16 0 20 6.147356 -0.754713 0 6.100681 0.78708 0 6.096575
5 24 0.78708 0 6.096575 0 20 6.147356 -0.754713 0 6.100681 1.6525 20 5.920226
3 16 0 20 6.147356 0.78708 0 6.096575 1.6525 20 5.920226
5 24 0.78708 0 6.096575 1.6525 20 5.920226 0 20 6.147356 2.279 0 5.707581
3 16 1.6525 20 5.920226 0.78708 0 6.096575 2.279 0 5.707581
5 24 2.279 0 5.707581 1.6525 20 5.920226 0.78708 0 6.096575 3.182446 20 5.255678
3 16 1.6525 20 5.920226 2.279 0 5.707581 3.182446 20 5.255678
