0 Bitbeam Servo Big Mount v2
0 Name: bb-srv_big-m2.dat
0 Author: Tomas Feltl (e-Mole.cz)
0 !LDRAW_ORG Unofficial_Part
0 !LICENSE Redistributable under CCAL version 2.0 : see CAreadme.txt

0 BFC CERTIFY CCW

0 // Created with stl2dat conversion tool
0 BFC INVERTNEXT
1 16 -34.25 -27.287 -10 3.84 0 2.79 2.79 0 -3.84 0 20 0 4-4cyli.dat
1 16 -34.25 -27.287 -10 3.84 0 2.79 2.79 0 -3.84 0 1 0 4-4edge.dat
1 16 -34.25 -27.287 10 3.84 0 2.79 2.79 0 -3.84 0 1 0 4-4edge.dat
0 BFC INVERTNEXT
1 16 86.4 -27.288 -10 -2.38 0 4.11 4.11 0 2.38 0 20 0 4-4cyli.dat
1 16 86.4 -27.288 -10 -2.38 0 4.11 4.11 0 2.38 0 1 0 4-4edge.dat
1 16 86.4 -27.288 10 -2.38 0 4.11 4.11 0 2.38 0 1 0 4-4edge.dat
0 BFC INVERTNEXT
1 16 80 0 -10 6.25 0 0 0 0 -6.25 0 20 0 4-4cyli.dat
1 16 80 0 -10 6.25 0 0 0 0 -6.25 0 1 0 4-4edge.dat
1 16 80 0 10 6.25 0 0 0 0 -6.25 0 1 0 4-4edge.dat
0 BFC INVERTNEXT
1 16 60 0 -10 6.25 0 0 0 0 -6.25 0 20 0 4-4cyli.dat
1 16 60 0 -10 6.25 0 0 0 0 -6.25 0 1 0 4-4edge.dat
1 16 60 0 10 6.25 0 0 0 0 -6.25 0 1 0 4-4edge.dat
0 BFC INVERTNEXT
1 16 40 0 -10 6.25 0 0 0 0 -6.25 0 20 0 4-4cyli.dat
1 16 40 0 -10 6.25 0 0 0 0 -6.25 0 1 0 4-4edge.dat
1 16 40 0 10 6.25 0 0 0 0 -6.25 0 1 0 4-4edge.dat
0 BFC INVERTNEXT
1 16 20 0 -10 6.25 0 0 0 0 -6.25 0 20 0 4-4cyli.dat
1 16 20 0 -10 6.25 0 0 0 0 -6.25 0 1 0 4-4edge.dat
1 16 20 0 10 6.25 0 0 0 0 -6.25 0 1 0 4-4edge.dat
0 BFC INVERTNEXT
1 16 0 0 -10 6.25 0 0 0 0 -6.25 0 20 0 4-4cyli.dat
1 16 0 0 -10 6.25 0 0 0 0 -6.25 0 1 0 4-4edge.dat
1 16 0 0 10 6.25 0 0 0 0 -6.25 0 1 0 4-4edge.dat
0 BFC INVERTNEXT
1 16 -20 0 -10 6.25 0 0 0 0 -6.25 0 20 0 4-4cyli.dat
1 16 -20 0 -10 6.25 0 0 0 0 -6.25 0 1 0 4-4edge.dat
1 16 -20 0 10 6.25 0 0 0 0 -6.25 0 1 0 4-4edge.dat
0 BFC INVERTNEXT
1 16 -40 0 -10 -3.93 0 -4.86 -4.86 0 3.93 0 20 0 4-4cyli.dat
1 16 -40 0 -10 -3.93 0 -4.86 -4.86 0 3.93 0 1 0 4-4edge.dat
1 16 -40 0 10 -3.92 0 -4.86 -4.86 0 3.93 0 1 0 4-4edge.dat
0 BFC INVERTNEXT
1 16 100 0 10 -6 0 1.76 -1.76 0 -6 0 -20 0 4-4cyli.dat
1 16 100 0 10 -6 0 1.76 -1.76 0 -6 0 -1 0 4-4edge.dat
1 16 100 0 -10 -6 0 1.76 -1.76 0 -6 0 -1 0 4-4edge.dat

3 16 -31.76819 -23.23742 10 -30.40721 -24.49547 10 -24.55 -15.225 10
3 16 -24.55 -15.225 10 -30.40721 -24.49547 10 -29.63127 -26.17858 10
4 16 -24.55 -15.225 10 -29.63127 -26.17858 10 -29.55849 -28.03051 10 -24.55 -37.5 10
2 24 -24.55 -15.225 10 -24.55 -37.5 10
3 16 -24.55 -37.5 10 -29.55849 -28.03051 10 -30.19995 -29.76932 10
3 16 -30.19995 -29.76932 10 -31.458 -31.13029 10 -24.55 -37.5 10
3 16 -24.55 -37.5 10 -31.458 -31.13029 10 -33.14111 -31.90623 10
4 16 -24.55 -37.5 10 -33.14111 -31.90623 10 -34.99304 -31.97901 10 -44.55 -37.5 10
2 24 -24.55 -37.5 10 -44.55 -37.5 10
3 16 -44.55 -37.5 10 -34.99304 -31.97901 10 -36.73185 -31.33755 10
3 16 -44.55 -37.5 10 -36.73185 -31.33755 10 -38.09283 -30.0795 10
3 16 -38.09283 -30.0795 10 -38.86877 -28.39639 10 -44.55 -37.5 10
4 16 -44.55 -37.5 10 -38.86877 -28.39639 10 -38.94155 -26.54446 10 -44.55 -10 10
2 24 -44.55 -37.5 10 -44.55 -10 10
3 16 -44.55 -10 10 -38.94155 -26.54446 10 -38.30008 -24.80565 10
3 16 -44.55 -10 10 -38.30008 -24.80565 10 -37.04203 -23.44468 10
3 16 -37.04203 -23.44468 10 -35.35893 -22.66874 10 -44.55 -10 10
4 16 -44.55 -10 10 -35.35893 -22.66874 10 -39.33614 -6.214644 10 -41.76492 -5.995629 10
4 16 -39.33614 -6.214644 10 -35.35893 -22.66874 10 -33.507 -22.59596 10 -37.00844 -5.487536 10
4 16 -37.00844 -5.487536 10 -33.507 -22.59596 10 -24.55 -15.225 10 -35.13617 -3.925 10
3 16 -24.55 -15.225 10 -33.507 -22.59596 10 -31.76819 -23.23742 10
3 16 82.63158 -24.396 10 84.02497 -23.174 10 76.7 -15.225 10
3 16 76.7 -15.225 10 84.02497 -23.174 10 85.77992 -22.57824 10
4 16 76.7 -15.225 10 85.77992 -22.57824 10 82.39177 -5.774247 10 80 -6.25 10
3 16 82.39177 -5.774247 10 85.77992 -22.57824 10 87.62927 -22.69943 10
4 16 82.39177 -5.774247 10 87.62927 -22.69943 10 96.7 -10 10 84.41942 -4.419417 10
3 16 96.7 -10 10 87.62927 -22.69943 10 89.29148 -23.5191 10
3 16 96.7 -10 10 89.29148 -23.5191 10 90.51348 -24.91249 10
3 16 90.51348 -24.91249 10 91.10924 -26.66744 10 96.7 -10 10
4 16 96.7 -10 10 91.10924 -26.66744 10 90.98805 -28.51679 10 96.7 -37.5 10
2 24 96.7 -10 10 96.7 -37.5 10
3 16 96.7 -37.5 10 90.98805 -28.51679 10 90.16838 -30.179 10
3 16 96.7 -37.5 10 90.16838 -30.179 10 88.775 -31.401 10
3 16 88.775 -31.401 10 87.02004 -31.99676 10 96.7 -37.5 10
4 16 96.7 -37.5 10 87.02004 -31.99676 10 85.17069 -31.87557 10 76.7 -37.5 10
2 24 96.7 -37.5 10 76.7 -37.5 10
3 16 76.7 -37.5 10 85.17069 -31.87557 10 83.50848 -31.0559 10
3 16 76.7 -37.5 10 83.50848 -31.0559 10 82.28648 -29.66252 10
3 16 82.28648 -29.66252 10 81.69072 -27.90756 10 76.7 -37.5 10
4 16 76.7 -37.5 10 81.69072 -27.90756 10 81.81191 -26.05821 10 76.7 -15.225 10
2 24 76.7 -37.5 10 76.7 -15.225 10
3 16 76.7 -15.225 10 81.81191 -26.05821 10 82.63158 -24.396 10
4 16 22.39177 -5.774247 10 20 -6.25 10 40 -6.25 10 37.60823 -5.774247 10
4 16 40 -6.25 10 20 -6.25 10 -24.55 -15.225 10 76.7 -15.225 10
2 24 76.7 -15.225 10 -24.55 -15.225 10
3 16 40 -6.25 10 76.7 -15.225 10 42.39177 -5.774247 10
4 16 42.39177 -5.774247 10 76.7 -15.225 10 60 -6.25 10 57.60823 -5.774247 10
4 16 42.39177 -5.774247 10 57.60823 -5.774247 10 55.58058 -4.419417 10 44.41942 -4.419417 10
4 16 44.41942 -4.419417 10 55.58058 -4.419417 10 54.22575 -2.391771 10 45.77425 -2.391771 10
4 16 45.77425 -2.391771 10 54.22575 -2.391771 10 53.75 0 10 46.25 0 10
4 16 46.25 0 10 53.75 0 10 54.22575 2.391771 10 45.77425 2.391771 10
4 16 45.77425 2.391771 10 54.22575 2.391771 10 55.58058 4.419417 10 44.41942 4.419417 10
4 16 44.41942 4.419417 10 55.58058 4.419417 10 57.60823 5.774247 10 42.39177 5.774247 10
4 16 42.39177 5.774247 10 57.60823 5.774247 10 60 6.25 10 40 6.25 10
3 16 40 6.25 10 60 6.25 10 110 10 10
3 16 110 10 10 60 6.25 10 80 6.25 10
4 16 110 10 10 80 6.25 10 82.39177 5.774247 10 98.23508 5.995629 10
4 16 98.23508 5.995629 10 82.39177 5.774247 10 84.41942 4.419417 10 96.075 4.863835 10
4 16 96.075 4.863835 10 84.41942 4.419417 10 85.77425 2.391771 10 94.51247 2.991566 10
4 16 94.51247 2.991566 10 85.77425 2.391771 10 86.25 0 10 93.78536 0.6638582 10
4 16 93.78536 0.6638582 10 86.25 0 10 85.77425 -2.391771 10 94.00437 -1.764916 10
4 16 94.00437 -1.764916 10 85.77425 -2.391771 10 84.41942 -4.419417 10 95.13616 -3.924998 10
4 16 95.13616 -3.924998 10 84.41942 -4.419417 10 96.7 -10 10 97.00843 -5.487534 10
3 16 98.23508 5.995629 10 100.6639 6.214643 10 110 10 10
3 16 110 10 10 100.6639 6.214643 10 102.9916 5.487534 10
3 16 110 10 10 102.9916 5.487534 10 104.8638 3.924998 10
3 16 104.8638 3.924998 10 105.9956 1.764916 10 110 10 10
4 16 110 10 10 105.9956 1.764916 10 106.2146 -0.6638582 10 110 -10 10
2 24 110 -10 10 110 10 10
3 16 110 -10 10 106.2146 -0.6638582 10 105.4875 -2.991566 10
3 16 110 -10 10 105.4875 -2.991566 10 103.925 -4.863835 10
3 16 103.925 -4.863835 10 101.7649 -5.995629 10 110 -10 10
4 16 110 -10 10 101.7649 -5.995629 10 99.33614 -6.214643 10 96.7 -10 10
2 24 110 -10 10 96.7 -10 10
3 16 96.7 -10 10 99.33614 -6.214643 10 97.00843 -5.487534 10
3 16 -45.48754 -2.991564 10 -50 -10 10 -43.925 -4.863833 10
4 16 -43.925 -4.863833 10 -50 -10 10 -44.55 -10 10 -41.76492 -5.995629 10
2 24 -44.55 -10 10 -50 -10 10
3 16 -45.48754 -2.991564 10 -46.21464 -0.6638554 10 -50 -10 10
4 16 -50 -10 10 -46.21464 -0.6638554 10 -45.99563 1.764919 10 -50 10 10
2 24 -50 10 10 -50 -10 10
3 16 -50 10 10 -45.99563 1.764919 10 -44.86383 3.925 10
3 16 -50 10 10 -44.86383 3.925 10 -42.99156 5.487536 10
3 16 -42.99156 5.487536 10 -40.66386 6.214644 10 -50 10 10
3 16 -50 10 10 -40.66386 6.214644 10 -38.23508 5.995629 10
4 16 -50 10 10 -38.23508 5.995629 10 -22.39177 5.774247 10 -20 6.25 10
4 16 -38.23508 5.995629 10 -36.075 4.863833 10 -24.41942 4.419417 10 -22.39177 5.774247 10
4 16 -36.075 4.863833 10 -34.51246 2.991564 10 -25.77425 2.391771 10 -24.41942 4.419417 10
4 16 -34.51246 2.991564 10 -33.78536 0.6638554 10 -26.25 0 10 -25.77425 2.391771 10
4 16 -33.78536 0.6638554 10 -34.00437 -1.764919 10 -25.77425 -2.391771 10 -26.25 0 10
4 16 -34.00437 -1.764919 10 -35.13617 -3.925 10 -24.41942 -4.419417 10 -25.77425 -2.391771 10
4 16 -24.41942 -4.419417 10 -35.13617 -3.925 10 -24.55 -15.225 10 -22.39177 -5.774247 10
3 16 -20 -6.25 10 -24.55 -15.225 10 -17.60823 -5.774247 10
4 16 -17.60823 -5.774247 10 -24.55 -15.225 10 0 -6.25 10 -2.391771 -5.774247 10
4 16 -17.60823 -5.774247 10 -2.391771 -5.774247 10 -4.419417 -4.419417 10 -15.58058 -4.419417 10
4 16 -15.58058 -4.419417 10 -4.419417 -4.419417 10 -5.774247 -2.391771 10 -14.22575 -2.391771 10
4 16 -14.22575 -2.391771 10 -5.774247 -2.391771 10 -6.25 0 10 -13.75 0 10
4 16 -13.75 0 10 -6.25 0 10 -5.774247 2.391771 10 -14.22575 2.391771 10
4 16 -14.22575 2.391771 10 -5.774247 2.391771 10 -4.419417 4.419417 10 -15.58058 4.419417 10
4 16 -15.58058 4.419417 10 -4.419417 4.419417 10 -2.391771 5.774247 10 -17.60823 5.774247 10
4 16 -17.60823 5.774247 10 -2.391771 5.774247 10 0 6.25 10 -20 6.25 10
3 16 -20 6.25 10 0 6.25 10 -50 10 10
3 16 -50 10 10 0 6.25 10 20 6.25 10
3 16 -50 10 10 20 6.25 10 40 6.25 10
4 16 40 6.25 10 20 6.25 10 22.39177 5.774247 10 37.60823 5.774247 10
3 16 -20 -6.25 10 -22.39177 -5.774247 10 -24.55 -15.225 10
3 16 0 -6.25 10 -24.55 -15.225 10 20 -6.25 10
4 16 0 -6.25 10 20 -6.25 10 17.60823 -5.774247 10 2.391771 -5.774247 10
4 16 2.391771 -5.774247 10 17.60823 -5.774247 10 15.58058 -4.419417 10 4.419417 -4.419417 10
4 16 4.419417 -4.419417 10 15.58058 -4.419417 10 14.22575 -2.391771 10 5.774247 -2.391771 10
4 16 5.774247 -2.391771 10 14.22575 -2.391771 10 13.75 0 10 6.25 0 10
4 16 6.25 0 10 13.75 0 10 14.22575 2.391771 10 5.774247 2.391771 10
4 16 5.774247 2.391771 10 14.22575 2.391771 10 15.58058 4.419417 10 4.419417 4.419417 10
4 16 4.419417 4.419417 10 15.58058 4.419417 10 17.60823 5.774247 10 2.391771 5.774247 10
4 16 2.391771 5.774247 10 17.60823 5.774247 10 20 6.25 10 0 6.25 10
4 16 22.39177 -5.774247 10 37.60823 -5.774247 10 35.58058 -4.419417 10 24.41942 -4.419417 10
4 16 24.41942 -4.419417 10 35.58058 -4.419417 10 34.22575 -2.391771 10 25.77425 -2.391771 10
4 16 25.77425 -2.391771 10 34.22575 -2.391771 10 33.75 0 10 26.25 0 10
4 16 26.25 0 10 33.75 0 10 34.22575 2.391771 10 25.77425 2.391771 10
4 16 25.77425 2.391771 10 34.22575 2.391771 10 35.58058 4.419417 10 24.41942 4.419417 10
4 16 24.41942 4.419417 10 35.58058 4.419417 10 37.60823 5.774247 10 22.39177 5.774247 10
3 16 62.39177 -5.774247 10 76.7 -15.225 10 64.41942 -4.419417 10
4 16 64.41942 -4.419417 10 76.7 -15.225 10 77.60823 -5.774247 10 75.58058 -4.419417 10
4 16 64.41942 -4.419417 10 75.58058 -4.419417 10 74.22575 -2.391771 10 65.77425 -2.391771 10
4 16 65.77425 -2.391771 10 74.22575 -2.391771 10 73.75 0 10 66.25 0 10
4 16 66.25 0 10 73.75 0 10 74.22575 2.391771 10 65.77425 2.391771 10
4 16 65.77425 2.391771 10 74.22575 2.391771 10 75.58058 4.419417 10 64.41942 4.419417 10
4 16 64.41942 4.419417 10 75.58058 4.419417 10 77.60823 5.774247 10 62.39177 5.774247 10
4 16 62.39177 5.774247 10 77.60823 5.774247 10 80 6.25 10 60 6.25 10
3 16 62.39177 -5.774247 10 60 -6.25 10 76.7 -15.225 10
3 16 76.7 -15.225 10 80 -6.25 10 77.60823 -5.774247 10
3 16 110 10 10 -50 10 10 40 6.25 10
2 24 110 10 10 -50 10 10

3 16 85.77992 -22.57824 -10 84.02497 -23.174 -10 76.7 -15.225 -10
3 16 76.7 -15.225 -10 84.02497 -23.174 -10 82.63158 -24.396 -10
3 16 76.7 -15.225 -10 82.63158 -24.396 -10 81.81191 -26.05821 -10
4 16 81.81191 -26.05821 -10 81.69072 -27.90756 -10 76.7 -37.5 -10 76.7 -15.225 -10
2 24 76.7 -15.225 -10 76.7 -37.5 -10
3 16 81.69072 -27.90756 -10 82.28648 -29.66252 -10 76.7 -37.5 -10
3 16 76.7 -37.5 -10 82.28648 -29.66252 -10 83.50848 -31.0559 -10
3 16 76.7 -37.5 -10 83.50848 -31.0559 -10 85.17069 -31.87557 -10
3 16 85.17069 -31.87557 -10 87.02004 -31.99676 -10 76.7 -37.5 -10
4 16 76.7 -37.5 -10 87.02004 -31.99676 -10 88.775 -31.401 -10 96.7 -37.5 -10
2 24 76.7 -37.5 -10 96.7 -37.5 -10
3 16 96.7 -37.5 -10 88.775 -31.401 -10 90.16838 -30.179 -10
3 16 96.7 -37.5 -10 90.16838 -30.179 -10 90.98805 -28.51679 -10
4 16 90.98805 -28.51679 -10 91.10924 -26.66744 -10 96.7 -10 -10 96.7 -37.5 -10
2 24 96.7 -37.5 -10 96.7 -10 -10
3 16 91.10924 -26.66744 -10 90.51348 -24.91249 -10 96.7 -10 -10
3 16 96.7 -10 -10 90.51348 -24.91249 -10 89.29148 -23.5191 -10
3 16 96.7 -10 -10 89.29148 -23.5191 -10 87.62927 -22.69943 -10
4 16 96.7 -10 -10 87.62927 -22.69943 -10 85.77992 -22.57824 -10 82.39177 -5.774247 -10
4 16 82.39177 -5.774247 -10 85.77992 -22.57824 -10 76.7 -15.225 -10 80 -6.25 -10
3 16 -29.63127 -26.17858 -10 -30.40721 -24.49547 -10 -24.55 -15.225 -10
3 16 -24.55 -15.225 -10 -30.40721 -24.49547 -10 -31.76819 -23.23742 -10
3 16 -24.55 -15.225 -10 -31.76819 -23.23742 -10 -33.507 -22.59596 -10
4 16 -24.55 -15.225 -10 -33.507 -22.59596 -10 -37.00844 -5.487536 -10 -35.13617 -3.925 -10
4 16 -37.00844 -5.487536 -10 -33.507 -22.59596 -10 -35.35893 -22.66874 -10 -39.33614 -6.214644 -10
4 16 -39.33614 -6.214644 -10 -35.35893 -22.66874 -10 -37.04203 -23.44468 -10 -44.55 -10 -10
3 16 -39.33614 -6.214644 -10 -44.55 -10 -10 -41.76492 -5.995629 -10
3 16 -41.76492 -5.995629 -10 -44.55 -10 -10 -43.925 -4.863833 -10
3 16 -44.55 -10 -10 -37.04203 -23.44468 -10 -38.30008 -24.80565 -10
3 16 -44.55 -10 -10 -38.30008 -24.80565 -10 -38.94155 -26.54446 -10
4 16 -44.55 -10 -10 -38.94155 -26.54446 -10 -38.86877 -28.39639 -10 -44.55 -37.5 -10
2 24 -44.55 -10 -10 -44.55 -37.5 -10
3 16 -44.55 -37.5 -10 -38.86877 -28.39639 -10 -38.09283 -30.0795 -10
3 16 -38.09283 -30.0795 -10 -36.73185 -31.33755 -10 -44.55 -37.5 -10
3 16 -44.55 -37.5 -10 -36.73185 -31.33755 -10 -34.99304 -31.97901 -10
4 16 -44.55 -37.5 -10 -34.99304 -31.97901 -10 -33.14111 -31.90623 -10 -24.55 -37.5 -10
2 24 -44.55 -37.5 -10 -24.55 -37.5 -10
3 16 -24.55 -37.5 -10 -33.14111 -31.90623 -10 -31.458 -31.13029 -10
3 16 -31.458 -31.13029 -10 -30.19995 -29.76932 -10 -24.55 -37.5 -10
3 16 -24.55 -37.5 -10 -30.19995 -29.76932 -10 -29.55849 -28.03051 -10
4 16 -24.55 -37.5 -10 -29.55849 -28.03051 -10 -29.63127 -26.17858 -10 -24.55 -15.225 -10
2 24 -24.55 -37.5 -10 -24.55 -15.225 -10
3 16 97.00843 -5.487534 -10 99.33614 -6.214643 -10 96.7 -10 -10
3 16 96.7 -10 -10 99.33614 -6.214643 -10 101.7649 -5.995629 -10
4 16 96.7 -10 -10 101.7649 -5.995629 -10 103.925 -4.863835 -10 110 -10 -10
2 24 96.7 -10 -10 110 -10 -10
3 16 110 -10 -10 103.925 -4.863835 -10 105.4875 -2.991566 -10
3 16 -2.391771 -5.774247 -10 0 -6.25 -10 -24.55 -15.225 -10
3 16 -24.55 -15.225 -10 0 -6.25 -10 20 -6.25 -10
4 16 -24.55 -15.225 -10 20 -6.25 -10 40 -6.25 -10 76.7 -15.225 -10
2 24 -24.55 -15.225 -10 76.7 -15.225 -10
3 16 76.7 -15.225 -10 40 -6.25 -10 42.39177 -5.774247 -10
4 16 -44.55 -10 -10 -50 -10 -10 -45.48754 -2.991564 -10 -43.925 -4.863833 -10
2 24 -50 -10 -10 -44.55 -10 -10
3 16 -45.48754 -2.991564 -10 -50 -10 -10 -46.21464 -0.6638554 -10
4 16 -46.21464 -0.6638554 -10 -50 -10 -10 -50 10 -10 -45.99563 1.764919 -10
2 24 -50 -10 -10 -50 10 -10
3 16 -45.99563 1.764919 -10 -50 10 -10 -44.86383 3.925 -10
4 16 60 -6.25 -10 76.7 -15.225 -10 42.39177 -5.774247 -10 57.60823 -5.774247 -10
4 16 57.60823 -5.774247 -10 42.39177 -5.774247 -10 44.41942 -4.419417 -10 55.58058 -4.419417 -10
4 16 55.58058 -4.419417 -10 44.41942 -4.419417 -10 45.77425 -2.391771 -10 54.22575 -2.391771 -10
4 16 54.22575 -2.391771 -10 45.77425 -2.391771 -10 46.25 0 -10 53.75 0 -10
4 16 53.75 0 -10 46.25 0 -10 45.77425 2.391771 -10 54.22575 2.391771 -10
4 16 54.22575 2.391771 -10 45.77425 2.391771 -10 44.41942 4.419417 -10 55.58058 4.419417 -10
4 16 55.58058 4.419417 -10 44.41942 4.419417 -10 42.39177 5.774247 -10 57.60823 5.774247 -10
4 16 57.60823 5.774247 -10 42.39177 5.774247 -10 40 6.25 -10 60 6.25 -10
3 16 60 6.25 -10 40 6.25 -10 110 10 -10
3 16 110 10 -10 40 6.25 -10 20 6.25 -10
3 16 110 10 -10 20 6.25 -10 -50 10 -10
2 24 -50 10 -10 110 10 -10
3 16 -50 10 -10 20 6.25 -10 0 6.25 -10
3 16 -50 10 -10 0 6.25 -10 -20 6.25 -10
4 16 -20 6.25 -10 0 6.25 -10 -2.391771 5.774247 -10 -17.60823 5.774247 -10
4 16 110 -10 -10 106.2146 -0.6638582 -10 105.9956 1.764916 -10 110 10 -10
2 24 110 10 -10 110 -10 -10
3 16 110 10 -10 105.9956 1.764916 -10 104.8638 3.924998 -10
4 16 -24.55 -15.225 -10 -35.13617 -3.925 -10 -24.41942 -4.419417 -10 -22.39177 -5.774247 -10
4 16 -24.41942 -4.419417 -10 -35.13617 -3.925 -10 -34.00437 -1.764919 -10 -25.77425 -2.391771 -10
4 16 -25.77425 -2.391771 -10 -34.00437 -1.764919 -10 -33.78536 0.6638554 -10 -26.25 0 -10
4 16 -26.25 0 -10 -33.78536 0.6638554 -10 -34.51246 2.991564 -10 -25.77425 2.391771 -10
4 16 -25.77425 2.391771 -10 -34.51246 2.991564 -10 -36.075 4.863833 -10 -24.41942 4.419417 -10
4 16 -24.41942 4.419417 -10 -36.075 4.863833 -10 -38.23508 5.995629 -10 -22.39177 5.774247 -10
4 16 -22.39177 5.774247 -10 -38.23508 5.995629 -10 -50 10 -10 -20 6.25 -10
3 16 -38.23508 5.995629 -10 -40.66386 6.214644 -10 -50 10 -10
3 16 -50 10 -10 -40.66386 6.214644 -10 -42.99156 5.487536 -10
3 16 -50 10 -10 -42.99156 5.487536 -10 -44.86383 3.925 -10
4 16 96.7 -10 -10 82.39177 -5.774247 -10 84.41942 -4.419417 -10 95.13616 -3.924998 -10
4 16 95.13616 -3.924998 -10 84.41942 -4.419417 -10 85.77425 -2.391771 -10 94.00437 -1.764916 -10
4 16 94.00437 -1.764916 -10 85.77425 -2.391771 -10 86.25 0 -10 93.78536 0.6638582 -10
4 16 93.78536 0.6638582 -10 86.25 0 -10 85.77425 2.391771 -10 94.51247 2.991566 -10
4 16 94.51247 2.991566 -10 85.77425 2.391771 -10 84.41942 4.419417 -10 96.075 4.863835 -10
4 16 96.075 4.863835 -10 84.41942 4.419417 -10 82.39177 5.774247 -10 98.23508 5.995629 -10
4 16 98.23508 5.995629 -10 82.39177 5.774247 -10 80 6.25 -10 110 10 -10
3 16 110 10 -10 80 6.25 -10 60 6.25 -10
3 16 95.13616 -3.924998 -10 97.00843 -5.487534 -10 96.7 -10 -10
3 16 105.4875 -2.991566 -10 106.2146 -0.6638582 -10 110 -10 -10
3 16 104.8638 3.924998 -10 102.9916 5.487534 -10 110 10 -10
3 16 110 10 -10 102.9916 5.487534 -10 100.6639 6.214643 -10
3 16 110 10 -10 100.6639 6.214643 -10 98.23508 5.995629 -10
4 16 -17.60823 5.774247 -10 -2.391771 5.774247 -10 -4.419417 4.419417 -10 -15.58058 4.419417 -10
4 16 -15.58058 4.419417 -10 -4.419417 4.419417 -10 -5.774247 2.391771 -10 -14.22575 2.391771 -10
4 16 -14.22575 2.391771 -10 -5.774247 2.391771 -10 -6.25 0 -10 -13.75 0 -10
4 16 -13.75 0 -10 -6.25 0 -10 -5.774247 -2.391771 -10 -14.22575 -2.391771 -10
4 16 -14.22575 -2.391771 -10 -5.774247 -2.391771 -10 -4.419417 -4.419417 -10 -15.58058 -4.419417 -10
4 16 -15.58058 -4.419417 -10 -4.419417 -4.419417 -10 -2.391771 -5.774247 -10 -17.60823 -5.774247 -10
4 16 -17.60823 -5.774247 -10 -2.391771 -5.774247 -10 -24.55 -15.225 -10 -20 -6.25 -10
3 16 -22.39177 -5.774247 -10 -20 -6.25 -10 -24.55 -15.225 -10
4 16 0 6.25 -10 20 6.25 -10 17.60823 5.774247 -10 2.391771 5.774247 -10
4 16 2.391771 5.774247 -10 17.60823 5.774247 -10 15.58058 4.419417 -10 4.419417 4.419417 -10
4 16 4.419417 4.419417 -10 15.58058 4.419417 -10 14.22575 2.391771 -10 5.774247 2.391771 -10
4 16 5.774247 2.391771 -10 14.22575 2.391771 -10 13.75 0 -10 6.25 0 -10
4 16 6.25 0 -10 13.75 0 -10 14.22575 -2.391771 -10 5.774247 -2.391771 -10
4 16 5.774247 -2.391771 -10 14.22575 -2.391771 -10 15.58058 -4.419417 -10 4.419417 -4.419417 -10
4 16 4.419417 -4.419417 -10 15.58058 -4.419417 -10 17.60823 -5.774247 -10 2.391771 -5.774247 -10
4 16 2.391771 -5.774247 -10 17.60823 -5.774247 -10 20 -6.25 -10 0 -6.25 -10
4 16 20 6.25 -10 40 6.25 -10 37.60823 5.774247 -10 22.39177 5.774247 -10
4 16 22.39177 5.774247 -10 37.60823 5.774247 -10 35.58058 4.419417 -10 24.41942 4.419417 -10
4 16 24.41942 4.419417 -10 35.58058 4.419417 -10 34.22575 2.391771 -10 25.77425 2.391771 -10
4 16 25.77425 2.391771 -10 34.22575 2.391771 -10 33.75 0 -10 26.25 0 -10
4 16 26.25 0 -10 33.75 0 -10 34.22575 -2.391771 -10 25.77425 -2.391771 -10
4 16 25.77425 -2.391771 -10 34.22575 -2.391771 -10 35.58058 -4.419417 -10 24.41942 -4.419417 -10
4 16 24.41942 -4.419417 -10 35.58058 -4.419417 -10 37.60823 -5.774247 -10 22.39177 -5.774247 -10
4 16 22.39177 -5.774247 -10 37.60823 -5.774247 -10 40 -6.25 -10 20 -6.25 -10
4 16 60 6.25 -10 80 6.25 -10 77.60823 5.774247 -10 62.39177 5.774247 -10
4 16 62.39177 5.774247 -10 77.60823 5.774247 -10 75.58058 4.419417 -10 64.41942 4.419417 -10
4 16 64.41942 4.419417 -10 75.58058 4.419417 -10 74.22575 2.391771 -10 65.77425 2.391771 -10
4 16 65.77425 2.391771 -10 74.22575 2.391771 -10 73.75 0 -10 66.25 0 -10
4 16 66.25 0 -10 73.75 0 -10 74.22575 -2.391771 -10 65.77425 -2.391771 -10
4 16 65.77425 -2.391771 -10 74.22575 -2.391771 -10 75.58058 -4.419417 -10 64.41942 -4.419417 -10
4 16 64.41942 -4.419417 -10 75.58058 -4.419417 -10 76.7 -15.225 -10 62.39177 -5.774247 -10
3 16 76.7 -15.225 -10 75.58058 -4.419417 -10 77.60823 -5.774247 -10
3 16 76.7 -15.225 -10 77.60823 -5.774247 -10 80 -6.25 -10
3 16 60 -6.25 -10 62.39177 -5.774247 -10 76.7 -15.225 -10

4 16 110 -10 10 96.7 -10 10 96.7 -10 -10 110 -10 -10
2 24 96.7 -10 10 96.7 -10 -10
2 24 110 -10 -10 110 -10 10
4 16 96.7 -10 10 96.7 -37.5 10 96.7 -37.5 -10 96.7 -10 -10
2 24 96.7 -37.5 10 96.7 -37.5 -10
4 16 76.7 -37.5 -10 96.7 -37.5 -10 96.7 -37.5 10 76.7 -37.5 10
2 24 76.7 -37.5 10 76.7 -37.5 -10
4 16 76.7 -37.5 10 76.7 -15.225 10 76.7 -15.225 -10 76.7 -37.5 -10
2 24 76.7 -15.225 10 76.7 -15.225 -10
4 16 -24.55 -15.225 10 -24.55 -37.5 10 -24.55 -37.5 -10 -24.55 -15.225 -10
2 24 -24.55 -37.5 10 -24.55 -37.5 -10
2 24 -24.55 -15.225 -10 -24.55 -15.225 10
4 16 -24.55 -15.225 -10 76.7 -15.225 -10 76.7 -15.225 10 -24.55 -15.225 10
4 16 -24.55 -37.5 10 -44.55 -37.5 10 -44.55 -37.5 -10 -24.55 -37.5 -10
2 24 -44.55 -37.5 10 -44.55 -37.5 -10
4 16 -44.55 -10 -10 -44.55 -37.5 -10 -44.55 -37.5 10 -44.55 -10 10
2 24 -44.55 -10 10 -44.55 -10 -10
4 16 -44.55 -10 10 -50 -10 10 -50 -10 -10 -44.55 -10 -10
2 24 -50 -10 10 -50 -10 -10
4 16 -50 -10 10 -50 10 10 -50 10 -10 -50 -10 -10
2 24 -50 10 10 -50 10 -10
4 16 110 10 10 110 -10 10 110 -10 -10 110 10 -10
2 24 110 10 -10 110 10 10
4 16 -50 10 10 110 10 10 110 10 -10 -50 10 -10
