0 BB Bitbeam Sensor PhtRes
0 Name: bb-sen-light.dat
0 Author: Tomas Feltl (e-Mole.cz)
0 !LDRAW_ORG Unofficial_Part
0 !LICENSE Redistributable under CCAL version 2.0 : see CAreadme.txt

0 BFC CERTIFY CCW

0 // Created with stl2dat conversion tool

4 16 41.22 3.37 77.25 39.59 3.49 77.25 37.99 3.15 77.25 42.76 2.83 77.25
2 24 41.22 3.37 77.25 39.59 3.49 77.25
2 24 39.59 3.49 77.25 37.99 3.15 77.25
2 24 42.76 2.83 77.25 41.22 3.37 77.25
3 16 42.76 2.83 77.25 37.99 3.15 77.25 36.54 2.4 77.25
2 24 37.99 3.15 77.25 36.54 2.4 77.25
4 16 42.76 2.83 77.25 36.54 2.4 77.25 35.35 1.29 77.25 44.1 1.89 77.25
2 24 36.54 2.4 77.25 35.35 1.29 77.25
2 24 44.1 1.89 77.25 42.76 2.83 77.25
4 16 44.1 1.89 77.25 35.35 1.29 77.25 34.5 -0.11 77.25 45.13 0.62 77.25
2 24 35.35 1.29 77.25 34.5 -0.11 77.25
2 24 45.13 0.62 77.25 44.1 1.89 77.25
4 16 45.13 0.62 77.25 34.5 -0.11 77.25 34.06 -1.68 77.25 45.78 -0.88 77.25
2 24 34.5 -0.11 77.25 34.06 -1.68 77.25
2 24 45.78 -0.88 77.25 45.13 0.62 77.25
4 16 45.78 -0.88 77.25 34.06 -1.68 77.25 34.06 -3.32 77.25 46 -2.5 77.25
2 24 34.06 -1.68 77.25 34.06 -3.32 77.25
2 24 46 -2.5 77.25 45.78 -0.88 77.25
4 16 46 -2.5 77.25 34.06 -3.32 77.25 34.5 -4.89 77.25 45.78 -4.12 77.25
2 24 34.06 -3.32 77.25 34.5 -4.89 77.25
2 24 45.78 -4.12 77.25 46 -2.5 77.25
4 16 45.78 -4.12 77.25 34.5 -4.89 77.25 35.35 -6.29 77.25 45.13 -5.62 77.25
2 24 34.5 -4.89 77.25 35.35 -6.29 77.25
2 24 45.13 -5.62 77.25 45.78 -4.12 77.25
4 16 45.13 -5.62 77.25 35.35 -6.29 77.25 36.54 -7.4 77.25 44.1 -6.89 77.25
2 24 35.35 -6.29 77.25 36.54 -7.4 77.25
2 24 44.1 -6.89 77.25 45.13 -5.62 77.25
4 16 44.1 -6.89 77.25 36.54 -7.4 77.25 37.99 -8.15 77.25 42.76 -7.83 77.25
2 24 36.54 -7.4 77.25 37.99 -8.15 77.25
2 24 42.76 -7.83 77.25 44.1 -6.89 77.25
4 16 42.76 -7.83 77.25 37.99 -8.15 77.25 39.59 -8.49 77.25 41.22 -8.37 77.25
2 24 37.99 -8.15 77.25 39.59 -8.49 77.25
2 24 39.59 -8.49 77.25 41.22 -8.37 77.25
2 24 41.22 -8.37 77.25 42.76 -7.83 77.25

4 16 41.22 -8.37 74.25 39.59 -8.49 74.25 37.99 -8.15 74.25 42.76 -7.83 74.25
2 24 41.22 -8.37 74.25 39.59 -8.49 74.25
2 24 39.59 -8.49 74.25 37.99 -8.15 74.25
2 24 42.76 -7.83 74.25 41.22 -8.37 74.25
3 16 42.76 -7.83 74.25 37.99 -8.15 74.25 36.54 -7.4 74.25
2 24 37.99 -8.15 74.25 36.54 -7.4 74.25
4 16 42.76 -7.83 74.25 36.54 -7.4 74.25 35.35 -6.29 74.25 44.1 -6.89 74.25
2 24 36.54 -7.4 74.25 35.35 -6.29 74.25
2 24 44.1 -6.89 74.25 42.76 -7.83 74.25
4 16 44.1 -6.89 74.25 35.35 -6.29 74.25 34.5 -4.89 74.25 45.13 -5.62 74.25
2 24 35.35 -6.29 74.25 34.5 -4.89 74.25
2 24 45.13 -5.62 74.25 44.1 -6.89 74.25
4 16 45.13 -5.62 74.25 34.5 -4.89 74.25 34.06 -3.32 74.25 45.78 -4.12 74.25
2 24 34.5 -4.89 74.25 34.06 -3.32 74.25
2 24 45.78 -4.12 74.25 45.13 -5.62 74.25
4 16 45.78 -4.12 74.25 34.06 -3.32 74.25 34.06 -1.68 74.25 46 -2.5 74.25
2 24 34.06 -3.32 74.25 34.06 -1.68 74.25
2 24 46 -2.5 74.25 45.78 -4.12 74.25
4 16 46 -2.5 74.25 34.06 -1.68 74.25 34.5 -0.11 74.25 45.78 -0.88 74.25
2 24 34.06 -1.68 74.25 34.5 -0.11 74.25
2 24 45.78 -0.88 74.25 46 -2.5 74.25
4 16 45.78 -0.88 74.25 34.5 -0.11 74.25 35.35 1.29 74.25 45.13 0.62 74.25
2 24 34.5 -0.11 74.25 35.35 1.29 74.25
2 24 45.13 0.62 74.25 45.78 -0.88 74.25
4 16 45.13 0.62 74.25 35.35 1.29 74.25 36.54 2.4 74.25 44.1 1.89 74.25
2 24 35.35 1.29 74.25 36.54 2.4 74.25
2 24 44.1 1.89 74.25 45.13 0.62 74.25
4 16 44.1 1.89 74.25 36.54 2.4 74.25 37.99 3.15 74.25 42.76 2.83 74.25
2 24 36.54 2.4 74.25 37.99 3.15 74.25
2 24 42.76 2.83 74.25 44.1 1.89 74.25
4 16 42.76 2.83 74.25 37.99 3.15 74.25 39.59 3.49 74.25 41.22 3.37 74.25
2 24 37.99 3.15 74.25 39.59 3.49 74.25
2 24 39.59 3.49 74.25 41.22 3.37 74.25
2 24 41.22 3.37 74.25 42.76 2.83 74.25

4 16 34.06 -3.32 77.25 34.06 -1.68 77.25 34.06 -1.68 74.25 34.06 -3.32 74.25
5 24 34.06 -1.68 77.25 34.06 -1.68 74.25 34.06 -3.32 74.25 34.5 -0.11 77.25
5 24 34.06 -3.32 77.25 34.06 -3.32 74.25 34.5 -4.89 74.25 34.06 -1.68 77.25
4 16 34.06 -1.68 74.25 34.06 -1.68 77.25 34.5 -0.11 77.25 34.5 -0.11 74.25
5 24 34.5 -0.11 77.25 34.5 -0.11 74.25 34.06 -1.68 74.25 35.35 1.29 77.25
4 16 34.5 -0.11 74.25 34.5 -0.11 77.25 35.35 1.29 77.25 35.35 1.29 74.25
5 24 35.35 1.29 77.25 35.35 1.29 74.25 34.5 -0.11 74.25 36.54 2.4 77.25
4 16 35.35 1.29 74.25 35.35 1.29 77.25 36.54 2.4 77.25 36.54 2.4 74.25
5 24 36.54 2.4 77.25 36.54 2.4 74.25 35.35 1.29 74.25 37.99 3.15 77.25
4 16 36.54 2.4 74.25 36.54 2.4 77.25 37.99 3.15 77.25 37.99 3.15 74.25
5 24 37.99 3.15 77.25 37.99 3.15 74.25 36.54 2.4 74.25 39.59 3.49 77.25
4 16 37.99 3.15 74.25 37.99 3.15 77.25 39.59 3.49 77.25 39.59 3.49 74.25
5 24 39.59 3.49 77.25 39.59 3.49 74.25 37.99 3.15 74.25 41.22 3.37 77.25
4 16 39.59 3.49 74.25 39.59 3.49 77.25 41.22 3.37 77.25 41.22 3.37 74.25
5 24 41.22 3.37 77.25 41.22 3.37 74.25 39.59 3.49 74.25 42.76 2.83 77.25
4 16 41.22 3.37 74.25 41.22 3.37 77.25 42.76 2.83 77.25 42.76 2.83 74.25
5 24 42.76 2.83 77.25 42.76 2.83 74.25 41.22 3.37 74.25 44.1 1.89 77.25
4 16 42.76 2.83 74.25 42.76 2.83 77.25 44.1 1.89 77.25 44.1 1.89 74.25
5 24 44.1 1.89 77.25 44.1 1.89 74.25 42.76 2.83 74.25 45.13 0.62 77.25
4 16 44.1 1.89 74.25 44.1 1.89 77.25 45.13 0.62 77.25 45.13 0.62 74.25
5 24 45.13 0.62 77.25 45.13 0.62 74.25 44.1 1.89 74.25 45.78 -0.88 77.25
4 16 45.13 0.62 74.25 45.13 0.62 77.25 45.78 -0.88 77.25 45.78 -0.88 74.25
5 24 45.78 -0.88 77.25 45.78 -0.88 74.25 45.13 0.62 74.25 46 -2.5 77.25
4 16 45.78 -0.88 74.25 45.78 -0.88 77.25 46 -2.5 77.25 46 -2.5 74.25
5 24 46 -2.5 77.25 46 -2.5 74.25 45.78 -0.88 74.25 45.78 -4.12 77.25
4 16 46 -2.5 74.25 46 -2.5 77.25 45.78 -4.12 77.25 45.78 -4.12 74.25
5 24 45.78 -4.12 77.25 45.78 -4.12 74.25 46 -2.5 74.25 45.13 -5.62 77.25
4 16 45.78 -4.12 74.25 45.78 -4.12 77.25 45.13 -5.62 77.25 45.13 -5.62 74.25
5 24 45.13 -5.62 77.25 45.13 -5.62 74.25 45.78 -4.12 74.25 44.1 -6.89 77.25
4 16 45.13 -5.62 74.25 45.13 -5.62 77.25 44.1 -6.89 77.25 44.1 -6.89 74.25
5 24 44.1 -6.89 77.25 44.1 -6.89 74.25 45.13 -5.62 74.25 42.76 -7.83 77.25
4 16 44.1 -6.89 74.25 44.1 -6.89 77.25 42.76 -7.83 77.25 42.76 -7.83 74.25
5 24 42.76 -7.83 77.25 42.76 -7.83 74.25 44.1 -6.89 74.25 41.22 -8.37 77.25
4 16 42.76 -7.83 74.25 42.76 -7.83 77.25 41.22 -8.37 77.25 41.22 -8.37 74.25
5 24 41.22 -8.37 77.25 41.22 -8.37 74.25 42.76 -7.83 74.25 39.59 -8.49 77.25
4 16 41.22 -8.37 74.25 41.22 -8.37 77.25 39.59 -8.49 77.25 39.59 -8.49 74.25
5 24 39.59 -8.49 77.25 39.59 -8.49 74.25 41.22 -8.37 74.25 37.99 -8.15 77.25
4 16 39.59 -8.49 74.25 39.59 -8.49 77.25 37.99 -8.15 77.25 37.99 -8.15 74.25
5 24 37.99 -8.15 77.25 37.99 -8.15 74.25 39.59 -8.49 74.25 36.54 -7.4 77.25
4 16 37.99 -8.15 74.25 37.99 -8.15 77.25 36.54 -7.4 77.25 36.54 -7.4 74.25
5 24 36.54 -7.4 77.25 36.54 -7.4 74.25 37.99 -8.15 74.25 35.35 -6.29 77.25
4 16 36.54 -7.4 74.25 36.54 -7.4 77.25 35.35 -6.29 77.25 35.35 -6.29 74.25
5 24 35.35 -6.29 77.25 35.35 -6.29 74.25 36.54 -7.4 74.25 34.5 -4.89 77.25
4 16 35.35 -6.29 74.25 35.35 -6.29 77.25 34.5 -4.89 77.25 34.5 -4.89 74.25
5 24 34.5 -4.89 77.25 34.5 -4.89 74.25 35.35 -6.29 74.25 34.06 -3.32 77.25
4 16 34.5 -4.89 74.25 34.5 -4.89 77.25 34.06 -3.32 77.25 34.06 -3.32 74.25
