0 BB Bitbeam Sensor IR Receiver - PCB
0 Name: bb-sen-irrec-pcb.dat
0 Author: Tomas Feltl (e-Mole.cz)
0 !LDRAW_ORG Unofficial_Part
0 !LICENSE Redistributable under CCAL version 2.0 : see CAreadme.txt

0 ROTATION CENTER 0 0 0 1 "Custom" 
0 ROTATION CONFIG 0 0
0 BFC CERTIFY CCW

0 // Created with stl2dat conversion tool

3 16 28.5 -3.85 26.5 28.65 -3.85 27.66 25.37 -3.85 26.5
2 24 28.65 -3.85 27.66 28.5 -3.85 26.5
2 24 28.5 -3.85 26.5 25.37 -3.85 26.5
4 16 25.37 -3.85 26.5 28.65 -3.85 27.66 29.1 -3.85 28.75 25.37 -3.85 31
2 24 29.1 -3.85 28.75 28.65 -3.85 27.66
2 24 25.37 -3.85 26.5 25.37 -3.85 31
3 16 25.37 -3.85 31 29.1 -3.85 28.75 29.82 -3.85 29.68
2 24 29.82 -3.85 29.68 29.1 -3.85 28.75
3 16 25.37 -3.85 31 29.82 -3.85 29.68 30.75 -3.85 30.4
2 24 30.75 -3.85 30.4 29.82 -3.85 29.68
3 16 30.75 -3.85 30.4 31.84 -3.85 30.85 25.37 -3.85 31
2 24 31.84 -3.85 30.85 30.75 -3.85 30.4
3 16 25.37 -3.85 31 31.84 -3.85 30.85 33 -3.85 31
2 24 33 -3.85 31 31.84 -3.85 30.85
2 24 25.37 -3.85 31 33 -3.85 31

4 16 40.63 -3.85 31 40.63 -3.85 26.5 40.63 0.9 18 40.63 0.9 31
2 24 40.63 -3.85 26.5 40.63 -3.85 31
2 24 40.63 0.9 18 40.63 0.9 31
2 24 40.63 -3.85 31 40.63 0.9 31
4 16 40.63 -22.85 26.5 40.63 -22.85 18 40.63 0.9 18 40.63 -3.85 26.5
2 24 40.63 -22.85 18 40.63 -22.85 26.5
2 24 40.63 -22.85 18 40.63 0.9 18
2 24 40.63 -22.85 26.5 40.63 -3.85 26.5

3 16 37.5 -3.85 26.5 40.63 -3.85 26.5 37.35 -3.85 27.66
2 24 40.63 -3.85 26.5 37.5 -3.85 26.5
2 24 37.5 -3.85 26.5 37.35 -3.85 27.66
4 16 37.35 -3.85 27.66 40.63 -3.85 26.5 40.63 -3.85 31 36.9 -3.85 28.75
2 24 37.35 -3.85 27.66 36.9 -3.85 28.75
3 16 36.9 -3.85 28.75 40.63 -3.85 31 36.18 -3.85 29.68
2 24 36.9 -3.85 28.75 36.18 -3.85 29.68
3 16 33 -3.85 31 34.16 -3.85 30.85 40.63 -3.85 31
2 24 34.16 -3.85 30.85 33 -3.85 31
2 24 33 -3.85 31 40.63 -3.85 31
3 16 40.63 -3.85 31 34.16 -3.85 30.85 35.25 -3.85 30.4
2 24 35.25 -3.85 30.4 34.16 -3.85 30.85
3 16 40.63 -3.85 31 35.25 -3.85 30.4 36.18 -3.85 29.68
2 24 36.18 -3.85 29.68 35.25 -3.85 30.4

3 16 40.63 -3.85 31 40.63 0.9 31 33 -3.85 31
4 16 33 -3.85 31 40.63 0.9 31 25.37 0.9 31 25.37 -3.85 31
2 24 40.63 0.9 31 25.37 0.9 31
2 24 25.37 -3.85 31 25.37 0.9 31

4 16 25.37 -22.85 26.5 25.37 -3.85 26.5 25.37 0.9 18 25.37 -22.85 18
2 24 25.37 -3.85 26.5 25.37 -22.85 26.5
2 24 25.37 0.9 18 25.37 -22.85 18
2 24 25.37 -22.85 26.5 25.37 -22.85 18
4 16 25.37 -3.85 31 25.37 0.9 31 25.37 0.9 18 25.37 -3.85 26.5
2 24 25.37 0.9 31 25.37 0.9 18

3 16 40.63 -22.85 26.5 37.5 -22.85 26.5 40.63 -22.85 18
2 24 37.5 -22.85 26.5 40.63 -22.85 26.5
4 16 40.63 -22.85 18 37.5 -22.85 26.5 25.37 -22.85 26.5 25.37 -22.85 18
2 24 25.37 -22.85 26.5 37.5 -22.85 26.5
2 24 25.37 -22.85 18 40.63 -22.85 18

3 16 37.42 -17.39 26.5 40.63 -22.85 26.5 37.5 -16.61 26.5
2 24 37.5 -16.61 26.5 37.42 -17.39 26.5
4 16 37.5 -16.61 26.5 40.63 -22.85 26.5 40.63 -3.85 26.5 37.5 -3.85 26.5
2 24 37.5 -16.61 26.5 37.5 -3.85 26.5
3 16 37.42 -17.39 26.5 37.19 -18.14 26.5 40.63 -22.85 26.5
2 24 37.42 -17.39 26.5 37.19 -18.14 26.5
3 16 40.63 -22.85 26.5 37.19 -18.14 26.5 36.82 -18.83 26.5
2 24 37.19 -18.14 26.5 36.82 -18.83 26.5
4 16 40.63 -22.85 26.5 36.82 -18.83 26.5 36.33 -19.44 26.5 37.5 -22.85 26.5
2 24 36.82 -18.83 26.5 36.33 -19.44 26.5
3 16 37.5 -22.85 26.5 36.33 -19.44 26.5 35.72 -19.93 26.5
2 24 36.33 -19.44 26.5 35.72 -19.93 26.5
3 16 35.72 -19.93 26.5 35.03 -20.3 26.5 37.5 -22.85 26.5
2 24 35.72 -19.93 26.5 35.03 -20.3 26.5
3 16 37.5 -22.85 26.5 35.03 -20.3 26.5 34.28 -20.53 26.5
2 24 35.03 -20.3 26.5 34.28 -20.53 26.5
3 16 37.5 -22.85 26.5 34.28 -20.53 26.5 33.5 -20.61 26.5
2 24 34.28 -20.53 26.5 33.5 -20.61 26.5
3 16 33.5 -20.61 26.5 32.5 -20.61 26.5 37.5 -22.85 26.5
2 24 32.5 -20.61 26.5 33.5 -20.61 26.5
4 16 37.5 -22.85 26.5 32.5 -20.61 26.5 31.55 -20.49 26.5 25.37 -22.85 26.5
2 24 32.5 -20.61 26.5 31.55 -20.49 26.5
3 16 25.37 -22.85 26.5 31.55 -20.49 26.5 30.66 -20.15 26.5
2 24 31.55 -20.49 26.5 30.66 -20.15 26.5
3 16 25.37 -22.85 26.5 30.66 -20.15 26.5 29.87 -19.62 26.5
2 24 30.66 -20.15 26.5 29.87 -19.62 26.5
3 16 29.87 -19.62 26.5 29.23 -18.92 26.5 25.37 -22.85 26.5
2 24 29.87 -19.62 26.5 29.23 -18.92 26.5
3 16 29.23 -18.92 26.5 28.92 -18.39 26.5 25.37 -22.85 26.5
2 24 29.23 -18.92 26.5 28.92 -18.39 26.5
3 16 25.37 -22.85 26.5 28.92 -18.39 26.5 28.69 -17.82 26.5
2 24 28.92 -18.39 26.5 28.69 -17.82 26.5
3 16 25.37 -22.85 26.5 28.69 -17.82 26.5 28.55 -17.22 26.5
2 24 28.69 -17.82 26.5 28.55 -17.22 26.5
3 16 28.55 -17.22 26.5 28.5 -16.61 26.5 25.37 -22.85 26.5
2 24 28.55 -17.22 26.5 28.5 -16.61 26.5
4 16 25.37 -22.85 26.5 28.5 -16.61 26.5 28.5 -3.85 26.5 25.37 -3.85 26.5
2 24 28.5 -3.85 26.5 28.5 -16.61 26.5

4 16 32.5 -20.61 26.5 33.5 -20.61 26.5 33.48 -20.61 26.63 32.52 -20.61 26.63
5 24 33.5 -20.61 26.5 33.48 -20.61 26.63 32.52 -20.61 26.63 33.75 -20.6 26.54
5 24 32.52 -20.61 26.63 32.5 -20.61 26.5 33.5 -20.61 26.5 32.27 -20.6 26.69
4 16 32.52 -20.61 26.63 33.48 -20.61 26.63 33.43 -20.61 26.75 32.57 -20.61 26.75
5 24 33.48 -20.61 26.63 33.43 -20.61 26.75 32.57 -20.61 26.75 33.73 -20.6 26.69
5 24 32.57 -20.61 26.75 32.52 -20.61 26.63 33.48 -20.61 26.63 32.41 -20.6 26.96
4 16 32.57 -20.61 26.75 33.43 -20.61 26.75 33.35 -20.61 26.85 32.65 -20.61 26.85
5 24 33.43 -20.61 26.75 33.35 -20.61 26.85 32.65 -20.61 26.85 33.68 -20.6 26.83
5 24 32.65 -20.61 26.85 32.57 -20.61 26.75 33.43 -20.61 26.75 32.51 -20.6 27.07
4 16 32.65 -20.61 26.85 33.35 -20.61 26.85 33.25 -20.61 26.93 32.75 -20.61 26.93
5 24 33.35 -20.61 26.85 33.25 -20.61 26.93 32.75 -20.61 26.93 33.59 -20.6 26.96
5 24 32.75 -20.61 26.93 32.65 -20.61 26.85 33.35 -20.61 26.85 32.63 -20.6 27.16
4 16 32.75 -20.61 26.93 33.25 -20.61 26.93 33.13 -20.61 26.98 32.87 -20.61 26.98
5 24 33.25 -20.61 26.93 33.13 -20.61 26.98 32.87 -20.61 26.98 33.37 -20.6 27.16
5 24 32.87 -20.61 26.98 32.75 -20.61 26.93 33.25 -20.61 26.93 32.92 -20.6 27.25
3 16 32.87 -20.61 26.98 33.13 -20.61 26.98 33 -20.61 27
5 24 33.13 -20.61 26.98 33 -20.61 27 32.87 -20.61 26.98 33.23 -20.6 27.22
5 24 33 -20.61 27 32.87 -20.61 26.98 33.13 -20.61 26.98 33.08 -20.6 27.25

4 16 53 2.5 -7 13 2.5 -7 13 2.5 43 53 2.5 43
2 24 53 2.5 -7 13 2.5 -7
2 24 13 2.5 -7 13 2.5 43
2 24 13 2.5 43 53 2.5 43
2 24 53 2.5 43 53 2.5 -7
4 16 53 0.9 43 53 0.9 -7 53 2.5 -7 53 2.5 43
2 24 53 0.9 43 53 0.9 -7
2 24 53 0.9 -7 53 2.5 -7
2 24 53 2.5 43 53 0.9 43
4 16 13 0.9 43 53 0.9 43 53 2.5 43 13 2.5 43
2 24 13 0.9 43 53 0.9 43
2 24 13 2.5 43 13 0.9 43
4 16 13 0.9 -7 13 0.9 43 13 2.5 43 13 2.5 -7
2 24 13 0.9 -7 13 0.9 43
2 24 13 2.5 -7 13 0.9 -7
4 16 13 0.9 -7 53 0.9 -7 53 0.9 43 13 0.9 43
2 24 13 0.9 -7 53 0.9 -7
4 16 53 0.9 -7 13 0.9 -7 13 2.5 -7 53 2.5 -7
4 16 23.3 0.9 -7 42.43 0.9 -7 42.43 -5.47 -7 23.3 -5.47 -7
2 24 23.3 0.9 -7 42.43 0.9 -7
2 24 42.43 0.9 -7 42.43 -5.47 -7
2 24 42.43 -5.47 -7 23.3 -5.47 -7
2 24 23.3 -5.47 -7 23.3 0.9 -7
4 16 42.43 -5.48 -0.63 23.3 -5.48 -0.63 23.3 -5.47 -7 42.43 -5.47 -7
2 24 42.43 -5.48 -0.63 23.3 -5.48 -0.63
2 24 23.3 -5.48 -0.63 23.3 -5.47 -7
2 24 42.43 -5.47 -7 42.43 -5.48 -0.63
4 16 23.3 -5.47 -7 23.3 -5.48 -0.63 23.3 0.9 -0.62 23.3 0.9 -7
2 24 23.3 -5.48 -0.63 23.3 0.9 -0.62
2 24 23.3 0.9 -0.62 23.3 0.9 -7
4 16 42.43 -5.48 -0.63 42.43 -5.47 -7 42.43 0.9 -7 42.43 0.9 -0.62
2 24 42.43 0.9 -7 42.43 0.9 -0.62
2 24 42.43 0.9 -0.62 42.43 -5.48 -0.63
4 16 23.3 -5.48 -0.63 42.43 -5.48 -0.63 42.43 0.9 -0.62 23.3 0.9 -0.62
2 24 42.43 0.9 -0.62 23.3 0.9 -0.62
4 16 23.3 0.9 -0.62 42.43 0.9 -0.62 42.43 0.9 -7 23.3 0.9 -7
4 16 28.5 -16.61 26.5 28.65 -16.61 27.66 28.65 -3.85 27.66 28.5 -3.85 26.5
5 24 28.5 -16.61 26.5 28.65 -16.61 27.66 28.65 -3.85 27.66 28.55 -17.22 26.5
5 24 28.65 -16.61 27.66 28.65 -3.85 27.66 28.5 -3.85 26.5 29.1 -16.61 28.75
4 16 28.65 -16.61 27.66 29.1 -16.61 28.75 29.1 -3.85 28.75 28.65 -3.85 27.66
5 24 28.65 -16.61 27.66 29.1 -16.61 28.75 29.1 -3.85 28.75 29.02 -17.36 28.45
5 24 29.1 -16.61 28.75 29.1 -3.85 28.75 28.65 -3.85 27.66 29.82 -16.61 29.68
4 16 29.1 -16.61 28.75 29.82 -16.61 29.68 29.82 -3.85 29.68 29.1 -3.85 28.75
5 24 29.1 -16.61 28.75 29.82 -16.61 29.68 29.82 -3.85 29.68 29.5 -17.36 29.21
5 24 29.82 -16.61 29.68 29.82 -3.85 29.68 29.1 -3.85 28.75 30.75 -16.61 30.4
4 16 29.82 -16.61 29.68 30.75 -16.61 30.4 30.75 -3.85 30.4 29.82 -3.85 29.68
5 24 29.82 -16.61 29.68 30.75 -16.61 30.4 30.75 -3.85 30.4 30.11 -17.36 29.86
5 24 30.75 -16.61 30.4 30.75 -3.85 30.4 29.82 -3.85 29.68 31.84 -16.61 30.85
4 16 30.75 -16.61 30.4 31.84 -16.61 30.85 31.84 -3.85 30.85 30.75 -3.85 30.4
5 24 30.75 -16.61 30.4 31.84 -16.61 30.85 31.84 -3.85 30.85 31.67 -17.36 30.73
5 24 31.84 -16.61 30.85 31.84 -3.85 30.85 30.75 -3.85 30.4 33 -16.61 31
4 16 31.84 -16.61 30.85 33 -16.61 31 33 -3.85 31 31.84 -3.85 30.85
5 24 31.84 -16.61 30.85 33 -16.61 31 33 -3.85 31 32.55 -17.36 30.91
5 24 33 -16.61 31 33 -3.85 31 31.84 -3.85 30.85 34.16 -16.61 30.85
4 16 33 -16.61 31 34.16 -16.61 30.85 34.16 -3.85 30.85 33 -3.85 31
5 24 33 -16.61 31 34.16 -16.61 30.85 34.16 -3.85 30.85 33.45 -17.36 30.91
5 24 34.16 -16.61 30.85 34.16 -3.85 30.85 33 -3.85 31 35.25 -16.61 30.4
4 16 34.16 -16.61 30.85 35.25 -16.61 30.4 35.25 -3.85 30.4 34.16 -3.85 30.85
5 24 34.16 -16.61 30.85 35.25 -16.61 30.4 35.25 -3.85 30.4 34.33 -17.36 30.73
5 24 35.25 -16.61 30.4 35.25 -3.85 30.4 34.16 -3.85 30.85 36.18 -16.61 29.68
4 16 35.25 -16.61 30.4 36.18 -16.61 29.68 36.18 -3.85 29.68 35.25 -3.85 30.4
5 24 35.25 -16.61 30.4 36.18 -16.61 29.68 36.18 -3.85 29.68 35.89 -17.36 29.86
5 24 36.18 -16.61 29.68 36.18 -3.85 29.68 35.25 -3.85 30.4 36.9 -16.61 28.75
4 16 36.18 -16.61 29.68 36.9 -16.61 28.75 36.9 -3.85 28.75 36.18 -3.85 29.68
5 24 36.18 -16.61 29.68 36.9 -16.61 28.75 36.9 -3.85 28.75 36.5 -17.36 29.21
5 24 36.9 -16.61 28.75 36.9 -3.85 28.75 36.18 -3.85 29.68 37.35 -16.61 27.66
4 16 36.9 -16.61 28.75 37.35 -16.61 27.66 37.35 -3.85 27.66 36.9 -3.85 28.75
5 24 36.9 -16.61 28.75 37.35 -16.61 27.66 37.35 -3.85 27.66 36.98 -17.36 28.45
5 24 37.35 -16.61 27.66 37.35 -3.85 27.66 36.9 -3.85 28.75 37.5 -16.61 26.5
4 16 37.35 -16.61 27.66 37.5 -16.61 26.5 37.5 -3.85 26.5 37.35 -3.85 27.66
5 24 37.35 -16.61 27.66 37.5 -16.61 26.5 37.5 -3.85 26.5 37.42 -17.36 26.72
4 16 40.63 -22.85 18 25.37 -22.85 18 25.37 0.9 18 40.63 0.9 18
2 24 25.37 0.9 18 40.63 0.9 18
4 16 28.5 -16.61 26.5 28.55 -17.22 26.5 28.71 -17.36 27.61 28.65 -16.61 27.66
5 24 28.55 -17.22 26.5 28.71 -17.36 27.61 28.65 -16.61 27.66 28.58 -17.36 26.72
5 24 28.71 -17.36 27.61 28.65 -16.61 27.66 28.5 -16.61 26.5 29.02 -17.36 28.45
3 16 28.65 -16.61 27.66 28.71 -17.36 27.61 29.02 -17.36 28.45
5 24 28.71 -17.36 27.61 29.02 -17.36 28.45 28.65 -16.61 27.66 28.92 -18.08 27.56
5 24 29.02 -17.36 28.45 28.65 -16.61 27.66 28.71 -17.36 27.61 29.1 -16.61 28.75
4 16 29.02 -17.36 28.45 28.71 -17.36 27.61 28.92 -18.08 27.56 29.21 -18.08 28.36
5 24 28.71 -17.36 27.61 28.92 -18.08 27.56 29.21 -18.08 28.36 28.58 -17.36 26.72
5 24 28.92 -18.08 27.56 29.21 -18.08 28.36 29.02 -17.36 28.45 29.25 -18.75 27.47
5 24 29.21 -18.08 28.36 29.02 -17.36 28.45 28.71 -17.36 27.61 29.66 -18.08 29.08
4 16 29.21 -18.08 28.36 28.92 -18.08 27.56 29.25 -18.75 27.47 29.52 -18.75 28.21
5 24 28.92 -18.08 27.56 29.25 -18.75 27.47 29.52 -18.75 28.21 28.79 -18.08 26.71
5 24 29.25 -18.75 27.47 29.52 -18.75 28.21 29.21 -18.08 28.36 29.69 -19.35 27.36
5 24 29.52 -18.75 28.21 29.21 -18.08 28.36 28.92 -18.08 27.56 29.93 -18.75 28.87
4 16 29.52 -18.75 28.21 29.25 -18.75 27.47 29.69 -19.35 27.36 29.93 -19.35 28
5 24 29.25 -18.75 27.47 29.69 -19.35 27.36 29.93 -19.35 28 29.13 -18.75 26.7
5 24 29.69 -19.35 27.36 29.93 -19.35 28 29.52 -18.75 28.21 30.24 -19.85 27.21
5 24 29.93 -19.35 28 29.52 -18.75 28.21 29.25 -18.75 27.47 30.3 -19.35 28.59
4 16 29.93 -19.35 28 29.69 -19.35 27.36 30.24 -19.85 27.21 30.44 -19.85 27.76
5 24 29.69 -19.35 27.36 30.24 -19.85 27.21 30.44 -19.85 27.76 29.59 -19.35 26.67
5 24 30.24 -19.85 27.21 30.44 -19.85 27.76 29.93 -19.35 28 30.87 -20.23 27.05
5 24 30.44 -19.85 27.76 29.93 -19.35 28 29.69 -19.35 27.36 30.74 -19.85 28.25
4 16 30.44 -19.85 27.76 30.24 -19.85 27.21 30.87 -20.23 27.05 31.02 -20.23 27.47
5 24 30.24 -19.85 27.21 30.87 -20.23 27.05 31.02 -20.23 27.47 30.15 -19.85 26.64
5 24 30.87 -20.23 27.05 31.02 -20.23 27.47 30.44 -19.85 27.76 31.55 -20.48 26.87
5 24 31.02 -20.23 27.47 30.44 -19.85 27.76 30.24 -19.85 27.21 31.26 -20.23 27.85
4 16 31.02 -20.23 27.47 30.87 -20.23 27.05 31.55 -20.48 26.87 31.66 -20.48 27.16
5 24 30.87 -20.23 27.05 31.55 -20.48 26.87 31.66 -20.48 27.16 30.8 -20.23 26.61
5 24 31.55 -20.48 26.87 31.66 -20.48 27.16 31.02 -20.23 27.47 32.27 -20.6 26.69
5 24 31.66 -20.48 27.16 31.02 -20.23 27.47 30.87 -20.23 27.05 31.82 -20.48 27.42
4 16 31.66 -20.48 27.16 31.55 -20.48 26.87 32.27 -20.6 26.69 32.32 -20.6 26.83
5 24 31.55 -20.48 26.87 32.27 -20.6 26.69 32.32 -20.6 26.83 31.51 -20.48 26.58
5 24 32.27 -20.6 26.69 32.32 -20.6 26.83 31.66 -20.48 27.16 32.52 -20.61 26.63
5 24 32.32 -20.6 26.83 31.66 -20.48 27.16 31.55 -20.48 26.87 32.41 -20.6 26.96
3 16 32.32 -20.6 26.83 32.27 -20.6 26.69 32.52 -20.61 26.63
4 16 32.32 -20.6 26.83 32.52 -20.61 26.63 32.57 -20.61 26.75 32.41 -20.6 26.96
5 24 32.41 -20.6 26.96 32.32 -20.6 26.83 32.52 -20.61 26.63 31.82 -20.48 27.42
3 16 28.71 -17.36 27.61 28.55 -17.22 26.5 28.58 -17.36 26.72
5 24 28.55 -17.22 26.5 28.58 -17.36 26.72 28.71 -17.36 27.61 28.69 -17.82 26.5
5 24 28.58 -17.36 26.72 28.71 -17.36 27.61 28.55 -17.22 26.5 28.79 -18.08 26.71
3 16 28.58 -17.36 26.72 28.55 -17.22 26.5 28.69 -17.82 26.5
5 24 28.69 -17.82 26.5 28.58 -17.36 26.72 28.55 -17.22 26.5 28.79 -18.08 26.71
3 16 28.58 -17.36 26.72 28.69 -17.82 26.5 28.79 -18.08 26.71
5 24 28.69 -17.82 26.5 28.79 -18.08 26.71 28.58 -17.36 26.72 28.92 -18.39 26.5
5 24 28.79 -18.08 26.71 28.58 -17.36 26.72 28.69 -17.82 26.5 28.92 -18.08 27.56
3 16 28.79 -18.08 26.71 28.69 -17.82 26.5 28.92 -18.39 26.5
5 24 28.92 -18.39 26.5 28.79 -18.08 26.71 28.69 -17.82 26.5 29.13 -18.75 26.7
3 16 28.79 -18.08 26.71 28.92 -18.39 26.5 29.13 -18.75 26.7
5 24 28.92 -18.39 26.5 29.13 -18.75 26.7 28.79 -18.08 26.71 29.23 -18.92 26.5
5 24 29.13 -18.75 26.7 28.79 -18.08 26.71 28.92 -18.39 26.5 29.25 -18.75 27.47
3 16 29.13 -18.75 26.7 28.92 -18.39 26.5 29.23 -18.92 26.5
5 24 29.23 -18.92 26.5 29.13 -18.75 26.7 28.92 -18.39 26.5 29.59 -19.35 26.67
3 16 29.13 -18.75 26.7 29.23 -18.92 26.5 29.59 -19.35 26.67
5 24 29.23 -18.92 26.5 29.59 -19.35 26.67 29.13 -18.75 26.7 29.87 -19.62 26.5
5 24 29.59 -19.35 26.67 29.13 -18.75 26.7 29.23 -18.92 26.5 29.69 -19.35 27.36
3 16 29.59 -19.35 26.67 29.23 -18.92 26.5 29.87 -19.62 26.5
5 24 29.87 -19.62 26.5 29.59 -19.35 26.67 29.23 -18.92 26.5 30.15 -19.85 26.64
3 16 29.59 -19.35 26.67 29.87 -19.62 26.5 30.15 -19.85 26.64
5 24 29.87 -19.62 26.5 30.15 -19.85 26.64 29.59 -19.35 26.67 30.66 -20.15 26.5
3 16 30.15 -19.85 26.64 29.87 -19.62 26.5 30.66 -20.15 26.5
5 24 30.66 -20.15 26.5 30.15 -19.85 26.64 29.87 -19.62 26.5 30.8 -20.23 26.61
3 16 30.15 -19.85 26.64 30.66 -20.15 26.5 30.8 -20.23 26.61
5 24 30.66 -20.15 26.5 30.8 -20.23 26.61 30.15 -19.85 26.64 31.55 -20.49 26.5
5 24 30.8 -20.23 26.61 30.15 -19.85 26.64 30.66 -20.15 26.5 30.87 -20.23 27.05
3 16 30.8 -20.23 26.61 30.66 -20.15 26.5 31.55 -20.49 26.5
5 24 31.55 -20.49 26.5 30.8 -20.23 26.61 30.66 -20.15 26.5 31.51 -20.48 26.58
3 16 30.8 -20.23 26.61 31.55 -20.49 26.5 31.51 -20.48 26.58
5 24 31.55 -20.49 26.5 31.51 -20.48 26.58 30.8 -20.23 26.61 32.25 -20.6 26.54
5 24 31.51 -20.48 26.58 30.8 -20.23 26.61 31.55 -20.49 26.5 31.55 -20.48 26.87
3 16 31.51 -20.48 26.58 31.55 -20.49 26.5 32.25 -20.6 26.54
2 24 31.55 -20.49 26.5 32.25 -20.6 26.54
5 24 32.25 -20.6 26.54 31.51 -20.48 26.58 31.55 -20.49 26.5 32.27 -20.6 26.69
4 16 31.51 -20.48 26.58 32.25 -20.6 26.54 32.27 -20.6 26.69 31.55 -20.48 26.87
5 24 32.25 -20.6 26.54 32.27 -20.6 26.69 31.55 -20.48 26.87 32.5 -20.61 26.5
5 24 31.55 -20.48 26.87 31.51 -20.48 26.58 32.25 -20.6 26.54 30.87 -20.23 27.05
3 16 31.55 -20.49 26.5 32.5 -20.61 26.5 32.25 -20.6 26.54
2 24 32.5 -20.61 26.5 32.25 -20.6 26.54
4 16 32.25 -20.6 26.54 32.5 -20.61 26.5 32.52 -20.61 26.63 32.27 -20.6 26.69
4 16 32.41 -20.6 26.96 32.57 -20.61 26.75 32.65 -20.61 26.85 32.51 -20.6 27.07
5 24 32.51 -20.6 27.07 32.41 -20.6 26.96 32.57 -20.61 26.75 32.03 -20.48 27.63
4 16 32.51 -20.6 27.07 32.65 -20.61 26.85 32.75 -20.61 26.93 32.63 -20.6 27.16
5 24 32.63 -20.6 27.16 32.51 -20.6 27.07 32.65 -20.61 26.85 32.27 -20.48 27.81
3 16 32.63 -20.6 27.16 32.75 -20.61 26.93 32.77 -20.6 27.22
5 24 32.77 -20.6 27.22 32.63 -20.6 27.16 32.75 -20.61 26.93 32.55 -20.48 27.93
4 16 32.63 -20.6 27.16 32.77 -20.6 27.22 32.55 -20.48 27.93 32.27 -20.48 27.81
5 24 32.77 -20.6 27.22 32.55 -20.48 27.93 32.27 -20.48 27.81 32.92 -20.6 27.25
5 24 32.27 -20.48 27.81 32.55 -20.48 27.93 32.34 -20.23 28.6 32.63 -20.6 27.16
5 24 32.27 -20.48 27.81 32.63 -20.6 27.16 32.77 -20.6 27.22 32.03 -20.48 27.63
4 16 32.55 -20.48 27.93 32.77 -20.6 27.22 32.92 -20.6 27.25 32.85 -20.48 27.99
5 24 32.92 -20.6 27.25 32.77 -20.6 27.22 32.75 -20.61 26.93 32.85 -20.48 27.99
5 24 32.92 -20.6 27.25 32.85 -20.48 27.99 32.55 -20.48 27.93 33.08 -20.6 27.25
5 24 32.85 -20.48 27.99 32.55 -20.48 27.93 32.77 -20.6 27.22 32.78 -20.23 28.69
4 16 32.55 -20.48 27.93 32.85 -20.48 27.99 32.78 -20.23 28.69 32.34 -20.23 28.6
5 24 32.85 -20.48 27.99 32.78 -20.23 28.69 32.34 -20.23 28.6 33.15 -20.48 27.99
5 24 32.34 -20.23 28.6 32.78 -20.23 28.69 32.71 -19.85 29.34 32.55 -20.48 27.93
5 24 32.34 -20.23 28.6 32.55 -20.48 27.93 32.85 -20.48 27.99 31.93 -20.23 28.43
4 16 32.78 -20.23 28.69 32.85 -20.48 27.99 33.15 -20.48 27.99 33.22 -20.23 28.69
5 24 33.15 -20.48 27.99 32.85 -20.48 27.99 32.92 -20.6 27.25 33.22 -20.23 28.69
5 24 33.15 -20.48 27.99 33.22 -20.23 28.69 32.78 -20.23 28.69 33.45 -20.48 27.93
5 24 33.22 -20.23 28.69 32.78 -20.23 28.69 32.85 -20.48 27.99 33.29 -19.85 29.34
4 16 32.78 -20.23 28.69 33.22 -20.23 28.69 33.29 -19.85 29.34 32.71 -19.85 29.34
5 24 33.22 -20.23 28.69 33.29 -19.85 29.34 32.71 -19.85 29.34 33.66 -20.23 28.6
5 24 32.71 -19.85 29.34 33.29 -19.85 29.34 33.35 -19.35 29.9 32.78 -20.23 28.69
5 24 32.71 -19.85 29.34 32.78 -20.23 28.69 33.22 -20.23 28.69 32.15 -19.85 29.22
4 16 33.29 -19.85 29.34 33.22 -20.23 28.69 33.66 -20.23 28.6 33.85 -19.85 29.22
5 24 33.66 -20.23 28.6 33.22 -20.23 28.69 33.15 -20.48 27.99 33.85 -19.85 29.22
5 24 33.66 -20.23 28.6 33.85 -19.85 29.22 33.29 -19.85 29.34 34.07 -20.23 28.43
5 24 33.85 -19.85 29.22 33.29 -19.85 29.34 33.22 -20.23 28.69 34.02 -19.35 29.76
4 16 33.29 -19.85 29.34 33.85 -19.85 29.22 34.02 -19.35 29.76 33.35 -19.35 29.9
5 24 33.85 -19.85 29.22 34.02 -19.35 29.76 33.35 -19.35 29.9 34.38 -19.85 28.99
5 24 33.35 -19.35 29.9 34.02 -19.35 29.76 34.16 -18.75 30.2 33.29 -19.85 29.34
5 24 33.35 -19.35 29.9 33.29 -19.85 29.34 33.85 -19.85 29.22 32.65 -19.35 29.9
4 16 34.02 -19.35 29.76 33.85 -19.85 29.22 34.38 -19.85 28.99 34.66 -19.35 29.49
5 24 34.38 -19.85 28.99 33.85 -19.85 29.22 33.66 -20.23 28.6 34.66 -19.35 29.49
5 24 34.38 -19.85 28.99 34.66 -19.35 29.49 34.02 -19.35 29.76 34.86 -19.85 28.66
5 24 34.66 -19.35 29.49 34.02 -19.35 29.76 33.85 -19.85 29.22 34.88 -18.75 29.89
4 16 34.02 -19.35 29.76 34.66 -19.35 29.49 34.88 -18.75 29.89 34.16 -18.75 30.2
5 24 34.66 -19.35 29.49 34.88 -18.75 29.89 34.16 -18.75 30.2 35.23 -19.35 29.09
5 24 34.16 -18.75 30.2 34.88 -18.75 29.89 35.05 -18.08 30.19 34.02 -19.35 29.76
5 24 34.16 -18.75 30.2 34.02 -19.35 29.76 34.66 -19.35 29.49 33.39 -18.75 30.36
4 16 34.88 -18.75 29.89 34.66 -19.35 29.49 35.23 -19.35 29.09 35.53 -18.75 29.44
5 24 35.23 -19.35 29.09 34.66 -19.35 29.49 34.38 -19.85 28.99 35.53 -18.75 29.44
5 24 35.23 -19.35 29.09 35.53 -18.75 29.44 34.88 -18.75 29.89 35.7 -19.35 28.59
5 24 35.53 -18.75 29.44 34.88 -18.75 29.89 34.66 -19.35 29.49 35.75 -18.08 29.7
4 16 34.88 -18.75 29.89 35.53 -18.75 29.44 35.75 -18.08 29.7 35.05 -18.08 30.19
5 24 35.53 -18.75 29.44 35.75 -18.08 29.7 35.05 -18.08 30.19 36.07 -18.75 28.87
5 24 35.05 -18.08 30.19 35.75 -18.08 29.7 35.89 -17.36 29.86 34.88 -18.75 29.89
5 24 35.05 -18.08 30.19 34.88 -18.75 29.89 35.53 -18.75 29.44 34.26 -18.08 30.53
4 16 35.75 -18.08 29.7 35.53 -18.75 29.44 36.07 -18.75 28.87 36.34 -18.08 29.08
5 24 36.07 -18.75 28.87 35.53 -18.75 29.44 35.23 -19.35 29.09 36.34 -18.08 29.08
5 24 36.07 -18.75 28.87 36.34 -18.08 29.08 35.75 -18.08 29.7 36.48 -18.75 28.21
5 24 36.34 -18.08 29.08 35.75 -18.08 29.7 35.53 -18.75 29.44 36.5 -17.36 29.21
4 16 35.75 -18.08 29.7 36.34 -18.08 29.08 36.5 -17.36 29.21 35.89 -17.36 29.86
5 24 36.34 -18.08 29.08 36.5 -17.36 29.21 35.89 -17.36 29.86 36.79 -18.08 28.36
5 24 35.89 -17.36 29.86 36.5 -17.36 29.21 36.18 -16.61 29.68 35.75 -18.08 29.7
5 24 35.89 -17.36 29.86 35.75 -18.08 29.7 36.34 -18.08 29.08 35.15 -17.36 30.37
4 16 36.5 -17.36 29.21 36.34 -18.08 29.08 36.79 -18.08 28.36 36.98 -17.36 28.45
5 24 36.79 -18.08 28.36 36.34 -18.08 29.08 36.07 -18.75 28.87 36.98 -17.36 28.45
5 24 36.79 -18.08 28.36 36.98 -17.36 28.45 36.5 -17.36 29.21 37.08 -18.08 27.56
5 24 36.98 -17.36 28.45 36.5 -17.36 29.21 36.34 -18.08 29.08 36.9 -16.61 28.75
3 16 36.5 -17.36 29.21 36.98 -17.36 28.45 36.9 -16.61 28.75
5 24 36.98 -17.36 28.45 36.9 -16.61 28.75 36.5 -17.36 29.21 37.35 -16.61 27.66
5 24 36.9 -16.61 28.75 36.5 -17.36 29.21 36.98 -17.36 28.45 36.18 -16.61 29.68
3 16 36.9 -16.61 28.75 36.98 -17.36 28.45 37.35 -16.61 27.66
5 24 36.98 -17.36 28.45 37.35 -16.61 27.66 36.9 -16.61 28.75 37.29 -17.36 27.61
4 16 32.75 -20.61 26.93 32.87 -20.61 26.98 32.92 -20.6 27.25 32.77 -20.6 27.22
4 16 32.85 -20.48 27.99 32.92 -20.6 27.25 33.08 -20.6 27.25 33.15 -20.48 27.99
5 24 33.08 -20.6 27.25 32.92 -20.6 27.25 32.87 -20.61 26.98 33.15 -20.48 27.99
5 24 33.08 -20.6 27.25 33.15 -20.48 27.99 32.85 -20.48 27.99 33.23 -20.6 27.22
4 16 33.22 -20.23 28.69 33.15 -20.48 27.99 33.45 -20.48 27.93 33.66 -20.23 28.6
5 24 33.45 -20.48 27.93 33.15 -20.48 27.99 33.08 -20.6 27.25 33.66 -20.23 28.6
5 24 33.45 -20.48 27.93 33.66 -20.23 28.6 33.22 -20.23 28.69 33.73 -20.48 27.81
4 16 33.85 -19.85 29.22 33.66 -20.23 28.6 34.07 -20.23 28.43 34.38 -19.85 28.99
5 24 34.07 -20.23 28.43 33.66 -20.23 28.6 33.45 -20.48 27.93 34.38 -19.85 28.99
5 24 34.07 -20.23 28.43 34.38 -19.85 28.99 33.85 -19.85 29.22 34.44 -20.23 28.17
4 16 34.66 -19.35 29.49 34.38 -19.85 28.99 34.86 -19.85 28.66 35.23 -19.35 29.09
5 24 34.86 -19.85 28.66 34.38 -19.85 28.99 34.07 -20.23 28.43 35.23 -19.35 29.09
5 24 34.86 -19.85 28.66 35.23 -19.35 29.09 34.66 -19.35 29.49 35.26 -19.85 28.25
4 16 35.53 -18.75 29.44 35.23 -19.35 29.09 35.7 -19.35 28.59 36.07 -18.75 28.87
5 24 35.7 -19.35 28.59 35.23 -19.35 29.09 34.86 -19.85 28.66 36.07 -18.75 28.87
5 24 35.7 -19.35 28.59 36.07 -18.75 28.87 35.53 -18.75 29.44 36.07 -19.35 28
4 16 36.34 -18.08 29.08 36.07 -18.75 28.87 36.48 -18.75 28.21 36.79 -18.08 28.36
5 24 36.48 -18.75 28.21 36.07 -18.75 28.87 35.7 -19.35 28.59 36.79 -18.08 28.36
5 24 36.48 -18.75 28.21 36.79 -18.08 28.36 36.34 -18.08 29.08 36.75 -18.75 27.47
4 16 36.98 -17.36 28.45 36.79 -18.08 28.36 37.08 -18.08 27.56 37.29 -17.36 27.61
5 24 37.08 -18.08 27.56 36.79 -18.08 28.36 36.48 -18.75 28.21 37.29 -17.36 27.61
5 24 37.08 -18.08 27.56 37.29 -17.36 27.61 36.98 -17.36 28.45 37.21 -18.08 26.71
5 24 37.29 -17.36 27.61 36.98 -17.36 28.45 36.79 -18.08 28.36 37.35 -16.61 27.66
3 16 36.98 -17.36 28.45 37.29 -17.36 27.61 37.35 -16.61 27.66
5 24 37.29 -17.36 27.61 37.35 -16.61 27.66 36.98 -17.36 28.45 37.42 -17.36 26.72
3 16 37.35 -16.61 27.66 37.29 -17.36 27.61 37.42 -17.36 26.72
5 24 37.29 -17.36 27.61 37.42 -17.36 26.72 37.35 -16.61 27.66 37.08 -18.08 27.56
5 24 37.42 -17.36 26.72 37.35 -16.61 27.66 37.29 -17.36 27.61 37.5 -16.61 26.5
3 16 37.35 -16.61 27.66 37.42 -17.36 26.72 37.5 -16.61 26.5
5 24 37.42 -17.36 26.72 37.5 -16.61 26.5 37.35 -16.61 27.66 37.42 -17.39 26.5
3 16 37.5 -16.61 26.5 37.42 -17.36 26.72 37.42 -17.39 26.5
5 24 37.42 -17.36 26.72 37.42 -17.39 26.5 37.5 -16.61 26.5 37.21 -18.08 26.71
4 16 32.87 -20.61 26.98 33 -20.61 27 33.08 -20.6 27.25 32.92 -20.6 27.25
4 16 33.15 -20.48 27.99 33.08 -20.6 27.25 33.23 -20.6 27.22 33.45 -20.48 27.93
5 24 33.23 -20.6 27.22 33.08 -20.6 27.25 33 -20.61 27 33.45 -20.48 27.93
5 24 33.23 -20.6 27.22 33.45 -20.48 27.93 33.15 -20.48 27.99 33.37 -20.6 27.16
4 16 33.66 -20.23 28.6 33.45 -20.48 27.93 33.73 -20.48 27.81 34.07 -20.23 28.43
5 24 33.73 -20.48 27.81 33.45 -20.48 27.93 33.23 -20.6 27.22 34.07 -20.23 28.43
5 24 33.73 -20.48 27.81 34.07 -20.23 28.43 33.66 -20.23 28.6 33.97 -20.48 27.63
4 16 34.38 -19.85 28.99 34.07 -20.23 28.43 34.44 -20.23 28.17 34.86 -19.85 28.66
5 24 34.44 -20.23 28.17 34.07 -20.23 28.43 33.73 -20.48 27.81 34.86 -19.85 28.66
5 24 34.44 -20.23 28.17 34.86 -19.85 28.66 34.38 -19.85 28.99 34.74 -20.23 27.85
4 16 35.23 -19.35 29.09 34.86 -19.85 28.66 35.26 -19.85 28.25 35.7 -19.35 28.59
5 24 35.26 -19.85 28.25 34.86 -19.85 28.66 34.44 -20.23 28.17 35.7 -19.35 28.59
5 24 35.26 -19.85 28.25 35.7 -19.35 28.59 35.23 -19.35 29.09 35.56 -19.85 27.76
4 16 36.07 -18.75 28.87 35.7 -19.35 28.59 36.07 -19.35 28 36.48 -18.75 28.21
5 24 36.07 -19.35 28 35.7 -19.35 28.59 35.26 -19.85 28.25 36.48 -18.75 28.21
5 24 36.07 -19.35 28 36.48 -18.75 28.21 36.07 -18.75 28.87 36.31 -19.35 27.36
4 16 36.79 -18.08 28.36 36.48 -18.75 28.21 36.75 -18.75 27.47 37.08 -18.08 27.56
5 24 36.75 -18.75 27.47 36.48 -18.75 28.21 36.07 -19.35 28 37.08 -18.08 27.56
5 24 36.75 -18.75 27.47 37.08 -18.08 27.56 36.79 -18.08 28.36 36.87 -18.75 26.7
4 16 37.29 -17.36 27.61 37.08 -18.08 27.56 37.21 -18.08 26.71 37.42 -17.36 26.72
5 24 37.21 -18.08 26.71 37.08 -18.08 27.56 36.75 -18.75 27.47 37.42 -17.36 26.72
5 24 37.21 -18.08 26.71 37.42 -17.36 26.72 37.29 -17.36 27.61 37.42 -17.39 26.5
4 16 33 -20.61 27 33.13 -20.61 26.98 33.23 -20.6 27.22 33.08 -20.6 27.25
4 16 33.45 -20.48 27.93 33.23 -20.6 27.22 33.37 -20.6 27.16 33.73 -20.48 27.81
5 24 33.37 -20.6 27.16 33.23 -20.6 27.22 33.13 -20.61 26.98 33.73 -20.48 27.81
5 24 33.37 -20.6 27.16 33.73 -20.48 27.81 33.45 -20.48 27.93 33.49 -20.6 27.07
4 16 34.07 -20.23 28.43 33.73 -20.48 27.81 33.97 -20.48 27.63 34.44 -20.23 28.17
5 24 33.97 -20.48 27.63 33.73 -20.48 27.81 33.37 -20.6 27.16 34.44 -20.23 28.17
5 24 33.97 -20.48 27.63 34.44 -20.23 28.17 34.07 -20.23 28.43 34.18 -20.48 27.42
4 16 34.86 -19.85 28.66 34.44 -20.23 28.17 34.74 -20.23 27.85 35.26 -19.85 28.25
5 24 34.74 -20.23 27.85 34.44 -20.23 28.17 33.97 -20.48 27.63 35.26 -19.85 28.25
5 24 34.74 -20.23 27.85 35.26 -19.85 28.25 34.86 -19.85 28.66 34.98 -20.23 27.47
4 16 35.7 -19.35 28.59 35.26 -19.85 28.25 35.56 -19.85 27.76 36.07 -19.35 28
5 24 35.56 -19.85 27.76 35.26 -19.85 28.25 34.74 -20.23 27.85 36.07 -19.35 28
5 24 35.56 -19.85 27.76 36.07 -19.35 28 35.7 -19.35 28.59 35.76 -19.85 27.21
4 16 36.48 -18.75 28.21 36.07 -19.35 28 36.31 -19.35 27.36 36.75 -18.75 27.47
5 24 36.31 -19.35 27.36 36.07 -19.35 28 35.56 -19.85 27.76 36.75 -18.75 27.47
5 24 36.31 -19.35 27.36 36.75 -18.75 27.47 36.48 -18.75 28.21 36.41 -19.35 26.67
4 16 37.08 -18.08 27.56 36.75 -18.75 27.47 36.87 -18.75 26.7 37.21 -18.08 26.71
5 24 36.87 -18.75 26.7 36.75 -18.75 27.47 36.31 -19.35 27.36 37.21 -18.08 26.71
5 24 36.87 -18.75 26.7 37.21 -18.08 26.71 37.08 -18.08 27.56 37.19 -18.14 26.5
3 16 37.42 -17.36 26.72 37.21 -18.08 26.71 37.42 -17.39 26.5
5 24 37.21 -18.08 26.71 37.42 -17.39 26.5 37.42 -17.36 26.72 37.19 -18.14 26.5
4 16 33.13 -20.61 26.98 33.25 -20.61 26.93 33.37 -20.6 27.16 33.23 -20.6 27.22
4 16 33.73 -20.48 27.81 33.37 -20.6 27.16 33.49 -20.6 27.07 33.97 -20.48 27.63
5 24 33.49 -20.6 27.07 33.37 -20.6 27.16 33.25 -20.61 26.93 33.97 -20.48 27.63
5 24 33.49 -20.6 27.07 33.97 -20.48 27.63 33.73 -20.48 27.81 33.59 -20.6 26.96
4 16 34.44 -20.23 28.17 33.97 -20.48 27.63 34.18 -20.48 27.42 34.74 -20.23 27.85
5 24 34.18 -20.48 27.42 33.97 -20.48 27.63 33.49 -20.6 27.07 34.74 -20.23 27.85
5 24 34.18 -20.48 27.42 34.74 -20.23 27.85 34.44 -20.23 28.17 34.34 -20.48 27.16
4 16 35.26 -19.85 28.25 34.74 -20.23 27.85 34.98 -20.23 27.47 35.56 -19.85 27.76
5 24 34.98 -20.23 27.47 34.74 -20.23 27.85 34.18 -20.48 27.42 35.56 -19.85 27.76
5 24 34.98 -20.23 27.47 35.56 -19.85 27.76 35.26 -19.85 28.25 35.13 -20.23 27.05
4 16 36.07 -19.35 28 35.56 -19.85 27.76 35.76 -19.85 27.21 36.31 -19.35 27.36
5 24 35.76 -19.85 27.21 35.56 -19.85 27.76 34.98 -20.23 27.47 36.31 -19.35 27.36
5 24 35.76 -19.85 27.21 36.31 -19.35 27.36 36.07 -19.35 28 35.85 -19.85 26.64
4 16 36.75 -18.75 27.47 36.31 -19.35 27.36 36.41 -19.35 26.67 36.87 -18.75 26.7
5 24 36.41 -19.35 26.67 36.31 -19.35 27.36 35.76 -19.85 27.21 36.87 -18.75 26.7
5 24 36.87 -18.75 26.7 36.41 -19.35 26.67 36.82 -18.83 26.5 36.75 -18.75 27.47
3 16 37.21 -18.08 26.71 36.87 -18.75 26.7 37.19 -18.14 26.5
5 24 36.87 -18.75 26.7 37.19 -18.14 26.5 37.21 -18.08 26.71 36.82 -18.83 26.5
5 24 37.19 -18.14 26.5 37.21 -18.08 26.71 36.87 -18.75 26.7 37.42 -17.39 26.5
3 16 37.21 -18.08 26.71 37.19 -18.14 26.5 37.42 -17.39 26.5
3 16 33.37 -20.6 27.16 33.25 -20.61 26.93 33.49 -20.6 27.07
4 16 33.49 -20.6 27.07 33.25 -20.61 26.93 33.35 -20.61 26.85 33.59 -20.6 26.96
5 24 33.59 -20.6 26.96 33.49 -20.6 27.07 33.25 -20.61 26.93 34.18 -20.48 27.42
4 16 33.59 -20.6 26.96 33.35 -20.61 26.85 33.43 -20.61 26.75 33.68 -20.6 26.83
5 24 33.68 -20.6 26.83 33.59 -20.6 26.96 33.35 -20.61 26.85 34.34 -20.48 27.16
4 16 33.68 -20.6 26.83 33.43 -20.61 26.75 33.48 -20.61 26.63 33.73 -20.6 26.69
5 24 33.73 -20.6 26.69 33.68 -20.6 26.83 33.43 -20.61 26.75 34.45 -20.48 26.87
4 16 33.73 -20.6 26.69 33.48 -20.61 26.63 33.5 -20.61 26.5 33.75 -20.6 26.54
2 24 33.5 -20.61 26.5 33.75 -20.6 26.54
5 24 33.75 -20.6 26.54 33.73 -20.6 26.69 33.48 -20.61 26.63 34.49 -20.48 26.58
4 16 33.73 -20.6 26.69 33.75 -20.6 26.54 34.49 -20.48 26.58 34.45 -20.48 26.87
5 24 33.75 -20.6 26.54 34.49 -20.48 26.58 34.45 -20.48 26.87 34.28 -20.53 26.5
5 24 34.49 -20.48 26.58 34.45 -20.48 26.87 33.73 -20.6 26.69 35.2 -20.23 26.61
5 24 33.73 -20.6 26.69 34.45 -20.48 26.87 34.34 -20.48 27.16 33.75 -20.6 26.54
3 16 34.49 -20.48 26.58 33.75 -20.6 26.54 34.28 -20.53 26.5
2 24 33.75 -20.6 26.54 34.28 -20.53 26.5
2 24 34.28 -20.53 26.5 34.49 -20.48 26.58
3 16 34.49 -20.48 26.58 34.28 -20.53 26.5 35.03 -20.3 26.5
5 24 35.03 -20.3 26.5 34.49 -20.48 26.58 34.28 -20.53 26.5 35.2 -20.23 26.61
3 16 33.75 -20.6 26.54 33.5 -20.61 26.5 34.28 -20.53 26.5
3 16 34.49 -20.48 26.58 35.03 -20.3 26.5 35.2 -20.23 26.61
5 24 35.03 -20.3 26.5 35.2 -20.23 26.61 34.49 -20.48 26.58 35.72 -19.93 26.5
5 24 35.2 -20.23 26.61 34.49 -20.48 26.58 35.03 -20.3 26.5 35.13 -20.23 27.05
3 16 35.2 -20.23 26.61 35.03 -20.3 26.5 35.72 -19.93 26.5
5 24 35.72 -19.93 26.5 35.2 -20.23 26.61 35.03 -20.3 26.5 35.85 -19.85 26.64
3 16 35.2 -20.23 26.61 35.72 -19.93 26.5 35.85 -19.85 26.64
5 24 35.72 -19.93 26.5 35.85 -19.85 26.64 35.2 -20.23 26.61 36.33 -19.44 26.5
3 16 35.85 -19.85 26.64 35.72 -19.93 26.5 36.33 -19.44 26.5
5 24 36.33 -19.44 26.5 35.85 -19.85 26.64 35.72 -19.93 26.5 36.41 -19.35 26.67
3 16 35.85 -19.85 26.64 36.33 -19.44 26.5 36.41 -19.35 26.67
5 24 36.33 -19.44 26.5 36.41 -19.35 26.67 35.85 -19.85 26.64 36.82 -18.83 26.5
5 24 36.41 -19.35 26.67 35.85 -19.85 26.64 36.33 -19.44 26.5 36.31 -19.35 27.36
3 16 36.41 -19.35 26.67 36.33 -19.44 26.5 36.82 -18.83 26.5
5 24 36.82 -18.83 26.5 36.41 -19.35 26.67 36.33 -19.44 26.5 36.87 -18.75 26.7
3 16 36.41 -19.35 26.67 36.82 -18.83 26.5 36.87 -18.75 26.7
5 24 36.82 -18.83 26.5 36.87 -18.75 26.7 36.41 -19.35 26.67 37.19 -18.14 26.5
3 16 36.87 -18.75 26.7 36.82 -18.83 26.5 37.19 -18.14 26.5
3 16 36.9 -16.61 28.75 36.18 -16.61 29.68 36.5 -17.36 29.21
5 24 36.18 -16.61 29.68 36.5 -17.36 29.21 36.9 -16.61 28.75 35.89 -17.36 29.86
3 16 36.5 -17.36 29.21 36.18 -16.61 29.68 35.89 -17.36 29.86
5 24 36.18 -16.61 29.68 35.89 -17.36 29.86 36.5 -17.36 29.21 35.25 -16.61 30.4
4 16 35.75 -18.08 29.7 35.89 -17.36 29.86 35.15 -17.36 30.37 35.05 -18.08 30.19
5 24 35.15 -17.36 30.37 35.89 -17.36 29.86 35.25 -16.61 30.4 35.05 -18.08 30.19
5 24 35.15 -17.36 30.37 35.05 -18.08 30.19 35.75 -18.08 29.7 34.33 -17.36 30.73
4 16 34.88 -18.75 29.89 35.05 -18.08 30.19 34.26 -18.08 30.53 34.16 -18.75 30.2
5 24 34.26 -18.08 30.53 35.05 -18.08 30.19 35.15 -17.36 30.37 34.16 -18.75 30.2
5 24 34.26 -18.08 30.53 34.16 -18.75 30.2 34.88 -18.75 29.89 33.43 -18.08 30.7
4 16 34.02 -19.35 29.76 34.16 -18.75 30.2 33.39 -18.75 30.36 33.35 -19.35 29.9
5 24 33.39 -18.75 30.36 34.16 -18.75 30.2 34.26 -18.08 30.53 33.35 -19.35 29.9
5 24 33.39 -18.75 30.36 33.35 -19.35 29.9 34.02 -19.35 29.76 32.61 -18.75 30.36
4 16 33.29 -19.85 29.34 33.35 -19.35 29.9 32.65 -19.35 29.9 32.71 -19.85 29.34
5 24 32.65 -19.35 29.9 33.35 -19.35 29.9 33.39 -18.75 30.36 32.71 -19.85 29.34
5 24 32.65 -19.35 29.9 32.71 -19.85 29.34 33.29 -19.85 29.34 31.98 -19.35 29.76
4 16 32.78 -20.23 28.69 32.71 -19.85 29.34 32.15 -19.85 29.22 32.34 -20.23 28.6
5 24 32.15 -19.85 29.22 32.71 -19.85 29.34 32.65 -19.35 29.9 32.34 -20.23 28.6
5 24 32.15 -19.85 29.22 32.34 -20.23 28.6 32.78 -20.23 28.69 31.62 -19.85 28.99
4 16 32.55 -20.48 27.93 32.34 -20.23 28.6 31.93 -20.23 28.43 32.27 -20.48 27.81
5 24 31.93 -20.23 28.43 32.34 -20.23 28.6 32.15 -19.85 29.22 32.27 -20.48 27.81
5 24 31.93 -20.23 28.43 32.27 -20.48 27.81 32.55 -20.48 27.93 31.56 -20.23 28.17
4 16 32.63 -20.6 27.16 32.27 -20.48 27.81 32.03 -20.48 27.63 32.51 -20.6 27.07
5 24 32.03 -20.48 27.63 32.27 -20.48 27.81 31.93 -20.23 28.43 32.51 -20.6 27.07
5 24 32.03 -20.48 27.63 32.51 -20.6 27.07 32.63 -20.6 27.16 31.82 -20.48 27.42
3 16 36.18 -16.61 29.68 35.25 -16.61 30.4 35.89 -17.36 29.86
5 24 35.25 -16.61 30.4 35.89 -17.36 29.86 36.18 -16.61 29.68 35.15 -17.36 30.37
3 16 35.89 -17.36 29.86 35.25 -16.61 30.4 35.15 -17.36 30.37
5 24 35.25 -16.61 30.4 35.15 -17.36 30.37 35.89 -17.36 29.86 34.33 -17.36 30.73
4 16 35.05 -18.08 30.19 35.15 -17.36 30.37 34.33 -17.36 30.73 34.26 -18.08 30.53
5 24 34.33 -17.36 30.73 35.15 -17.36 30.37 35.25 -16.61 30.4 34.26 -18.08 30.53
5 24 34.26 -18.08 30.53 34.33 -17.36 30.73 33.45 -17.36 30.91 35.05 -18.08 30.19
4 16 34.16 -18.75 30.2 34.26 -18.08 30.53 33.43 -18.08 30.7 33.39 -18.75 30.36
5 24 33.43 -18.08 30.7 34.26 -18.08 30.53 34.33 -17.36 30.73 33.39 -18.75 30.36
5 24 33.39 -18.75 30.36 33.43 -18.08 30.7 32.57 -18.08 30.7 34.16 -18.75 30.2
4 16 33.35 -19.35 29.9 33.39 -18.75 30.36 32.61 -18.75 30.36 32.65 -19.35 29.9
5 24 32.61 -18.75 30.36 33.39 -18.75 30.36 33.43 -18.08 30.7 32.65 -19.35 29.9
5 24 32.65 -19.35 29.9 32.61 -18.75 30.36 31.84 -18.75 30.2 33.35 -19.35 29.9
4 16 32.71 -19.85 29.34 32.65 -19.35 29.9 31.98 -19.35 29.76 32.15 -19.85 29.22
5 24 32.65 -19.35 29.9 31.98 -19.35 29.76 32.15 -19.85 29.22 32.61 -18.75 30.36
5 24 32.15 -19.85 29.22 31.98 -19.35 29.76 31.34 -19.35 29.49 32.71 -19.85 29.34
4 16 32.34 -20.23 28.6 32.15 -19.85 29.22 31.62 -19.85 28.99 31.93 -20.23 28.43
5 24 32.15 -19.85 29.22 31.62 -19.85 28.99 31.93 -20.23 28.43 31.98 -19.35 29.76
5 24 31.93 -20.23 28.43 31.62 -19.85 28.99 31.14 -19.85 28.66 32.34 -20.23 28.6
4 16 32.27 -20.48 27.81 31.93 -20.23 28.43 31.56 -20.23 28.17 32.03 -20.48 27.63
5 24 31.93 -20.23 28.43 31.56 -20.23 28.17 32.03 -20.48 27.63 31.62 -19.85 28.99
5 24 32.03 -20.48 27.63 31.56 -20.23 28.17 31.26 -20.23 27.85 32.27 -20.48 27.81
4 16 32.51 -20.6 27.07 32.03 -20.48 27.63 31.82 -20.48 27.42 32.41 -20.6 26.96
5 24 32.03 -20.48 27.63 31.82 -20.48 27.42 32.41 -20.6 26.96 31.56 -20.23 28.17
5 24 32.41 -20.6 26.96 31.82 -20.48 27.42 31.66 -20.48 27.16 32.51 -20.6 27.07
3 16 35.15 -17.36 30.37 35.25 -16.61 30.4 34.33 -17.36 30.73
5 24 35.25 -16.61 30.4 34.33 -17.36 30.73 35.15 -17.36 30.37 34.16 -16.61 30.85
3 16 34.33 -17.36 30.73 35.25 -16.61 30.4 34.16 -16.61 30.85
5 24 34.16 -16.61 30.85 34.33 -17.36 30.73 35.25 -16.61 30.4 33.45 -17.36 30.91
3 16 34.33 -17.36 30.73 34.16 -16.61 30.85 33.45 -17.36 30.91
5 24 34.16 -16.61 30.85 33.45 -17.36 30.91 34.33 -17.36 30.73 33 -16.61 31
5 24 33.45 -17.36 30.91 34.33 -17.36 30.73 34.16 -16.61 30.85 33.43 -18.08 30.7
3 16 33.45 -17.36 30.91 34.16 -16.61 30.85 33 -16.61 31
5 24 33 -16.61 31 33.45 -17.36 30.91 34.16 -16.61 30.85 32.55 -17.36 30.91
3 16 33.45 -17.36 30.91 33 -16.61 31 32.55 -17.36 30.91
5 24 33 -16.61 31 32.55 -17.36 30.91 33.45 -17.36 30.91 31.84 -16.61 30.85
5 24 32.55 -17.36 30.91 33.45 -17.36 30.91 33 -16.61 31 32.57 -18.08 30.7
3 16 32.55 -17.36 30.91 33 -16.61 31 31.84 -16.61 30.85
5 24 31.84 -16.61 30.85 32.55 -17.36 30.91 33 -16.61 31 31.67 -17.36 30.73
3 16 32.55 -17.36 30.91 31.84 -16.61 30.85 31.67 -17.36 30.73
5 24 31.84 -16.61 30.85 31.67 -17.36 30.73 32.55 -17.36 30.91 30.75 -16.61 30.4
5 24 31.67 -17.36 30.73 32.55 -17.36 30.91 31.84 -16.61 30.85 31.74 -18.08 30.53
3 16 31.67 -17.36 30.73 31.84 -16.61 30.85 30.75 -16.61 30.4
5 24 30.75 -16.61 30.4 31.67 -17.36 30.73 31.84 -16.61 30.85 30.85 -17.36 30.37
3 16 31.67 -17.36 30.73 30.75 -16.61 30.4 30.85 -17.36 30.37
5 24 30.75 -16.61 30.4 30.85 -17.36 30.37 31.67 -17.36 30.73 30.11 -17.36 29.86
5 24 30.85 -17.36 30.37 31.67 -17.36 30.73 30.75 -16.61 30.4 30.95 -18.08 30.19
3 16 30.85 -17.36 30.37 30.75 -16.61 30.4 30.11 -17.36 29.86
5 24 30.75 -16.61 30.4 30.11 -17.36 29.86 30.85 -17.36 30.37 29.82 -16.61 29.68
5 24 30.11 -17.36 29.86 30.85 -17.36 30.37 30.75 -16.61 30.4 30.25 -18.08 29.7
4 16 30.85 -17.36 30.37 30.11 -17.36 29.86 30.25 -18.08 29.7 30.95 -18.08 30.19
5 24 30.11 -17.36 29.86 30.25 -18.08 29.7 30.95 -18.08 30.19 29.5 -17.36 29.21
5 24 30.95 -18.08 30.19 30.25 -18.08 29.7 30.47 -18.75 29.44 30.85 -17.36 30.37
5 24 30.95 -18.08 30.19 30.85 -17.36 30.37 30.11 -17.36 29.86 31.74 -18.08 30.53
4 16 30.25 -18.08 29.7 30.11 -17.36 29.86 29.5 -17.36 29.21 29.66 -18.08 29.08
5 24 29.5 -17.36 29.21 30.11 -17.36 29.86 29.82 -16.61 29.68 29.66 -18.08 29.08
5 24 29.5 -17.36 29.21 29.66 -18.08 29.08 30.25 -18.08 29.7 29.02 -17.36 28.45
5 24 29.66 -18.08 29.08 30.25 -18.08 29.7 30.11 -17.36 29.86 29.93 -18.75 28.87
4 16 30.25 -18.08 29.7 29.66 -18.08 29.08 29.93 -18.75 28.87 30.47 -18.75 29.44
5 24 29.66 -18.08 29.08 29.93 -18.75 28.87 30.47 -18.75 29.44 29.21 -18.08 28.36
5 24 30.47 -18.75 29.44 29.93 -18.75 28.87 30.3 -19.35 28.59 30.25 -18.08 29.7
5 24 30.47 -18.75 29.44 30.25 -18.08 29.7 29.66 -18.08 29.08 31.12 -18.75 29.89
4 16 29.93 -18.75 28.87 29.66 -18.08 29.08 29.21 -18.08 28.36 29.52 -18.75 28.21
5 24 29.21 -18.08 28.36 29.66 -18.08 29.08 29.5 -17.36 29.21 29.52 -18.75 28.21
5 24 29.52 -18.75 28.21 29.93 -18.75 28.87 29.66 -18.08 29.08 29.93 -19.35 28
4 16 29.93 -18.75 28.87 29.52 -18.75 28.21 29.93 -19.35 28 30.3 -19.35 28.59
5 24 30.3 -19.35 28.59 29.93 -19.35 28 30.44 -19.85 27.76 29.93 -18.75 28.87
5 24 30.3 -19.35 28.59 29.93 -18.75 28.87 29.52 -18.75 28.21 30.77 -19.35 29.09
3 16 30.75 -16.61 30.4 29.82 -16.61 29.68 30.11 -17.36 29.86
5 24 29.82 -16.61 29.68 30.11 -17.36 29.86 30.75 -16.61 30.4 29.5 -17.36 29.21
3 16 30.11 -17.36 29.86 29.82 -16.61 29.68 29.5 -17.36 29.21
5 24 29.82 -16.61 29.68 29.5 -17.36 29.21 30.11 -17.36 29.86 29.1 -16.61 28.75
4 16 29.66 -18.08 29.08 29.5 -17.36 29.21 29.02 -17.36 28.45 29.21 -18.08 28.36
5 24 29.02 -17.36 28.45 29.5 -17.36 29.21 29.1 -16.61 28.75 29.21 -18.08 28.36
3 16 29.82 -16.61 29.68 29.1 -16.61 28.75 29.5 -17.36 29.21
5 24 29.1 -16.61 28.75 29.5 -17.36 29.21 29.82 -16.61 29.68 29.02 -17.36 28.45
3 16 29.5 -17.36 29.21 29.1 -16.61 28.75 29.02 -17.36 28.45
5 24 29.1 -16.61 28.75 29.02 -17.36 28.45 29.5 -17.36 29.21 28.65 -16.61 27.66
3 16 29.1 -16.61 28.75 28.65 -16.61 27.66 29.02 -17.36 28.45
4 16 31.55 -20.48 26.87 30.87 -20.23 27.05 30.8 -20.23 26.61 31.51 -20.48 26.58
5 24 30.87 -20.23 27.05 30.8 -20.23 26.61 31.51 -20.48 26.58 30.24 -19.85 27.21
4 16 30.87 -20.23 27.05 30.24 -19.85 27.21 30.15 -19.85 26.64 30.8 -20.23 26.61
5 24 30.24 -19.85 27.21 30.15 -19.85 26.64 30.8 -20.23 26.61 29.69 -19.35 27.36
4 16 30.24 -19.85 27.21 29.69 -19.35 27.36 29.59 -19.35 26.67 30.15 -19.85 26.64
5 24 29.69 -19.35 27.36 29.59 -19.35 26.67 30.15 -19.85 26.64 29.25 -18.75 27.47
4 16 29.69 -19.35 27.36 29.25 -18.75 27.47 29.13 -18.75 26.7 29.59 -19.35 26.67
5 24 29.25 -18.75 27.47 29.13 -18.75 26.7 29.59 -19.35 26.67 28.92 -18.08 27.56
4 16 29.25 -18.75 27.47 28.92 -18.08 27.56 28.79 -18.08 26.71 29.13 -18.75 26.7
5 24 28.92 -18.08 27.56 28.79 -18.08 26.71 29.13 -18.75 26.7 28.71 -17.36 27.61
4 16 28.92 -18.08 27.56 28.71 -17.36 27.61 28.58 -17.36 26.72 28.79 -18.08 26.71
4 16 31.66 -20.48 27.16 32.32 -20.6 26.83 32.41 -20.6 26.96 31.82 -20.48 27.42
5 24 31.82 -20.48 27.42 31.66 -20.48 27.16 32.32 -20.6 26.83 31.26 -20.23 27.85
4 16 31.02 -20.23 27.47 31.66 -20.48 27.16 31.82 -20.48 27.42 31.26 -20.23 27.85
5 24 31.82 -20.48 27.42 31.26 -20.23 27.85 31.02 -20.23 27.47 32.03 -20.48 27.63
5 24 31.26 -20.23 27.85 31.02 -20.23 27.47 31.66 -20.48 27.16 30.74 -19.85 28.25
4 16 31.26 -20.23 27.85 31.82 -20.48 27.42 32.03 -20.48 27.63 31.56 -20.23 28.17
5 24 31.56 -20.23 28.17 31.26 -20.23 27.85 31.82 -20.48 27.42 31.14 -19.85 28.66
4 16 30.44 -19.85 27.76 31.02 -20.23 27.47 31.26 -20.23 27.85 30.74 -19.85 28.25
5 24 31.26 -20.23 27.85 30.74 -19.85 28.25 30.44 -19.85 27.76 31.56 -20.23 28.17
5 24 30.74 -19.85 28.25 30.44 -19.85 27.76 31.02 -20.23 27.47 30.3 -19.35 28.59
4 16 30.74 -19.85 28.25 31.26 -20.23 27.85 31.56 -20.23 28.17 31.14 -19.85 28.66
5 24 31.56 -20.23 28.17 31.14 -19.85 28.66 30.74 -19.85 28.25 31.93 -20.23 28.43
5 24 31.14 -19.85 28.66 30.74 -19.85 28.25 31.26 -20.23 27.85 30.77 -19.35 29.09
4 16 31.14 -19.85 28.66 31.56 -20.23 28.17 31.93 -20.23 28.43 31.62 -19.85 28.99
5 24 31.62 -19.85 28.99 31.14 -19.85 28.66 31.56 -20.23 28.17 31.34 -19.35 29.49
4 16 29.93 -19.35 28 30.44 -19.85 27.76 30.74 -19.85 28.25 30.3 -19.35 28.59
5 24 30.74 -19.85 28.25 30.3 -19.35 28.59 29.93 -19.35 28 31.14 -19.85 28.66
4 16 30.3 -19.35 28.59 30.74 -19.85 28.25 31.14 -19.85 28.66 30.77 -19.35 29.09
5 24 31.14 -19.85 28.66 30.77 -19.35 29.09 30.3 -19.35 28.59 31.62 -19.85 28.99
5 24 30.77 -19.35 29.09 30.3 -19.35 28.59 30.74 -19.85 28.25 30.47 -18.75 29.44
4 16 30.77 -19.35 29.09 31.14 -19.85 28.66 31.62 -19.85 28.99 31.34 -19.35 29.49
5 24 31.62 -19.85 28.99 31.34 -19.35 29.49 30.77 -19.35 29.09 32.15 -19.85 29.22
5 24 31.34 -19.35 29.49 30.77 -19.35 29.09 31.14 -19.85 28.66 31.12 -18.75 29.89
4 16 31.34 -19.35 29.49 31.62 -19.85 28.99 32.15 -19.85 29.22 31.98 -19.35 29.76
5 24 31.98 -19.35 29.76 31.34 -19.35 29.49 31.62 -19.85 28.99 31.84 -18.75 30.2
4 16 29.93 -18.75 28.87 30.3 -19.35 28.59 30.77 -19.35 29.09 30.47 -18.75 29.44
5 24 30.77 -19.35 29.09 30.47 -18.75 29.44 29.93 -18.75 28.87 31.34 -19.35 29.49
4 16 30.25 -18.08 29.7 30.47 -18.75 29.44 31.12 -18.75 29.89 30.95 -18.08 30.19
5 24 31.12 -18.75 29.89 30.47 -18.75 29.44 30.77 -19.35 29.09 30.95 -18.08 30.19
5 24 31.12 -18.75 29.89 30.95 -18.08 30.19 30.25 -18.08 29.7 31.84 -18.75 30.2
4 16 30.85 -17.36 30.37 30.95 -18.08 30.19 31.74 -18.08 30.53 31.67 -17.36 30.73
5 24 31.74 -18.08 30.53 30.95 -18.08 30.19 31.12 -18.75 29.89 31.67 -17.36 30.73
5 24 31.74 -18.08 30.53 31.67 -17.36 30.73 30.85 -17.36 30.37 32.57 -18.08 30.7
4 16 30.47 -18.75 29.44 30.77 -19.35 29.09 31.34 -19.35 29.49 31.12 -18.75 29.89
5 24 31.34 -19.35 29.49 31.12 -18.75 29.89 30.47 -18.75 29.44 31.98 -19.35 29.76
4 16 30.95 -18.08 30.19 31.12 -18.75 29.89 31.84 -18.75 30.2 31.74 -18.08 30.53
5 24 31.84 -18.75 30.2 31.12 -18.75 29.89 31.34 -19.35 29.49 31.74 -18.08 30.53
5 24 31.84 -18.75 30.2 31.74 -18.08 30.53 30.95 -18.08 30.19 32.61 -18.75 30.36
4 16 31.67 -17.36 30.73 31.74 -18.08 30.53 32.57 -18.08 30.7 32.55 -17.36 30.91
5 24 32.57 -18.08 30.7 31.74 -18.08 30.53 31.84 -18.75 30.2 32.55 -17.36 30.91
5 24 32.57 -18.08 30.7 32.55 -17.36 30.91 31.67 -17.36 30.73 33.43 -18.08 30.7
4 16 31.12 -18.75 29.89 31.34 -19.35 29.49 31.98 -19.35 29.76 31.84 -18.75 30.2
5 24 31.84 -18.75 30.2 31.98 -19.35 29.76 32.65 -19.35 29.9 31.12 -18.75 29.89
4 16 31.74 -18.08 30.53 31.84 -18.75 30.2 32.61 -18.75 30.36 32.57 -18.08 30.7
5 24 32.61 -18.75 30.36 31.84 -18.75 30.2 31.98 -19.35 29.76 32.57 -18.08 30.7
5 24 32.61 -18.75 30.36 32.57 -18.08 30.7 31.74 -18.08 30.53 33.39 -18.75 30.36
4 16 32.55 -17.36 30.91 32.57 -18.08 30.7 33.43 -18.08 30.7 33.45 -17.36 30.91
5 24 33.43 -18.08 30.7 32.57 -18.08 30.7 32.61 -18.75 30.36 33.45 -17.36 30.91
5 24 33.43 -18.08 30.7 33.45 -17.36 30.91 32.55 -17.36 30.91 34.26 -18.08 30.53
4 16 32.65 -19.35 29.9 32.61 -18.75 30.36 31.84 -18.75 30.2 31.98 -19.35 29.76
4 16 32.57 -18.08 30.7 32.61 -18.75 30.36 33.39 -18.75 30.36 33.43 -18.08 30.7
4 16 33.45 -17.36 30.91 33.43 -18.08 30.7 34.26 -18.08 30.53 34.33 -17.36 30.73
4 16 33.97 -20.48 27.63 33.49 -20.6 27.07 33.59 -20.6 26.96 34.18 -20.48 27.42
5 24 33.59 -20.6 26.96 34.18 -20.48 27.42 33.97 -20.48 27.63 33.68 -20.6 26.83
4 16 34.74 -20.23 27.85 34.18 -20.48 27.42 34.34 -20.48 27.16 34.98 -20.23 27.47
5 24 34.34 -20.48 27.16 34.18 -20.48 27.42 33.59 -20.6 26.96 34.98 -20.23 27.47
5 24 34.34 -20.48 27.16 34.98 -20.23 27.47 34.74 -20.23 27.85 34.45 -20.48 26.87
4 16 35.56 -19.85 27.76 34.98 -20.23 27.47 35.13 -20.23 27.05 35.76 -19.85 27.21
5 24 35.13 -20.23 27.05 34.98 -20.23 27.47 34.34 -20.48 27.16 35.76 -19.85 27.21
5 24 35.13 -20.23 27.05 35.76 -19.85 27.21 35.56 -19.85 27.76 35.2 -20.23 26.61
4 16 36.31 -19.35 27.36 35.76 -19.85 27.21 35.85 -19.85 26.64 36.41 -19.35 26.67
5 24 35.85 -19.85 26.64 35.76 -19.85 27.21 35.13 -20.23 27.05 36.41 -19.35 26.67
4 16 34.18 -20.48 27.42 33.59 -20.6 26.96 33.68 -20.6 26.83 34.34 -20.48 27.16
5 24 33.68 -20.6 26.83 34.34 -20.48 27.16 34.18 -20.48 27.42 33.73 -20.6 26.69
4 16 34.98 -20.23 27.47 34.34 -20.48 27.16 34.45 -20.48 26.87 35.13 -20.23 27.05
5 24 34.45 -20.48 26.87 34.34 -20.48 27.16 33.68 -20.6 26.83 35.13 -20.23 27.05
5 24 34.45 -20.48 26.87 35.13 -20.23 27.05 34.98 -20.23 27.47 34.49 -20.48 26.58
4 16 35.76 -19.85 27.21 35.13 -20.23 27.05 35.2 -20.23 26.61 35.85 -19.85 26.64
5 24 35.2 -20.23 26.61 35.13 -20.23 27.05 34.45 -20.48 26.87 35.85 -19.85 26.64
4 16 34.34 -20.48 27.16 33.68 -20.6 26.83 33.73 -20.6 26.69 34.45 -20.48 26.87
4 16 35.13 -20.23 27.05 34.45 -20.48 26.87 34.49 -20.48 26.58 35.2 -20.23 26.61
4 16 40.63 0.9 18 25.37 0.9 18 25.37 0.9 31 40.63 0.9 31
0
