0 BitBeam Beam  1 Module
0 Name: bbbeam1.dat
0 Author: Philippe Hurbain [Philo]
0 !LDRAW_ORG Unofficial_Primitive
0 !LICENSE Redistributable under CCAL version 2.0 : see CAreadme.txt

0 BFC CERTIFY CCW

1 16 0 -10 0 6.4 0 0 0 1 0 0 0 6.4 4-4edge.dat
1 16 0 -10 0 6.4 0 0 0 1 0 0 0 6.4 4-4ndis.dat
4 16 -6.4 -10 6.4 6.4 -10 6.4 10 -10 10 -10 -10 10
4 16 -6.4 -10 -6.4 -6.4 -10 6.4 -10 -10 10 -10 -10 -10
4 16 6.4 -10 -6.4 -6.4 -10 -6.4 -10 -10 -10 10 -10 -10
4 16 6.4 -10 6.4 6.4 -10 -6.4 10 -10 -10 10 -10 10
0 BFC INVERTNEXT
1 16 0 -10 0 6.4 0 0 0 3.6 0 0 0 6.4 4-4cyli.dat
0 BFC INVERTNEXT
1 16 0 -6.4 0 0 0 6.4 0 6.4 0 -6.4 0 0 1-4cyls.dat
0 BFC INVERTNEXT
1 16 0 -6.4 0 0 0 6.4 0 6.4 0 6.4 0 0 1-4cyls.dat
0 BFC INVERTNEXT
1 16 0 -6.4 0 0 0 -6.4 0 6.4 0 6.4 0 0 1-4cyls.dat
0 BFC INVERTNEXT
1 16 0 -6.4 0 0 0 -6.4 0 6.4 0 -6.4 0 0 1-4cyls.dat
1 16 0 0 10 6.4 0 0 0 0 6.4 0 -1 0 4-4edge.dat
1 16 0 0 10 6.4 0 0 0 0 6.4 0 -1 0 4-4ndis.dat
4 16 -6.4 6.4 10 6.4 6.4 10 10 10 10 -10 10 10
4 16 -6.4 -6.4 10 -6.4 6.4 10 -10 10 10 -10 -10 10
4 16 6.4 -6.4 10 -6.4 -6.4 10 -10 -10 10 10 -10 10
4 16 6.4 6.4 10 6.4 -6.4 10 10 -10 10 10 10 10
0 BFC INVERTNEXT
1 16 0 0 10 6.4 0 0 0 0 6.4 0 -3.6 0 4-4cyli.dat
0 BFC INVERTNEXT
1 16 0 0 6.4 0 0 6.4 -6.4 0 0 0 -6.4 0 1-4cyls.dat
0 BFC INVERTNEXT
1 16 0 0 6.4 0 0 6.4 6.4 0 0 0 -6.4 0 1-4cyls.dat
0 BFC INVERTNEXT
1 16 0 0 6.4 0 0 -6.4 6.4 0 0 0 -6.4 0 1-4cyls.dat
0 BFC INVERTNEXT
1 16 0 0 6.4 0 0 -6.4 -6.4 0 0 0 -6.4 0 1-4cyls.dat
1 16 0 0 -10 6.4 0 0 0 0 -6.4 0 1 0 4-4edge.dat
1 16 0 0 -10 6.4 0 0 0 0 -6.4 0 1 0 4-4ndis.dat
4 16 -6.4 -6.4 -10 6.4 -6.4 -10 10 -10 -10 -10 -10 -10
4 16 -6.4 6.4 -10 -6.4 -6.4 -10 -10 -10 -10 -10 10 -10
4 16 6.4 6.4 -10 -6.4 6.4 -10 -10 10 -10 10 10 -10
4 16 6.4 -6.4 -10 6.4 6.4 -10 10 10 -10 10 -10 -10
0 BFC INVERTNEXT
1 16 0 0 -10 6.4 0 0 0 0 -6.4 0 3.6 0 4-4cyli.dat
0 BFC INVERTNEXT
1 16 0 0 -6.4 0 0 6.4 6.4 0 0 0 6.4 0 1-4cyls.dat
0 BFC INVERTNEXT
1 16 0 0 -6.4 0 0 6.4 -6.4 0 0 0 6.4 0 1-4cyls.dat
0 BFC INVERTNEXT
1 16 0 0 -6.4 0 0 -6.4 -6.4 0 0 0 6.4 0 1-4cyls.dat
0 BFC INVERTNEXT
1 16 0 0 -6.4 0 0 -6.4 6.4 0 0 0 6.4 0 1-4cyls.dat
1 16 0 10 0 6.4 0 0 0 -1 0 0 0 -6.4 4-4edge.dat
1 16 0 10 0 6.4 0 0 0 -1 0 0 0 -6.4 4-4ndis.dat
4 16 -6.4 10 -6.4 6.4 10 -6.4 10 10 -10 -10 10 -10
4 16 -6.4 10 6.4 -6.4 10 -6.4 -10 10 -10 -10 10 10
4 16 6.4 10 6.4 -6.4 10 6.4 -10 10 10 10 10 10
4 16 6.4 10 -6.4 6.4 10 6.4 10 10 10 10 10 -10
0 BFC INVERTNEXT
1 16 0 10 0 6.4 0 0 0 -3.6 0 0 0 -6.4 4-4cyli.dat
0 BFC INVERTNEXT
1 16 0 6.4 0 0 0 6.4 0 -6.4 0 6.4 0 0 1-4cyls.dat
0 BFC INVERTNEXT
1 16 0 6.4 0 0 0 6.4 0 -6.4 0 -6.4 0 0 1-4cyls.dat
0 BFC INVERTNEXT
1 16 0 6.4 0 0 0 -6.4 0 -6.4 0 -6.4 0 0 1-4cyls.dat
0 BFC INVERTNEXT
1 16 0 6.4 0 0 0 -6.4 0 -6.4 0 6.4 0 0 1-4cyls.dat
2 24 -10 -10 10 10 -10 10
2 24 -10 -10 -10 10 -10 -10
2 24 -10 10 10 10 10 10
2 24 -10 10 -10 10 10 -10
1 16 0 0 0 6.4 0 0 0 1 6.4 0 0 6.4 4-4edge.dat
1 16 0 0 0 6.4 0 0 0 1 -6.4 0 0 6.4 4-4edge.dat
