0 BitBeam Beam  1 Module 1S
0 Name: bbbeam1s.dat
0 Author: Tomas Feltl (e-Mole.cz)
0 !LDRAW_ORG Unofficial_Primitive

0 BFC CERTIFY CCW

1 16 0 -10 0 6.4 0 0 0 1 0 0 0 6.4 4-4edge.dat
1 16 0 -10 0 6.4 0 0 0 1 0 0 0 6.4 4-4ndis.dat

4 16 -6.4 -10 6.4 6.4 -10 6.4 10 -10 10 -10 -10 10
4 16 -6.4 -10 -6.4 -6.4 -10 6.4 -10 -10 10 -10 -10 -10
4 16 6.4 -10 -6.4 -6.4 -10 -6.4 -10 -10 -10 10 -10 -10
4 16 6.4 -10 6.4 6.4 -10 -6.4 10 -10 -10 10 -10 10

1 16 0 10 0 6.4 0 0 0 -1 0 0 0 -6.4 4-4edge.dat
1 16 0 10 0 6.4 0 0 0 -1 0 0 0 -6.4 4-4ndis.dat

4 16 -6.4 10 -6.4 6.4 10 -6.4 10 10 -10 -10 10 -10
4 16 -6.4 10 6.4 -6.4 10 -6.4 -10 10 -10 -10 10 10
4 16 6.4 10 6.4 -6.4 10 6.4 -10 10 10 10 10 10
4 16 6.4 10 -6.4 6.4 10 6.4 10 10 10 10 10 -10

2 24 10 10 10 10 -10 10
2 24 -10 10 10 -10 -10 10
2 24 10 10 -10 10 -10 -10
2 24 -10 10 -10 -10 -10 -10

0 BFC INVERTNEXT
1 16 0 -10 0 0 0 6.4 0 20 0 6.4 0 0 4-4cyli.dat